M_loss: 8, M_sym: 4300.0, M_power: 9000, M_bandwidth: 22.3872113856834
0.006647
0.002346
-0.001500
0.002708
0.001904
0.004578
0.006490
0.002167
0.005594
0.002254
0.001414
0.000457
0.000484
0.000067
0.000279
-0.001266
0.001935
0.001091
0.001513
0.003706
0.001469
0.005969
0.004578
-0.000699
0.001520
0.004136
0.001633
0.000525
0.001474
0.003316
0.002534
0.001729
0.001960
0.003054
0.001616
0.005353
0.002916
0.002907
0.002616
0.004651
0.001840
0.002832
0.002344
0.003494
0.006687
0.002849
0.002936
0.002395
0.002535
0.002014
0.000988
0.001609
0.001194
0.004678
0.004978
0.001228
0.002616
0.002906
0.001740
0.003855
0.004046
0.000413
0.003685
0.003471
0.001636
0.003849
0.001095
0.001610
0.001647
0.002415
0.001007
0.002793
0.004076
0.000880
0.003774
0.002633
0.004440
0.004598
0.001708
0.002810
0.004322
0.001801
0.001020
0.003598
0.002384
0.000698
0.001770
0.001401
0.002186
0.005208
0.001580
0.004390
0.002619
0.002550
0.001086
0.001789
0.002498
0.000484
0.003362
0.002042
0.001308
0.002026
0.000797
0.002619
0.001060
0.002694
0.001576
0.000192
0.004610
0.003519
-0.000028
0.003052
0.001918
0.001747
0.002600
0.002978
0.002353
0.001320
0.001256
0.003039
0.002473
0.000511
0.001425
0.003224
-0.000315
0.001262
-0.000902
0.004036
0.001971
0.001547
0.001880
0.000661
0.003053
0.003218
-0.000397
0.000917
-0.001030
0.001609
0.001957
0.001872
0.000655
0.002472
0.000918
0.002322
0.002512
0.002625
0.001736
0.000899
0.000757
0.001155
-0.000137
0.001428
0.000539
0.000340
0.001494
0.000164
0.002728
0.002061
0.001891
0.002035
0.003434
0.001186
0.000199
-0.001558
0.000149
0.002577
0.003046
0.002210
0.000306
-0.000013
-0.000538
-0.001023
0.001083
0.001139
0.001250
0.001580
-0.000779
-0.001447
0.000127
-0.001011
0.000903
0.002232
-0.000042
-0.002364
0.001864
0.001347
0.000307
-0.000442
0.000851
-0.000143
0.000130
-0.000278
0.000406
0.002145
-0.001111
0.000587
-0.000202
-0.000162
-0.001499
-0.000435
-0.000854
-0.000948
-0.000733
0.000461
-0.001530
-0.002152
-0.000921
-0.000915
-0.002486
-0.001190
-0.001343
-0.000172
-0.000728
-0.000081
-0.002562
0.000167
-0.000723
-0.002415
-0.001053
-0.003076
-0.000396
-0.004871
-0.003040
-0.004542
-0.000172
0.000422
-0.002847
-0.000264
-0.001496
-0.003696
-0.002391
-0.001177
-0.002380
-0.003032
-0.002846
-0.003903
-0.002758
-0.003034
-0.004806
-0.000285
-0.003034
-0.001255
-0.004533
-0.003945
-0.005071
-0.004274
-0.003231
-0.005208
-0.003374
-0.001454
-0.003592
-0.004733
-0.003258
-0.003041
-0.004685
-0.002818
-0.008417
-0.004785
-0.005716
-0.005340
-0.006661
-0.007768
-0.006383
-0.006307
-0.005349
-0.003833
-0.006369
-0.006849
-0.005007
-0.005820
-0.003489
-0.005563
-0.006102
-0.007931
-0.006378
-0.007807
-0.008216
-0.008758
-0.008048
-0.006714
-0.010660
-0.005396
-0.008391
-0.010712
-0.004631
-0.010202
-0.008835
-0.008511
-0.008972
-0.009326
-0.012316
-0.011748
-0.009399
-0.010145
-0.010669
-0.011336
-0.010647
-0.012789
-0.011064
-0.010541
-0.013102
-0.011133
-0.014599
-0.010278
-0.011116
-0.010686
-0.012589
-0.011457
-0.012547
-0.011635
-0.012710
-0.017013
-0.015544
-0.012474
-0.016503
-0.014296
-0.016359
-0.013780
-0.014708
-0.014536
-0.012750
-0.016678
-0.014429
-0.015742
-0.015491
-0.016417
-0.019501
-0.017647
-0.018132
-0.016718
-0.019219
-0.018410
-0.017072
-0.018279
-0.013374
-0.017941
-0.021032
-0.017926
-0.018706
-0.017422
-0.019529
-0.018747
-0.020526
-0.019332
-0.021342
-0.020579
-0.022133
-0.020670
-0.021239
-0.022249
-0.023398
-0.019520
-0.022388
-0.021798
-0.024054
-0.020915
-0.023011
-0.022680
-0.021840
-0.024068
-0.022933
-0.023726
-0.025155
-0.024317
-0.025684
-0.024657
-0.025456
-0.025559
-0.024616
-0.025811
-0.030959
-0.027953
-0.024419
-0.026338
-0.026216
-0.026828
-0.025222
-0.029035
-0.026644
-0.025378
-0.030663
-0.029649
-0.028882
-0.031063
-0.029172
-0.031463
-0.029887
-0.029286
-0.032910
-0.034237
-0.029084
-0.028259
-0.027600
-0.029614
-0.034165
-0.034631
-0.032292
-0.034955
-0.033541
-0.033402
-0.033110
-0.033340
-0.036875
-0.035739
-0.036360
-0.036145
-0.032964
-0.034125
-0.033981
-0.037813
-0.041012
-0.034607
-0.036027
-0.038404
-0.037168
-0.036003
-0.039588
-0.037742
-0.038182
-0.039529
-0.040424
-0.036974
-0.039095
-0.041807
-0.040116
-0.041535
-0.040160
-0.041244
-0.045082
-0.043198
-0.041609
-0.041534
-0.045378
-0.046787
-0.041462
-0.045148
-0.046213
-0.045131
-0.047469
-0.049291
-0.042902
-0.047060
-0.046492
-0.043886
-0.047490
-0.045990
-0.047972
-0.049997
-0.050128
-0.050752
-0.050192
-0.049256
-0.047419
-0.049237
-0.051398
-0.054475
-0.052768
-0.051244
-0.051270
-0.050163
-0.051689
-0.054306
-0.054915
-0.054953
-0.056198
-0.052717
-0.055892
-0.056628
-0.056021
-0.053740
-0.057633
-0.059497
-0.057649
-0.057574
-0.059304
-0.058648
-0.056989
-0.058396
-0.061162
-0.061525
-0.060682
-0.059275
-0.058987
-0.061703
-0.060913
-0.063787
-0.063137
-0.065026
-0.063577
-0.065952
-0.064312
-0.065702
-0.067652
-0.064612
-0.064756
-0.066517
-0.063981
-0.067526
-0.064548
-0.068459
-0.066276
-0.070456
-0.069629
-0.067782
-0.070465
-0.071503
-0.070288
-0.070843
-0.072126
-0.075037
-0.074277
-0.072825
-0.073057
-0.076683
-0.072136
-0.070687
-0.076349
-0.074349
-0.076958
-0.072785
-0.076237
-0.079574
-0.076912
-0.080895
-0.077462
-0.078662
-0.082585
-0.080158
-0.079776
-0.079866
-0.083766
-0.081174
-0.083060
-0.084061
-0.083323
-0.083504
-0.082865
-0.083050
-0.081957
-0.083168
-0.083656
-0.085669
-0.086614
-0.085445
-0.087348
-0.089782
-0.085696
-0.092028
-0.089230
-0.090913
-0.091700
-0.089469
-0.089193
-0.088232
-0.092220
-0.091474
-0.096203
-0.093732
-0.095953
-0.095184
-0.091075
-0.094817
-0.094184
-0.097480
-0.098832
-0.093947
-0.095321
-0.094986
-0.097654
-0.102282
-0.099091
-0.098843
-0.099658
-0.098296
-0.100435
-0.101703
-0.104705
-0.099647
-0.104875
-0.102226
-0.100559
-0.105633
-0.104374
-0.102730
-0.103869
-0.105439
-0.106229
-0.106381
-0.110421
-0.110916
-0.108009
-0.109349
-0.110619
-0.112429
-0.109294
-0.108980
-0.112547
-0.112363
-0.107806
-0.111287
-0.112614
-0.114046
-0.115909
-0.113830
-0.115130
-0.115960
-0.115234
-0.115447
-0.115852
-0.116067
-0.117209
-0.117359
-0.118692
-0.120947
-0.121624
-0.120664
-0.120872
-0.121434
-0.119968
-0.119376
-0.125744
-0.124589
-0.123065
-0.122372
-0.126545
-0.123632
-0.126103
-0.126193
-0.127951
-0.128121
-0.128037
-0.127205
-0.126631
-0.128795
-0.128470
-0.129754
-0.129592
-0.131478
-0.130421
-0.128949
-0.134297
-0.127839
-0.133064
-0.135897
-0.133831
-0.136218
-0.133573
-0.134704
-0.138315
-0.136573
-0.135441
-0.140081
-0.134330
-0.138278
-0.138435
-0.138897
-0.136834
-0.140869
-0.140682
-0.140475
-0.141165
-0.140122
-0.139931
-0.142821
-0.142581
-0.146315
-0.145416
-0.143563
-0.141479
-0.146965
-0.146675
-0.146529
-0.149382
-0.149637
-0.147412
-0.148323
-0.146465
-0.148908
-0.147426
-0.152351
-0.148401
-0.150611
-0.153477
-0.151588
-0.152675
-0.148768
-0.152317
-0.153344
-0.152431
-0.156011
-0.153694
-0.155632
-0.155016
-0.156260
-0.155995
-0.157563
-0.156694
-0.157162
-0.157817
-0.157275
-0.157956
-0.158281
-0.156879
-0.160294
-0.162598
-0.159988
-0.160716
-0.164527
-0.165129
-0.165200
-0.161904
-0.164294
-0.167730
-0.165231
-0.161187
-0.163141
-0.166856
-0.168840
-0.163440
-0.164967
-0.165977
-0.162910
-0.165752
-0.168093
-0.166381
-0.167445
-0.169078
-0.167731
-0.174088
-0.170947
-0.168112
-0.170747
-0.171923
-0.168080
-0.175141
-0.172579
-0.171884
-0.174584
-0.172113
-0.171003
-0.176692
-0.177737
-0.173574
-0.176729
-0.175378
-0.174642
-0.175119
-0.176734
-0.177279
-0.172673
-0.176954
-0.178091
-0.178186
-0.178624
-0.180983
-0.179277
-0.177277
-0.181743
-0.179267
-0.181051
-0.179622
-0.182417
-0.183044
-0.183219
-0.183358
-0.181597
-0.181716
-0.186053
-0.180107
-0.181951
-0.186178
-0.183249
-0.183945
-0.186718
-0.184087
-0.186791
-0.189781
-0.185535
-0.185657
-0.186671
-0.187960
-0.188046
-0.187196
-0.189804
-0.187953
-0.187694
-0.192255
-0.191353
-0.189292
-0.190486
-0.192124
-0.187990
-0.187850
-0.187993
-0.188173
-0.190249
-0.194831
-0.189567
-0.195145
-0.191683
-0.192740
-0.194356
-0.195823
-0.193219
-0.195554
-0.193111
-0.189779
-0.191553
-0.196588
-0.193357
-0.196371
-0.193798
-0.192684
-0.196179
-0.197660
-0.195104
-0.198298
-0.192716
-0.195948
-0.199948
-0.197087
-0.194125
-0.198101
-0.199267
-0.199498
-0.196889
-0.196730
-0.197061
-0.192989
-0.198265
-0.196249
-0.197358
-0.201232
-0.197374
-0.199494
-0.192467
-0.198667
-0.199496
-0.197186
-0.198767
-0.197314
-0.199334
-0.201271
-0.200621
-0.197819
-0.201399
-0.199977
-0.197892
-0.202904
-0.197993
-0.201481
-0.198617
-0.196532
-0.203078
-0.200970
-0.201013
-0.199884
-0.199938
-0.196566
-0.203672
-0.198952
-0.201581
-0.201732
-0.198926
-0.202415
-0.200260
-0.199738
-0.199465
-0.194496
-0.194231
-0.199106
-0.199190
-0.200105
-0.201206
-0.198884
-0.198492
-0.202922
-0.199775
-0.198820
-0.200144
-0.200338
-0.200016
-0.196722
-0.195328
-0.197180
-0.203423
-0.199010
-0.197170
-0.202871
-0.200684
-0.197540
-0.202921
-0.200732
-0.198156
-0.197410
-0.197025
-0.199144
-0.198457
-0.196698
-0.199138
-0.201103
-0.195859
-0.198062
-0.197291
-0.193910
-0.193421
-0.197083
-0.197596
-0.198130
-0.195305
-0.196530
-0.194698
-0.193455
-0.197582
-0.191840
-0.195898
-0.196273
-0.196669
-0.192706
-0.195789
-0.194084
-0.194110
-0.196979
-0.193794
-0.195735
-0.195520
-0.193944
-0.193665
-0.188526
-0.190166
-0.190969
-0.194341
-0.192894
-0.190658
-0.190086
-0.196444
-0.193012
-0.187519
-0.187733
-0.189321
-0.190490
-0.184135
-0.187963
-0.187144
-0.183621
-0.183114
-0.188567
-0.186045
-0.181095
-0.187019
-0.187553
-0.185896
-0.181571
-0.181963
-0.183097
-0.185510
-0.187984
-0.183548
-0.178425
-0.180419
-0.179410
-0.177141
-0.179518
-0.180669
-0.177503
-0.181964
-0.174623
-0.174877
-0.177581
-0.174602
-0.175642
-0.175168
-0.176038
-0.176376
-0.175619
-0.175180
-0.169725
-0.169439
-0.173012
-0.169502
-0.171086
-0.165448
-0.169207
-0.168440
-0.166957
-0.166619
-0.167830
-0.170456
-0.166702
-0.165689
-0.165155
-0.164013
-0.165941
-0.166867
-0.159986
-0.160095
-0.155617
-0.158733
-0.157881
-0.158437
-0.160426
-0.158794
-0.156347
-0.161433
-0.161148
-0.157277
-0.153220
-0.155086
-0.157466
-0.154802
-0.152531
-0.150602
-0.152146
-0.145474
-0.147570
-0.147773
-0.147799
-0.148362
-0.146384
-0.145724
-0.149754
-0.141404
-0.146443
-0.142826
-0.140773
-0.141959
-0.139952
-0.138746
-0.138422
-0.143173
-0.137532
-0.134415
-0.136141
-0.135636
-0.133644
-0.134751
-0.132664
-0.128318
-0.130514
-0.133969
-0.133840
-0.127749
-0.128003
-0.123993
-0.125945
-0.126913
-0.126645
-0.128600
-0.120755
-0.122928
-0.119332
-0.117191
-0.117503
-0.114125
-0.110582
-0.112504
-0.116465
-0.114093
-0.112440
-0.113632
-0.108308
-0.114707
-0.102931
-0.113669
-0.109795
-0.104804
-0.108524
-0.101938
-0.102257
-0.102592
-0.099476
-0.098107
-0.095677
-0.096115
-0.095577
-0.091785
-0.091778
-0.096157
-0.090838
-0.090733
-0.087860
-0.087277
-0.087882
-0.084116
-0.086307
-0.086907
-0.087764
-0.083139
-0.081377
-0.084047
-0.085219
-0.079799
-0.078372
-0.070180
-0.073806
-0.076025
-0.070611
-0.062297
-0.064637
-0.070678
-0.064996
-0.063734
-0.063809
-0.063185
-0.058197
-0.062886
-0.056517
-0.056804
-0.058003
-0.052670
-0.055847
-0.048834
-0.059078
-0.049638
-0.052158
-0.048017
-0.045590
-0.046982
-0.044776
-0.042666
-0.041653
-0.043023
-0.038137
-0.040151
-0.041985
-0.039156
-0.036450
-0.031408
-0.029832
-0.026414
-0.028374
-0.031177
-0.024985
-0.021732
-0.018903
-0.025143
-0.015025
-0.016658
-0.016219
-0.022210
-0.017965
-0.016708
-0.012728
-0.008769
-0.011374
-0.006174
-0.001244
-0.005707
-0.004799
-0.004366
0.001462
0.002064
-0.001124
0.001865
0.009874
0.008410
0.001777
0.011394
0.010792
0.006870
0.012811
0.012492
0.019076
0.018095
0.027212
0.022186
0.020178
0.025906
0.025556
0.024484
0.037466
0.025026
0.034593
0.028353
0.032852
0.033401
0.037684
0.043957
0.043207
0.043890
0.044728
0.049457
0.058216
0.047752
0.049751
0.049921
0.061551
0.056151
0.054530
0.058070
0.059442
0.065853
0.073156
0.066587
0.068572
0.073929
0.075175
0.076235
0.069971
0.074878
0.080325
0.079506
0.083193
0.087706
0.086328
0.084388
0.091374
0.090899
0.094007
0.096939
0.096579
0.092978
0.105036
0.109088
0.107042
0.100768
0.107518
0.107540
0.112954
0.111480
0.112594
0.117269
0.113649
0.115972
0.121278
0.125715
0.122660
0.133201
0.128803
0.126919
0.133177
0.136882
0.135429
0.141898
0.145523
0.139626
0.148256
0.146995
0.149641
0.151386
0.150832
0.154757
0.154069
0.152771
0.152311
0.160606
0.155872
0.164256
0.163121
0.169119
0.168244
0.170129
0.173689
0.170876
0.180985
0.180113
0.179839
0.187299
0.182414
0.186055
0.187377
0.185358
0.195021
0.194233
0.195692
0.198108
0.202445
0.201880
0.210976
0.203053
0.208805
0.207867
0.214168
0.209217
0.215468
0.218523
0.215965
0.224238
0.231587
0.215677
0.232676
0.228906
0.231698
0.243660
0.233710
0.232184
0.240360
0.237732
0.242473
0.247951
0.249132
0.252846
0.254430
0.253990
0.254217
0.257496
0.256094
0.257670
0.260244
0.267648
0.266109
0.270089
0.273387
0.275441
0.280720
0.273793
0.279422
0.284095
0.281777
0.288305
0.289510
0.293189
0.290289
0.295009
0.299050
0.304849
0.304676
0.302433
0.299878
0.309917
0.302209
0.312737
0.312874
0.314071
0.319209
0.313644
0.323176
0.320003
0.325319
0.325853
0.324681
0.332829
0.334169
0.329426
0.335335
0.345915
0.339712
0.347001
0.342036
0.348186
0.351138
0.356586
0.355088
0.354402
0.363822
0.357760
0.369095
0.366263
0.370319
0.366279
0.372240
0.371200
0.377204
0.375779
0.382293
0.378716
0.390077
0.384441
0.390018
0.385713
0.387987
0.390699
0.394997
0.396378
0.400091
0.401320
0.408185
0.410621
0.402069
0.409121
0.415225
0.415637
0.418326
0.420719
0.424778
0.425028
0.429059
0.421218
0.435393
0.436132
0.438239
0.433310
0.439754
0.444168
0.444094
0.447867
0.448716
0.449893
0.450205
0.450566
0.453874
0.464544
0.461779
0.456343
0.464071
0.462596
0.465890
0.461204
0.470181
0.473789
0.474731
0.481448
0.482503
0.477830
0.483994
0.475679
0.491700
0.490650
0.494504
0.498036
0.497572
0.497510
0.504544
0.500671
0.499766
0.508419
0.509148
0.521703
0.518890
0.511542
0.521634
0.516499
0.524778
0.519752
0.514102
0.529697
0.529250
0.528974
0.532721
0.536751
0.541906
0.532704
0.537973
0.542227
0.557895
0.547734
0.547034
0.548034
0.554153
0.553407
0.554775
0.554167
0.561361
0.566775
0.571532
0.571004
0.569860
0.573975
0.568625
0.573623
0.581447
0.574720
0.581382
0.589115
0.579168
0.589210
0.581570
0.597157
0.591786
0.597211
0.597819
0.596360
0.604376
0.605143
0.599456
0.605896
0.603214
0.614973
0.613225
0.620451
0.615094
0.618497
0.628706
0.623977
0.616254
0.628872
0.628836
0.627781
0.637152
0.635577
0.626281
0.641597
0.637315
0.640759
0.636679
0.641131
0.649316
0.652027
0.648896
0.649184
0.653869
0.658406
0.661700
0.653166
0.663147
0.666599
0.662451
0.664985
0.674519
0.666626
0.680419
0.676219
0.671773
0.681623
0.678700
0.673933
0.678555
0.692125
0.693099
0.692703
0.697956
0.694740
0.693145
0.697091
0.698094
0.702389
0.703377
0.706300
0.713721
0.704803
0.706226
0.709616
0.715436
0.714198
0.722849
0.714629
0.721810
0.720739
0.720861
0.718286
0.728401
0.731141
0.718803
0.731317
0.730469
0.733428
0.734780
0.738681
0.746745
0.740861
0.749319
0.748231
0.746277
0.743729
0.751433
0.739821
0.749914
0.755682
0.759381
0.762940
0.751747
0.764899
0.757635
0.768684
0.759628
0.760941
0.761898
0.767435
0.775438
0.777095
0.776597
0.776313
0.774503
0.781654
0.776719
0.778856
0.771341
0.780793
0.780961
0.780108
0.788950
0.782045
0.796767
0.798741
0.794904
0.788467
0.793426
0.795182
0.797630
0.790301
0.808467
0.801494
0.796407
0.810929
0.798327
0.809774
0.803331
0.814344
0.813356
0.809983
0.814929
0.814545
0.824401
0.822786
0.807826
0.823858
0.815145
0.830104
0.826272
0.829234
0.829948
0.840709
0.828393
0.836926
0.838661
0.837467
0.834266
0.831168
0.838117
0.842338
0.842276
0.837315
0.841875
0.846166
0.847153
0.840116
0.841403
0.848687
0.850914
0.850126
0.857794
0.857413
0.848372
0.853272
0.857243
0.860099
0.851928
0.851547
0.857193
0.859339
0.869864
0.867234
0.857204
0.862117
0.865096
0.870894
0.870760
0.874271
0.868055
0.869455
0.872279
0.877585
0.875286
0.877374
0.873383
0.878944
0.879794
0.869300
0.883871
0.878810
0.878450
0.879366
0.881845
0.876831
0.869149
0.889608
0.871822
0.883552
0.889575
0.896637
0.882822
0.889342
0.879955
0.889292
0.889085
0.900834
0.899929
0.892392
0.894051
0.890240
0.891051
0.895521
0.908961
0.890968
0.895392
0.885280
0.896001
0.897307
0.896075
0.902822
0.903190
0.899570
0.904093
0.903569
0.898273
0.914838
0.916867
0.907219
0.916805
0.906208
0.909987
0.912246
0.922387
0.901462
0.916364
0.912907
0.910325
0.916970
0.918875
0.915537
0.910520
0.909155
0.917038
0.904687
0.913483
0.925578
0.918705
0.912003
0.914802
0.916480
0.907992
0.911637
0.913733
0.918968
0.907539
0.913027
0.922364
0.921657
0.917872
0.924523
0.912464
0.914881
0.913354
0.921864
0.925473
0.914241
0.914910
0.915296
0.922249
0.911354
0.929322
0.917155
0.916955
0.908536
0.924914
0.929860
0.927016
0.920076
0.925004
0.933741
0.925472
0.919744
0.925359
0.916849
0.915151
0.923918
0.928329
0.931743
0.917710
0.921335
0.935835
0.921335
0.917710
0.931743
0.928329
0.923918
0.915151
0.916849
0.925359
0.919744
0.925472
0.933741
0.925004
0.920076
0.927016
0.929860
0.924914
0.908536
0.916955
0.917155
0.929322
0.911354
0.922249
0.915296
0.914910
0.914241
0.925473
0.921864
0.913354
0.914881
0.912464
0.924523
0.917872
0.921657
0.922364
0.913027
0.907539
0.918968
0.913733
0.911637
0.907992
0.916480
0.914802
0.912003
0.918705
0.925578
0.913483
0.904687
0.917038
0.909155
0.910520
0.915537
0.918875
0.916970
0.910325
0.912907
0.916364
0.901462
0.922387
0.912246
0.909987
0.906208
0.916805
0.907219
0.916867
0.914838
0.898273
0.903569
0.904093
0.899570
0.903190
0.902822
0.896075
0.897307
0.896001
0.885280
0.895392
0.890968
0.908961
0.895521
0.891051
0.890240
0.894051
0.892392
0.899929
0.900834
0.889085
0.889292
0.879955
0.889342
0.882822
0.896637
0.889575
0.883552
0.871822
0.889608
0.869149
0.876831
0.881845
0.879366
0.878450
0.878810
0.883871
0.869300
0.879794
0.878944
0.873383
0.877374
0.875286
0.877585
0.872279
0.869455
0.868055
0.874271
0.870760
0.870894
0.865096
0.862117
0.857204
0.867234
0.869864
0.859339
0.857193
0.851547
0.851928
0.860099
0.857243
0.853272
0.848372
0.857413
0.857794
0.850126
0.850914
0.848687
0.841403
0.840116
0.847153
0.846166
0.841875
0.837315
0.842276
0.842338
0.838117
0.831168
0.834266
0.837467
0.838661
0.836926
0.828393
0.840709
0.829948
0.829234
0.826272
0.830104
0.815145
0.823858
0.807826
0.822786
0.824401
0.814545
0.814929
0.809983
0.813356
0.814344
0.803331
0.809774
0.798327
0.810929
0.796407
0.801494
0.808467
0.790301
0.797630
0.795182
0.793426
0.788467
0.794904
0.798741
0.796767
0.782045
0.788950
0.780108
0.780961
0.780793
0.771341
0.778856
0.776719
0.781654
0.774503
0.776313
0.776597
0.777095
0.775438
0.767435
0.761898
0.760941
0.759628
0.768684
0.757635
0.764899
0.751747
0.762940
0.759381
0.755682
0.749914
0.739821
0.751433
0.743729
0.746277
0.748231
0.749319
0.740861
0.746745
0.738681
0.734780
0.733428
0.730469
0.731317
0.718803
0.731141
0.728401
0.718286
0.720861
0.720739
0.721810
0.714629
0.722849
0.714198
0.715436
0.709616
0.706226
0.704803
0.713721
0.706300
0.703377
0.702389
0.698094
0.697091
0.693145
0.694740
0.697956
0.692703
0.693099
0.692125
0.678555
0.673933
0.678700
0.681623
0.671773
0.676219
0.680419
0.666626
0.674519
0.664985
0.662451
0.666599
0.663147
0.653166
0.661700
0.658406
0.653869
0.649184
0.648896
0.652027
0.649316
0.641131
0.636679
0.640759
0.637315
0.641597
0.626281
0.635577
0.637152
0.627781
0.628836
0.628872
0.616254
0.623977
0.628706
0.618497
0.615094
0.620451
0.613225
0.614973
0.603214
0.605896
0.599456
0.605143
0.604376
0.596360
0.597819
0.597211
0.591786
0.597157
0.581570
0.589210
0.579168
0.589115
0.581382
0.574720
0.581447
0.573623
0.568625
0.573975
0.569860
0.571004
0.571532
0.566775
0.561361
0.554167
0.554775
0.553407
0.554153
0.548034
0.547034
0.547734
0.557895
0.542227
0.537973
0.532704
0.541906
0.536751
0.532721
0.528974
0.529250
0.529697
0.514102
0.519752
0.524778
0.516499
0.521634
0.511542
0.518890
0.521703
0.509148
0.508419
0.499766
0.500671
0.504544
0.497510
0.497572
0.498036
0.494504
0.490650
0.491700
0.475679
0.483994
0.477830
0.482503
0.481448
0.474731
0.473789
0.470181
0.461204
0.465890
0.462596
0.464071
0.456343
0.461779
0.464544
0.453874
0.450566
0.450205
0.449893
0.448716
0.447867
0.444094
0.444168
0.439754
0.433310
0.438239
0.436132
0.435393
0.421218
0.429059
0.425028
0.424778
0.420719
0.418326
0.415637
0.415225
0.409121
0.402069
0.410621
0.408185
0.401320
0.400091
0.396378
0.394997
0.390699
0.387987
0.385713
0.390018
0.384441
0.390077
0.378716
0.382293
0.375779
0.377204
0.371200
0.372240
0.366279
0.370319
0.366263
0.369095
0.357760
0.363822
0.354402
0.355088
0.356586
0.351138
0.348186
0.342036
0.347001
0.339712
0.345915
0.335335
0.329426
0.334169
0.332829
0.324681
0.325853
0.325319
0.320003
0.323176
0.313644
0.319209
0.314071
0.312874
0.312737
0.302209
0.309917
0.299878
0.302433
0.304676
0.304849
0.299050
0.295009
0.290289
0.293189
0.289510
0.288305
0.281777
0.284095
0.279422
0.273793
0.280720
0.275441
0.273387
0.270089
0.266109
0.267648
0.260244
0.257670
0.256094
0.257496
0.254217
0.253990
0.254430
0.252846
0.249132
0.247951
0.242473
0.237732
0.240360
0.232184
0.233710
0.243660
0.231698
0.228906
0.232676
0.215677
0.231587
0.224238
0.215965
0.218523
0.215468
0.209217
0.214168
0.207867
0.208805
0.203053
0.210976
0.201880
0.202445
0.198108
0.195692
0.194233
0.195021
0.185358
0.187377
0.186055
0.182414
0.187299
0.179839
0.180113
0.180985
0.170876
0.173689
0.170129
0.168244
0.169119
0.163121
0.164256
0.155872
0.160606
0.152311
0.152771
0.154069
0.154757
0.150832
0.151386
0.149641
0.146995
0.148256
0.139626
0.145523
0.141898
0.135429
0.136882
0.133177
0.126919
0.128803
0.133201
0.122660
0.125715
0.121278
0.115972
0.113649
0.117269
0.112594
0.111480
0.112954
0.107540
0.107518
0.100768
0.107042
0.109088
0.105036
0.092978
0.096579
0.096939
0.094007
0.090899
0.091374
0.084388
0.086328
0.087706
0.083193
0.079506
0.080325
0.074878
0.069971
0.076235
0.075175
0.073929
0.068572
0.066587
0.073156
0.065853
0.059442
0.058070
0.054530
0.056151
0.061551
0.049921
0.049751
0.047752
0.058216
0.049457
0.044728
0.043890
0.043207
0.043957
0.037684
0.033401
0.032852
0.028353
0.034593
0.025026
0.037466
0.024484
0.025556
0.025906
0.020178
0.022186
0.027212
0.018095
0.019076
0.012492
0.012811
0.006870
0.010792
0.011394
0.001777
0.008410
0.009874
0.001865
-0.001124
0.002064
0.001462
-0.004366
-0.004799
-0.005707
-0.001244
-0.006174
-0.011374
-0.008769
-0.012728
-0.016708
-0.017965
-0.022210
-0.016219
-0.016658
-0.015025
-0.025143
-0.018903
-0.021732
-0.024985
-0.031177
-0.028374
-0.026414
-0.029832
-0.031408
-0.036450
-0.039156
-0.041985
-0.040151
-0.038137
-0.043023
-0.041653
-0.042666
-0.044776
-0.046982
-0.045590
-0.048017
-0.052158
-0.049638
-0.059078
-0.048834
-0.055847
-0.052670
-0.058003
-0.056804
-0.056517
-0.062886
-0.058197
-0.063185
-0.063809
-0.063734
-0.064996
-0.070678
-0.064637
-0.062297
-0.070611
-0.076025
-0.073806
-0.070180
-0.078372
-0.079799
-0.085219
-0.084047
-0.081377
-0.083139
-0.087764
-0.086907
-0.086307
-0.084116
-0.087882
-0.087277
-0.087860
-0.090733
-0.090838
-0.096157
-0.091778
-0.091785
-0.095577
-0.096115
-0.095677
-0.098107
-0.099476
-0.102592
-0.102257
-0.101938
-0.108524
-0.104804
-0.109795
-0.113669
-0.102931
-0.114707
-0.108308
-0.113632
-0.112440
-0.114093
-0.116465
-0.112504
-0.110582
-0.114125
-0.117503
-0.117191
-0.119332
-0.122928
-0.120755
-0.128600
-0.126645
-0.126913
-0.125945
-0.123993
-0.128003
-0.127749
-0.133840
-0.133969
-0.130514
-0.128318
-0.132664
-0.134751
-0.133644
-0.135636
-0.136141
-0.134415
-0.137532
-0.143173
-0.138422
-0.138746
-0.139952
-0.141959
-0.140773
-0.142826
-0.146443
-0.141404
-0.149754
-0.145724
-0.146384
-0.148362
-0.147799
-0.147773
-0.147570
-0.145474
-0.152146
-0.150602
-0.152531
-0.154802
-0.157466
-0.155086
-0.153220
-0.157277
-0.161148
-0.161433
-0.156347
-0.158794
-0.160426
-0.158437
-0.157881
-0.158733
-0.155617
-0.160095
-0.159986
-0.166867
-0.165941
-0.164013
-0.165155
-0.165689
-0.166702
-0.170456
-0.167830
-0.166619
-0.166957
-0.168440
-0.169207
-0.165448
-0.171086
-0.169502
-0.173012
-0.169439
-0.169725
-0.175180
-0.175619
-0.176376
-0.176038
-0.175168
-0.175642
-0.174602
-0.177581
-0.174877
-0.174623
-0.181964
-0.177503
-0.180669
-0.179518
-0.177141
-0.179410
-0.180419
-0.178425
-0.183548
-0.187984
-0.185510
-0.183097
-0.181963
-0.181571
-0.185896
-0.187553
-0.187019
-0.181095
-0.186045
-0.188567
-0.183114
-0.183621
-0.187144
-0.187963
-0.184135
-0.190490
-0.189321
-0.187733
-0.187519
-0.193012
-0.196444
-0.190086
-0.190658
-0.192894
-0.194341
-0.190969
-0.190166
-0.188526
-0.193665
-0.193944
-0.195520
-0.195735
-0.193794
-0.196979
-0.194110
-0.194084
-0.195789
-0.192706
-0.196669
-0.196273
-0.195898
-0.191840
-0.197582
-0.193455
-0.194698
-0.196530
-0.195305
-0.198130
-0.197596
-0.197083
-0.193421
-0.193910
-0.197291
-0.198062
-0.195859
-0.201103
-0.199138
-0.196698
-0.198457
-0.199144
-0.197025
-0.197410
-0.198156
-0.200732
-0.202921
-0.197540
-0.200684
-0.202871
-0.197170
-0.199010
-0.203423
-0.197180
-0.195328
-0.196722
-0.200016
-0.200338
-0.200144
-0.198820
-0.199775
-0.202922
-0.198492
-0.198884
-0.201206
-0.200105
-0.199190
-0.199106
-0.194231
-0.194496
-0.199465
-0.199738
-0.200260
-0.202415
-0.198926
-0.201732
-0.201581
-0.198952
-0.203672
-0.196566
-0.199938
-0.199884
-0.201013
-0.200970
-0.203078
-0.196532
-0.198617
-0.201481
-0.197993
-0.202904
-0.197892
-0.199977
-0.201399
-0.197819
-0.200621
-0.201271
-0.199334
-0.197314
-0.198767
-0.197186
-0.199496
-0.198667
-0.192467
-0.199494
-0.197374
-0.201232
-0.197358
-0.196249
-0.198265
-0.192989
-0.197061
-0.196730
-0.196889
-0.199498
-0.199267
-0.198101
-0.194125
-0.197087
-0.199948
-0.195948
-0.192716
-0.198298
-0.195104
-0.197660
-0.196179
-0.192684
-0.193798
-0.196371
-0.193357
-0.196588
-0.191553
-0.189779
-0.193111
-0.195554
-0.193219
-0.195823
-0.194356
-0.192740
-0.191683
-0.195145
-0.189567
-0.194831
-0.190249
-0.188173
-0.187993
-0.187850
-0.187990
-0.192124
-0.190486
-0.189292
-0.191353
-0.192255
-0.187694
-0.187953
-0.189804
-0.187196
-0.188046
-0.187960
-0.186671
-0.185657
-0.185535
-0.189781
-0.186791
-0.184087
-0.186718
-0.183945
-0.183249
-0.186178
-0.181951
-0.180107
-0.186053
-0.181716
-0.181597
-0.183358
-0.183219
-0.183044
-0.182417
-0.179622
-0.181051
-0.179267
-0.181743
-0.177277
-0.179277
-0.180983
-0.178624
-0.178186
-0.178091
-0.176954
-0.172673
-0.177279
-0.176734
-0.175119
-0.174642
-0.175378
-0.176729
-0.173574
-0.177737
-0.176692
-0.171003
-0.172113
-0.174584
-0.171884
-0.172579
-0.175141
-0.168080
-0.171923
-0.170747
-0.168112
-0.170947
-0.174088
-0.167731
-0.169078
-0.167445
-0.166381
-0.168093
-0.165752
-0.162910
-0.165977
-0.164967
-0.163440
-0.168840
-0.166856
-0.163141
-0.161187
-0.165231
-0.167730
-0.164294
-0.161904
-0.165200
-0.165129
-0.164527
-0.160716
-0.159988
-0.162598
-0.160294
-0.156879
-0.158281
-0.157956
-0.157275
-0.157817
-0.157162
-0.156694
-0.157563
-0.155995
-0.156260
-0.155016
-0.155632
-0.153694
-0.156011
-0.152431
-0.153344
-0.152317
-0.148768
-0.152675
-0.151588
-0.153477
-0.150611
-0.148401
-0.152351
-0.147426
-0.148908
-0.146465
-0.148323
-0.147412
-0.149637
-0.149382
-0.146529
-0.146675
-0.146965
-0.141479
-0.143563
-0.145416
-0.146315
-0.142581
-0.142821
-0.139931
-0.140122
-0.141165
-0.140475
-0.140682
-0.140869
-0.136834
-0.138897
-0.138435
-0.138278
-0.134330
-0.140081
-0.135441
-0.136573
-0.138315
-0.134704
-0.133573
-0.136218
-0.133831
-0.135897
-0.133064
-0.127839
-0.134297
-0.128949
-0.130421
-0.131478
-0.129592
-0.129754
-0.128470
-0.128795
-0.126631
-0.127205
-0.128037
-0.128121
-0.127951
-0.126193
-0.126103
-0.123632
-0.126545
-0.122372
-0.123065
-0.124589
-0.125744
-0.119376
-0.119968
-0.121434
-0.120872
-0.120664
-0.121624
-0.120947
-0.118692
-0.117359
-0.117209
-0.116067
-0.115852
-0.115447
-0.115234
-0.115960
-0.115130
-0.113830
-0.115909
-0.114046
-0.112614
-0.111287
-0.107806
-0.112363
-0.112547
-0.108980
-0.109294
-0.112429
-0.110619
-0.109349
-0.108009
-0.110916
-0.110421
-0.106381
-0.106229
-0.105439
-0.103869
-0.102730
-0.104374
-0.105633
-0.100559
-0.102226
-0.104875
-0.099647
-0.104705
-0.101703
-0.100435
-0.098296
-0.099658
-0.098843
-0.099091
-0.102282
-0.097654
-0.094986
-0.095321
-0.093947
-0.098832
-0.097480
-0.094184
-0.094817
-0.091075
-0.095184
-0.095953
-0.093732
-0.096203
-0.091474
-0.092220
-0.088232
-0.089193
-0.089469
-0.091700
-0.090913
-0.089230
-0.092028
-0.085696
-0.089782
-0.087348
-0.085445
-0.086614
-0.085669
-0.083656
-0.083168
-0.081957
-0.083050
-0.082865
-0.083504
-0.083323
-0.084061
-0.083060
-0.081174
-0.083766
-0.079866
-0.079776
-0.080158
-0.082585
-0.078662
-0.077462
-0.080895
-0.076912
-0.079574
-0.076237
-0.072785
-0.076958
-0.074349
-0.076349
-0.070687
-0.072136
-0.076683
-0.073057
-0.072825
-0.074277
-0.075037
-0.072126
-0.070843
-0.070288
-0.071503
-0.070465
-0.067782
-0.069629
-0.070456
-0.066276
-0.068459
-0.064548
-0.067526
-0.063981
-0.066517
-0.064756
-0.064612
-0.067652
-0.065702
-0.064312
-0.065952
-0.063577
-0.065026
-0.063137
-0.063787
-0.060913
-0.061703
-0.058987
-0.059275
-0.060682
-0.061525
-0.061162
-0.058396
-0.056989
-0.058648
-0.059304
-0.057574
-0.057649
-0.059497
-0.057633
-0.053740
-0.056021
-0.056628
-0.055892
-0.052717
-0.056198
-0.054953
-0.054915
-0.054306
-0.051689
-0.050163
-0.051270
-0.051244
-0.052768
-0.054475
-0.051398
-0.049237
-0.047419
-0.049256
-0.050192
-0.050752
-0.050128
-0.049997
-0.047972
-0.045990
-0.047490
-0.043886
-0.046492
-0.047060
-0.042902
-0.049291
-0.047469
-0.045131
-0.046213
-0.045148
-0.041462
-0.046787
-0.045378
-0.041534
-0.041609
-0.043198
-0.045082
-0.041244
-0.040160
-0.041535
-0.040116
-0.041807
-0.039095
-0.036974
-0.040424
-0.039529
-0.038182
-0.037742
-0.039588
-0.036003
-0.037168
-0.038404
-0.036027
-0.034607
-0.041012
-0.037813
-0.033981
-0.034125
-0.032964
-0.036145
-0.036360
-0.035739
-0.036875
-0.033340
-0.033110
-0.033402
-0.033541
-0.034955
-0.032292
-0.034631
-0.034165
-0.029614
-0.027600
-0.028259
-0.029084
-0.034237
-0.032910
-0.029286
-0.029887
-0.031463
-0.029172
-0.031063
-0.028882
-0.029649
-0.030663
-0.025378
-0.026644
-0.029035
-0.025222
-0.026828
-0.026216
-0.026338
-0.024419
-0.027953
-0.030959
-0.025811
-0.024616
-0.025559
-0.025456
-0.024657
-0.025684
-0.024317
-0.025155
-0.023726
-0.022933
-0.024068
-0.021840
-0.022680
-0.023011
-0.020915
-0.024054
-0.021798
-0.022388
-0.019520
-0.023398
-0.022249
-0.021239
-0.020670
-0.022133
-0.020579
-0.021342
-0.019332
-0.020526
-0.018747
-0.019529
-0.017422
-0.018706
-0.017926
-0.021032
-0.017941
-0.013374
-0.018279
-0.017072
-0.018410
-0.019219
-0.016718
-0.018132
-0.017647
-0.019501
-0.016417
-0.015491
-0.015742
-0.014429
-0.016678
-0.012750
-0.014536
-0.014708
-0.013780
-0.016359
-0.014296
-0.016503
-0.012474
-0.015544
-0.017013
-0.012710
-0.011635
-0.012547
-0.011457
-0.012589
-0.010686
-0.011116
-0.010278
-0.014599
-0.011133
-0.013102
-0.010541
-0.011064
-0.012789
-0.010647
-0.011336
-0.010669
-0.010145
-0.009399
-0.011748
-0.012316
-0.009326
-0.008972
-0.008511
-0.008835
-0.010202
-0.004631
-0.010712
-0.008391
-0.005396
-0.010660
-0.006714
-0.008048
-0.008758
-0.008216
-0.007807
-0.006378
-0.007931
-0.006102
-0.005563
-0.003489
-0.005820
-0.005007
-0.006849
-0.006369
-0.003833
-0.005349
-0.006307
-0.006383
-0.007768
-0.006661
-0.005340
-0.005716
-0.004785
-0.008417
-0.002818
-0.004685
-0.003041
-0.003258
-0.004733
-0.003592
-0.001454
-0.003374
-0.005208
-0.003231
-0.004274
-0.005071
-0.003945
-0.004533
-0.001255
-0.003034
-0.000285
-0.004806
-0.003034
-0.002758
-0.003903
-0.002846
-0.003032
-0.002380
-0.001177
-0.002391
-0.003696
-0.001496
-0.000264
-0.002847
0.000422
-0.000172
-0.004542
-0.003040
-0.004871
-0.000396
-0.003076
-0.001053
-0.002415
-0.000723
0.000167
-0.002562
-0.000081
-0.000728
-0.000172
-0.001343
-0.001190
-0.002486
-0.000915
-0.000921
-0.002152
-0.001530
0.000461
-0.000733
-0.000948
-0.000854
-0.000435
-0.001499
-0.000162
-0.000202
0.000587
-0.001111
0.002145
0.000406
-0.000278
0.000130
-0.000143
0.000851
-0.000442
0.000307
0.001347
0.001864
-0.002364
-0.000042
0.002232
0.000903
-0.001011
0.000127
-0.001447
-0.000779
0.001580
0.001250
0.001139
0.001083
-0.001023
-0.000538
-0.000013
0.000306
0.002210
0.003046
0.002577
0.000149
-0.001558
0.000199
0.001186
0.003434
0.002035
0.001891
0.002061
0.002728
0.000164
0.001494
0.000340
0.000539
0.001428
-0.000137
0.001155
0.000757
0.000899
0.001736
0.002625
0.002512
0.002322
0.000918
0.002472
0.000655
0.001872
0.001957
0.001609
-0.001030
0.000917
-0.000397
0.003218
0.003053
0.000661
0.001880
0.001547
0.001971
0.004036
-0.000902
0.001262
-0.000315
0.003224
0.001425
0.000511
0.002473
0.003039
0.001256
0.001320
0.002353
0.002978
0.002600
0.001747
0.001918
0.003052
-0.000028
0.003519
0.004610
0.000192
0.001576
0.002694
0.001060
0.002619
0.000797
0.002026
0.001308
0.002042
0.003362
0.000484
0.002498
0.001789
0.001086
0.002550
0.002619
0.004390
0.001580
0.005208
0.002186
0.001401
0.001770
0.000698
0.002384
0.003598
0.001020
0.001801
0.004322
0.002810
0.001708
0.004598
0.004440
0.002633
0.003774
0.000880
0.004076
0.002793
0.001007
0.002415
0.001647
0.001610
0.001095
0.003849
0.001636
0.003471
0.003685
0.000413
0.004046
0.003855
0.001740
0.002906
0.002616
0.001228
0.004978
0.004678
0.001194
0.001609
0.000988
0.002014
0.002535
0.002395
0.002936
0.002849
0.006687
0.003494
0.002344
0.002832
0.001840
0.004651
0.002616
0.002907
0.002916
0.005353
0.001616
0.003054
0.001960
0.001729
0.002534
0.003316
0.001474
0.000525
0.001633
0.004136
0.001520
-0.000699
0.004578
0.005969
0.001469
0.003706
0.001513
0.001091
0.001935
-0.001266
0.000279
0.000067
0.000484
0.000457
0.001414
0.002254
0.005594
0.002167
0.006490
0.004578
0.001904
0.002708
-0.001500
0.002346
0.006647


