-8.095779512639630915e-02
-8.101342549652616742e-02
-8.106591336017039684e-02
-8.111525221306521705e-02
-8.116143566390403297e-02
-8.120445743473449218e-02
-8.124431136135171205e-02
-8.128099139368788473e-02
-8.131449159619782985e-02
-8.134480614824066147e-02
-8.137192934445815207e-02
-8.139585559514855850e-02
-8.141657942663703407e-02
-8.143409548164182166e-02
-8.144839851963683874e-02
-8.145948341721009900e-02
-8.146734516841826201e-02
-8.147197888513707520e-02
-8.147337979740822134e-02
-8.147154325378154482e-02
-8.146646472165382236e-02
-8.145813978760325924e-02
-8.144656415771972524e-02
-8.143173365793140994e-02
-8.141364423432675967e-02
-8.139229195347280621e-02
-8.136767300272917947e-02
-8.133978369055795687e-02
-8.130862044682933554e-02
-8.127417982312316880e-02
-8.123645849302636723e-02
-8.119545325242602529e-02
-8.115116101979823193e-02
-8.110357883649275956e-02
-8.105270386701338148e-02
-8.099853339929426188e-02
-8.094106484497144705e-02
-8.088029573965063723e-02
-8.081622374317019852e-02
-8.074884663986021949e-02
-8.067816233879689103e-02
-8.060416887405275066e-02
-8.052686440494238873e-02
-8.044624721626381092e-02
-8.036231571853551248e-02
-8.027506844822900056e-02
-8.018450406799672303e-02
-8.009062136689605593e-02
-7.999341926060822561e-02
-7.989289679165313685e-02
-7.978905312959963525e-02
-7.968188757127110666e-02
-7.957139954094677448e-02
-7.945758859055852830e-02
-7.934045439988260395e-02
-7.921999677672776630e-02
-7.909621565711777436e-02
-7.896911110547009949e-02
-7.883868331476977243e-02
-7.870493260673840086e-02
-7.856785943199902367e-02
-7.842746437023596917e-02
-7.828374813035011981e-02
-7.813671155060997187e-02
-7.798635559879706081e-02
-7.783268137234793105e-02
-7.767569009849030481e-02
-7.751538313437554562e-02
-7.735176196720545960e-02
-7.718482821435510011e-02
-7.701458362349052067e-02
-7.684103007268219820e-02
-7.666416957051247483e-02
-7.648400425618036291e-02
-7.630053639959932799e-02
-7.611376840149207401e-02
-7.592370279347905593e-02
-7.573034223816381416e-02
-7.553368952921192536e-02
-7.533374759142613675e-02
-7.513051948081635179e-02
-7.492400838466509172e-02
-7.471421762158736435e-02
-7.450115064158652212e-02
-7.428481102610477727e-02
-7.406520248806926221e-02
-7.384232887193258044e-02
-7.361619415370911079e-02
-7.338680244100612149e-02
-7.315415797305029055e-02
-7.291826512070835598e-02
-7.267912838650465723e-02
-7.243675240463180731e-02
-7.219114194095796466e-02
-7.194230189302797118e-02
-7.169023729006082646e-02
-7.143495329294102802e-02
-7.117645519420573441e-02
-7.091474841802664075e-02
-7.064983852018726085e-02
-7.038173118805453321e-02
-7.011043224054637479e-02
-6.983594762809354484e-02
-6.955828343259708169e-02
-6.927744586738013299e-02
-6.899344127713556707e-02
-6.870627613786781107e-02
-6.841595705683058137e-02
-6.812249077245841056e-02
-6.782588415429478823e-02
-6.752614420291357111e-02
-6.722327804983711796e-02
-6.691729295744738848e-02
-6.660819631889446091e-02
-6.629599565799786098e-02
-6.598069862914403283e-02
-6.566231301717855018e-02
-6.534084673729358139e-02
-6.501630783490949805e-02
-6.468870448555237573e-02
-6.435804499472597140e-02
-6.402433779777921830e-02
-6.368759145976771174e-02
-6.334781467531069854e-02
-6.300501626844388914e-02
-6.265920519246602483e-02
-6.231039052978015746e-02
-6.195858149173150142e-02
-6.160378741843913764e-02
-6.124601777862288127e-02
-6.088528216942436233e-02
-6.052159031622489360e-02
-6.015495207245699638e-02
-5.978537741941068046e-02
-5.941287646603558847e-02
-5.903745944873747820e-02
-5.865913673117037486e-02
-5.827791880402258262e-02
-5.789381628479865066e-02
-5.750683991759595465e-02
-5.711700057287658061e-02
-5.672430924723338708e-02
-5.632877706315191080e-02
-5.593041526876682545e-02
-5.552923523761385538e-02
-5.512524846837572184e-02
-5.471846658462417579e-02
-5.430890133455639618e-02
-5.389656459072661443e-02
-5.348146834977255543e-02
-5.306362473213745851e-02
-5.264304598178611710e-02
-5.221974446591691466e-02
-5.179373267466820530e-02
-5.136502322082056593e-02
-5.093362883949290737e-02
-5.049956238783453316e-02
-5.006283684471189016e-02
-4.962346531039096842e-02
-4.918146100621298422e-02
-4.873683727426803697e-02
-4.828960757706073081e-02
-4.783978549717360362e-02
-4.738738473692284681e-02
-4.693241911801240146e-02
-4.647490258117996376e-02
-4.601484918584017314e-02
-4.555227310972202737e-02
-4.508718864850212726e-02
-4.461961021543177364e-02
-4.414955234096056003e-02
-4.367702967235419925e-02
-4.320205697330842948e-02
-4.272464912355663363e-02
-4.224482111847405880e-02
-4.176258806867627627e-02
-4.127796519961397792e-02
-4.079096785116050755e-02
-4.030161147719828196e-02
-3.980991164519669806e-02
-3.931588403578829827e-02
-3.881954444233722684e-02
-3.832090877050638861e-02
-3.781999303781648919e-02
-3.731681337320254949e-02
-3.681138601656468168e-02
-3.630372731831496558e-02
-3.579385373891828120e-02
-3.528178184842984538e-02
-3.476752832602712784e-02
-3.425110995953806886e-02
-3.373254364496306584e-02
-3.321184638599392752e-02
-3.268903529352715220e-02
-3.216412758517350756e-02
-3.163714058476161523e-02
-3.110809172183824980e-02
-3.057699853116329844e-02
-3.004387865220113640e-02
-2.950874982860498055e-02
-2.897162990770061133e-02
-2.843253683996158770e-02
-2.789148867848251917e-02
-2.734850357844668262e-02
-2.680359979659007949e-02
-2.625679569065950472e-02
-2.570810971886763191e-02
-2.515756043934275557e-02
-2.460516650957503965e-02
-2.405094668585676040e-02
-2.349491982271966622e-02
-2.293710487236712628e-02
-2.237752088410270568e-02
-2.181618700375285991e-02
-2.125312247308688840e-02
-2.068834662923158679e-02
-2.012187890408265872e-02
-1.955373882370931710e-02
-1.898394600775863902e-02
-1.841252016885154205e-02
-1.783948111197717831e-02
-1.726484873388192329e-02
-1.668864302245511369e-02
-1.611088405610902954e-02
-1.553159200315619784e-02
-1.495078712118170887e-02
-1.436848975641223138e-02
-1.378472034307934649e-02
-1.319949940278039580e-02
-1.261284754383422066e-02
-1.202478546063384494e-02
-1.143533393299346786e-02
-1.084451382549304725e-02
-1.025234608681786959e-02
-9.658851749095311370e-03
-9.064051927224940977e-03
-8.467967818208833874e-03
-7.870620700473774517e-03
-7.272031933192223997e-03
-6.672222955598192812e-03
-6.071215286300265211e-03
-5.469030522589078507e-03
-4.865690339742627900e-03
-4.261216490326940470e-03
-3.655630803492925397e-03
-3.048955184270318950e-03
-2.441211612856147763e-03
-1.832422143901185890e-03
-1.222608905791658287e-03
-6.117940999282901748e-04
3.580137365713771295e-17
6.127510487445473816e-04
1.226436630229340956e-03
1.841034258287738926e-03
2.456521377401369409e-03
3.072875363444528898e-03
3.690073524430360994e-03
4.308093101261576199e-03
4.926911268483622451e-03
5.546505135043078467e-03
6.166851745047724140e-03
6.787928078531103859e-03
7.409711052219420876e-03
8.032177520303562107e-03
8.655304275212733628e-03
9.279068048392444257e-03
9.903445511084772029e-03
1.052841327511347749e-02
1.115394789367165143e-02
1.178002586211102792e-02
1.240662361873678607e-02
1.303371754560553666e-02
1.366128396932416930e-02
1.428929916185354976e-02
1.491773934131506926e-02
1.554658067280122874e-02
1.617579926918686836e-02
1.680537119194498025e-02
1.743527245196625775e-02
1.806547901038000822e-02
1.869596677937908347e-02
1.932671162304669399e-02
1.995768935818784118e-02
2.058887575516190824e-02
2.122024653871912650e-02
2.185177738883879034e-02
2.248344394157205176e-02
2.311522178988573498e-02
2.374708648450967949e-02
2.437901353478674066e-02
2.501097840952555898e-02
2.564295653785511261e-02
2.627492331008373164e-02
2.690685407855883046e-02
2.753872415853042543e-02
2.817050882901596734e-02
2.880218333366957317e-02
2.943372288165194486e-02
3.006510264850380948e-02
3.069629777702071252e-02
3.132728337813203007e-02
3.195803453178048398e-02
3.258852628780525146e-02
3.321873366682586565e-02
3.384863166113161181e-02
3.447819523556834576e-02
3.510739932843229272e-02
3.573621885236308304e-02
3.636462869524011848e-02
3.699260372108018752e-02
3.762011877093885542e-02
3.824714866381217354e-02
3.887366819754149716e-02
3.949965214971928873e-02
4.012507527859871664e-02
4.074991232400334423e-02
4.137413800823987187e-02
4.199772703701172560e-02
4.262065410033628876e-02
4.324289387346216817e-02
4.386442101778929847e-02
4.448521018178974024e-02
4.510523600193285659e-02
4.572447310360789469e-02
4.634289610205285376e-02
4.696047960328109810e-02
4.757719820501343788e-02
4.819302649760726781e-02
4.880793906499161783e-02
4.942191048560105882e-02
5.003491533331206470e-02
5.064692817838003375e-02
5.125792358837943236e-02
5.186787612914348783e-02
5.247676036570642771e-02
5.308455086324591343e-02
5.369122218802855478e-02
5.429674890835504281e-02
5.490110559550739899e-02
5.550426682469630779e-02
5.610620717601241814e-02
5.670690123537443228e-02
5.730632359548278737e-02
5.790444885677058923e-02
5.850125162835947967e-02
5.909670652901202054e-02
5.969078818808912917e-02
6.028347124650611927e-02
6.087473035769045554e-02
6.146454018853967499e-02
6.205287542038157717e-02
6.263971074993385235e-02
6.322502089026491023e-02
6.380878057175601303e-02
6.439096454306265926e-02
6.497154757207880549e-02
6.555050444689987377e-02
6.612780997678714690e-02
6.670343899313294078e-02
6.727736635042518010e-02
6.784956692721451355e-02
6.842001562707988871e-02
6.898868737959591713e-02
6.955555714129933731e-02
7.012059989665767046e-02
7.068379065903655778e-02
7.124510447166848559e-02
7.180451640862040019e-02
7.236200157576383463e-02
7.291753511174296765e-02
7.347109218894432026e-02
7.402264801446530040e-02
7.457217783108448239e-02
7.511965691823119240e-02
7.566506059295377562e-02
7.620836421089005608e-02
7.674954316723682501e-02
7.728857289771950967e-02
7.782542887956020450e-02
7.836008663244771466e-02
7.889252171950718318e-02
7.942270974826771968e-02
7.995062637163098673e-02
8.047624728884034129e-02
8.099954824644806095e-02
8.152050503928329195e-02
8.203909351141855377e-02
8.255528955713756223e-02
8.306906912190090142e-02
8.358040820331209819e-02
8.408928285208251696e-02
8.459566917299683741e-02
8.509954332587674197e-02
8.560088152654478366e-02
8.609966004778657478e-02
8.659585522031393312e-02
8.708944343372573837e-02
8.758040113746878852e-02
8.806870484179774028e-02
8.855433111873370344e-02
8.903725660302329314e-02
8.951745799309510088e-02
8.999491205201656796e-02
9.046959560844868020e-02
9.094148555760117603e-02
9.141055886218518722e-02
9.187679255336578255e-02
9.234016373171258230e-02
9.280064956815033128e-02
9.325822730490769541e-02
9.371287425646382396e-02
9.416456781049553637e-02
9.461328542882203874e-02
9.505900464834900199e-02
9.550170308200982283e-02
9.594135841970709289e-02
9.637794842925281880e-02
9.681145095730529782e-02
9.724184393030575746e-02
9.766910535541395433e-02
9.809321332144115002e-02
9.851414599978200459e-02
9.893188164534427731e-02
9.934639859747806945e-02
9.975767528090204173e-02
1.001656902066286603e-01
1.005704219728868754e-01
1.009718492660447997e-01
1.013699508615276135e-01
1.017647056247366760e-01
1.021560925119641972e-01
1.025440905713081996e-01
1.029286789435830130e-01
1.033098368632301561e-01
1.036875436592254174e-01
1.040617787559850183e-01
1.044325216742684470e-01
1.047997520320805842e-01
1.051634495455703588e-01
1.055235940299279751e-01
1.058801654002791554e-01
1.062331436725780509e-01
1.065825089644969748e-01
1.069282414963143024e-01
1.072703215917991809e-01
1.076087296790951831e-01
1.079434462916001453e-01
1.082744520688443124e-01
1.086017277573651102e-01
1.089252542115810990e-01
1.092450123946606677e-01
1.095609833793907417e-01
1.098731483490409805e-01
1.101814885982263792e-01
1.104859855337661095e-01
1.107866206755407507e-01
1.110833756573458564e-01
1.113762322277430800e-01
1.116651722509079403e-01
1.119501777074756316e-01
1.122312306953829053e-01
1.125083134307075933e-01
1.127814082485046193e-01
1.130504976036397491e-01
1.133155640716194124e-01
1.135765903494180828e-01
1.138335592563019388e-01
1.140864537346502477e-01
1.143352568507721295e-01
1.145799517957217240e-01
1.148205218861089172e-01
1.150569505649073343e-01
1.152892214022584183e-01
1.155173180962731916e-01
1.157412244738295487e-01
1.159609244913667042e-01
1.161764022356759490e-01
1.163876419246882288e-01
1.165946279082577391e-01
1.167973446689424821e-01
1.169957768227807282e-01
1.171899091200641341e-01
1.173797264461075018e-01
1.175652138220141529e-01
1.177463564054381517e-01
1.179231394913427405e-01
1.180955485127547222e-01
1.182635690415153318e-01
1.184271867890270280e-01
1.185863876069967321e-01
1.187411574881749032e-01
1.188914825670906311e-01
1.190373491207832174e-01
1.191787435695292469e-01
1.193156524775660227e-01
1.194480625538107549e-01
1.195759606525756136e-01
1.196993337742790903e-01
1.198181690661527105e-01
1.199324538229437909e-01
1.200421754876141583e-01
1.201473216520344695e-01
1.202478800576742696e-01
1.203438385962879026e-01
1.204351853105959380e-01
1.205219083949624209e-01
1.206039961960677365e-01
1.206814372135769642e-01
1.207542201008038468e-01
1.208223336653704155e-01
1.208857668698622156e-01
1.209445088324784673e-01
1.209985488276784926e-01
1.210478762868229669e-01
1.210924807988109364e-01
1.211323521107118412e-01
1.211674801283934705e-01
1.211978549171446734e-01
1.212234667022936002e-01
1.212443058698213366e-01
1.212603629669705974e-01
1.212716287028496043e-01
1.212780939490316345e-01
1.212797497401487262e-01
1.212765872744818868e-01
1.212685979145450704e-01
1.212557731876653944e-01
1.212381047865573463e-01
1.212155845698929674e-01
1.211882045628665527e-01
1.211559569577543571e-01
1.211188341144693870e-01
1.210768285611111827e-01
1.210299329945100921e-01
1.209781402807670880e-01
1.209214434557878692e-01
1.208598357258123118e-01
1.207933104679381198e-01
1.207218612306397432e-01
1.206454817342820091e-01
1.205641658716282427e-01
1.204779077083433236e-01
1.203867014834914262e-01
1.202905416100282510e-01
1.201894226752882183e-01
1.200833394414658611e-01
1.199722868460922354e-01
1.198562600025056268e-01
1.197352542003170123e-01
1.196092649058697333e-01
1.194782877626942158e-01
1.193423185919565838e-01
1.192013533929022623e-01
1.190553883432934890e-01
1.189044197998418151e-01
1.187484442986346256e-01
1.185874585555560801e-01
1.184214594667026554e-01
1.182504441087925962e-01
1.180744097395702852e-01
1.178933537982043700e-01
1.177072739056802403e-01
1.175161678651871627e-01
1.173200336624991708e-01
1.171188694663506391e-01
1.169126736288055024e-01
1.167014446856209503e-01
1.164851813566056271e-01
1.162638825459714892e-01
1.160375473426795562e-01
1.158061750207804996e-01
1.155697650397490561e-01
1.153283170448120842e-01
1.150818308672710844e-01
1.148303065248187094e-01
1.145737442218492802e-01
1.143121443497630979e-01
1.140455074872649133e-01
1.137738344006564567e-01
1.134971260441224594e-01
1.132153835600114289e-01
1.129286082791094992e-01
1.126368017209083416e-01
1.123399655938674691e-01
1.120381017956698644e-01
1.117312124134717671e-01
1.114192997241459510e-01
1.111023661945190893e-01
1.107804144816031122e-01
1.104534474328198179e-01
1.101214680862195455e-01
1.097844796706936715e-01
1.094424856061808199e-01
1.090954895038667161e-01
1.087434951663776017e-01
1.083865065879675987e-01
1.080245279547001197e-01
1.076575636446218814e-01
1.072856182279316173e-01
1.069086964671416701e-01
1.065268033172340895e-01
1.061399439258097488e-01
1.057481236332305646e-01
1.053513479727565677e-01
1.049496226706757712e-01
1.045429536464276138e-01
1.041313470127201019e-01
1.037148090756404989e-01
1.032933463347597697e-01
1.028669654832300856e-01
1.024356734078761128e-01
1.019994771892798330e-01
1.015583841018589950e-01
1.011124016139386822e-01
1.006615373878165243e-01
1.002057992798212199e-01
9.974519534036555002e-02
9.927973381399106401e-02
9.880942313940734023e-02
9.833427194952472361e-02
9.785428907148011057e-02
9.736948352665662776e-02
9.687986453069537263e-02
9.638544149350251888e-02
9.588622401924855321e-02
9.538222190636110043e-02
9.487344514751115676e-02
9.435990392959284212e-02
9.384160863369639394e-02
9.331856983507466619e-02
9.279079830310266175e-02
9.225830500123033406e-02
9.172110108692985153e-02
9.117919791163466015e-02
9.063260702067250929e-02
9.008134015319198273e-02
8.952540924208240991e-02
8.896482641388704649e-02
8.839960398870837233e-02
8.782975448010883757e-02
8.725529059500335138e-02
8.667622523354563679e-02
8.609257148900741063e-02
8.550434264765151282e-02
8.491155218859801346e-02
8.431421378368356145e-02
8.371234129731378037e-02
8.310594878630940541e-02
8.249505049974566184e-02
8.187966087878463528e-02
8.125979455650085559e-02
8.063546635770015014e-02
8.000669129873287655e-02
7.937348458729866219e-02
7.873586162224507912e-02
7.809383799336037935e-02
7.744742948115855563e-02
7.679665205665847649e-02
7.614152188115444475e-02
7.548205530598281476e-02
7.481826887227982503e-02
7.415017931073333846e-02
7.347780354132774083e-02
7.280115867308219191e-02
7.212026200378243712e-02
7.143513101970541679e-02
7.074578339533707516e-02
7.005223699308393837e-02
6.935450986297790610e-02
6.865262024237406280e-02
6.794658655564166094e-02
6.723642741384834587e-02
6.652216161443912090e-02
6.580380814090634745e-02
6.508138616245401353e-02
6.435491503365604882e-02
6.362441429410713167e-02
6.288990366806725130e-02
6.215140306409820681e-02
6.140893257469569322e-02
6.066251247591336604e-02
5.991216322698017516e-02
5.915790546991125942e-02
5.839976002911231867e-02
5.763774791097749789e-02
5.687189030348019370e-02
5.610220857575726888e-02
5.532872427768641133e-02
5.455145913945862179e-02
5.377043507114132731e-02
5.298567416223673443e-02
5.219719868123275097e-02
5.140503107514846071e-02
5.060919396907213180e-02
4.980971016569148840e-02
4.900660264482004091e-02
4.819989456291513819e-02
4.738960925258971224e-02
4.657577022211739637e-02
4.575840115493151616e-02
4.493752590911758577e-02
4.411316851689887908e-02
4.328535318411539518e-02
4.245410428969693950e-02
4.161944638512983519e-02
4.078140419391534932e-02
3.994000261102535060e-02
3.909526670234669821e-02
3.824722170412345884e-02
3.739589302239060276e-02
3.654130623240153114e-02
3.568348707804917114e-02
3.482246147128106178e-02
3.395825549150815331e-02
3.309089538500670918e-02
3.222040756431390762e-02
3.134681860761754507e-02
3.047015525813951548e-02
2.959044442351237147e-02
2.870771317514985918e-02
2.782198874761079507e-02
2.693329853795867895e-02
2.604167010511195327e-02
2.514713116919011296e-02
2.424970961085271340e-02
2.334943347063337532e-02
2.244633094826671560e-02
2.154043040200771114e-02
2.063176034794794722e-02
1.972034945932374383e-02
1.880622656581849503e-02
1.788942065285867647e-02
1.696996086090440947e-02
1.604787648473384939e-02
1.512319697272107404e-02
1.419595192610795080e-02
1.326617109827043194e-02
1.233388439397896212e-02
1.139912186865231318e-02
1.046191372760562482e-02
9.522290325292229879e-03
8.580282164541562506e-03
7.635919895788103977e-03
6.689234316295786069e-03
5.740256369377589284e-03
4.789017143607980122e-03
3.835547872030470318e-03
2.879879931357205453e-03
1.922044841166027380e-03
9.620742630897489251e-04
-3.754389594645126339e-17
-9.641460048150011890e-04
-1.930331668477265269e-03
-2.898524769352132328e-03
-3.868692947887825487e-03
-4.840803707458806240e-03
-5.814824415216884868e-03
-6.790722302945724834e-03
-7.768464467923108345e-03
-8.748017873786519127e-03
-9.729349351406324162e-03
-1.071242559976306324e-02
-1.169721318683019338e-02
-1.268367855046367496e-02
-1.367178799929488764e-02
-1.466150771363116181e-02
-1.565280374635947061e-02
-1.664564202385767147e-02
-1.763998834690885462e-02
-1.863580839162306754e-02
-1.963306771036294265e-02
-2.063173173267454294e-02
-2.163176576622479960e-02
-2.263313499774212770e-02
-2.363580449396436578e-02
-2.463973920258964723e-02
-2.564490395323465108e-02
-2.665126345839565619e-02
-2.765878231441679450e-02
-2.866742500246192635e-02
-2.967715588949149108e-02
-3.068793922924580378e-02
-3.169973916323114149e-02
-3.271251972171304589e-02
-3.372624482471223151e-02
-3.474087828300764791e-02
-3.575638379914210241e-02
-3.677272496843495692e-02
-3.778986527999741302e-02
-3.880776811775450696e-02
-3.982639676147062269e-02
-4.084571438777954283e-02
-4.186568407122066154e-02
-4.288626878527765363e-02
-4.390743140342410339e-02
-4.492913470017132621e-02
-4.595134135212311510e-02
-4.697401393903268690e-02
-4.799711494486617186e-02
-4.902060675886930202e-02
-5.004445167663839483e-02
-5.106861190119717231e-02
-5.209304954407581456e-02
-5.311772662639666076e-02
-5.414260507996190158e-02
-5.516764674834777338e-02
-5.619281338800077158e-02
-5.721806666934024788e-02
-5.824336817786351927e-02
-5.926867941525550132e-02
-6.029396180050345527e-02
-6.131917667101403208e-02
-6.234428528373632539e-02
-6.336924881628695772e-02
-6.439402836808111319e-02
-6.541858496146550628e-02
-6.644287954285711673e-02
-6.746687298388474863e-02
-6.849052608253394792e-02
-6.951379956429762363e-02
-7.053665408332797371e-02
-7.155905022359450307e-02
-7.258094850004358223e-02
-7.360230935976389000e-02
-7.462309318315303586e-02
-7.564326028509026079e-02
-7.666277091611095607e-02
-7.768158526358487359e-02
-7.869966345289923504e-02
-7.971696554864306228e-02
-8.073345155579740584e-02
-8.174908142092647545e-02
-8.276381503337452983e-02
-8.377761222646350203e-02
-8.479043277869716122e-02
-8.580223641496452502e-02
-8.681298280775029408e-02
-8.782263157834560574e-02
-8.883114229806388096e-02
-8.983847448945864178e-02
-9.084458762754418770e-02
-9.184944114102081003e-02
-9.285299441350088057e-02
-9.385520678474000567e-02
-9.485603755186894359e-02
-9.585544597063065664e-02
-9.685339125661797388e-02
-9.784983258651601401e-02
-9.884472909934551021e-02
-9.983803989771072862e-02
-1.008297240490486912e-01
-1.018197405868809940e-01
-1.028080485120698440e-01
-1.037946067940741929e-01
-1.047793743722110343e-01
-1.057623101569164781e-01
-1.067433730310121676e-01
-1.077225218509711008e-01
-1.086997154481884192e-01
-1.096749126302531269e-01
-1.106480721822216962e-01
-1.116191528678958239e-01
-1.125881134310999371e-01
-1.135549125969631673e-01
-1.145195090732014781e-01
-1.154818615514036084e-01
-1.164419287083174603e-01
-1.173996692071399700e-01
-1.183550416988079779e-01
-1.193080048232909030e-01
-1.202585172108865674e-01
-1.212065374835169934e-01
-1.221520242560280023e-01
-1.230949361374886614e-01
-1.240352317324942000e-01
-1.249728696424690227e-01
-1.259078084669727482e-01
-1.268400068050070939e-01
-1.277694232563237053e-01
-1.286960164227356485e-01
-1.296197449094274035e-01
-1.305405673262692856e-01
-1.314584422891305893e-01
-1.323733284211963679e-01
-1.332851843542836034e-01
-1.341939687301601514e-01
-1.350996402018641018e-01
-1.360021574350240015e-01
-1.369014791091817118e-01
-1.377975639191142410e-01
-1.386903705761586281e-01
-1.395798578095363562e-01
-1.404659843676798470e-01
-1.413487090195588713e-01
-1.422279905560088209e-01
-1.431037877910592282e-01
-1.439760595632627038e-01
-1.448447647370261493e-01
-1.457098622039405544e-01
-1.465713108841136814e-01
-1.474290697275012219e-01
-1.482830977152406193e-01
-1.491333538609834752e-01
-1.499797972122302314e-01
-1.508223868516641308e-01
-1.516610818984855669e-01
-1.524958415097480424e-01
-1.533266248816926303e-01
-1.541533912510846538e-01
-1.549760998965486747e-01
-1.557947101399055623e-01
-1.566091813475079808e-01
-1.574194729315775421e-01
-1.582255443515405979e-01
-1.590273551153653930e-01
-1.598248647808981904e-01
-1.606180329571996190e-01
-1.614068193058814660e-01
-1.621911835424421078e-01
-1.629710854376033580e-01
-1.637464848186455102e-01
-1.645173415707433251e-01
-1.652836156383005184e-01
-1.660452670262853314e-01
-1.668022558015644363e-01
-1.675545420942366193e-01
-1.683020860989668521e-01
-1.690448480763184214e-01
-1.697827883540858618e-01
-1.705158673286260307e-01
-1.712440454661895428e-01
-1.719672833042506510e-01
-1.726855414528369603e-01
-1.733987805958582540e-01
-1.741069614924336539e-01
-1.748100449782195032e-01
-1.755079919667344723e-01
-1.762007634506854437e-01
-1.768883205032905637e-01
-1.775706242796030176e-01
-1.782476360178322228e-01
-1.789193170406648548e-01
-1.795856287565841536e-01
-1.802465326611879803e-01
-1.809019903385061523e-01
-1.815519634623154188e-01
-1.821964137974543263e-01
-1.828353032011353907e-01
-1.834685936242568816e-01
-1.840962471127123024e-01
-1.847182258086988160e-01
-1.853344919520241163e-01
-1.859450078814106344e-01
-1.865497360358001344e-01
-1.871486389556540342e-01
-1.877416792842542537e-01
-1.883288197690005661e-01
-1.889100232627071718e-01
-1.894852527248965801e-01
-1.900544712230924360e-01
-1.906176419341094330e-01
-1.911747281453417546e-01
-1.917256932560491567e-01
-1.922705007786412734e-01
-1.928091143399596474e-01
-1.933414976825569009e-01
-1.938676146659749078e-01
-1.943874292680194127e-01
-1.949009055860334294e-01
-1.954080078381670027e-01
-1.959087003646461100e-01
-1.964029476290375109e-01
-1.968907142195122362e-01
-1.973719648501059132e-01
-1.978466643619768428e-01
-1.983147777246612731e-01
-1.987762700373256752e-01
-1.992311065300173545e-01
-1.996792525649106476e-01
-2.001206736375521211e-01
-2.005553353781013848e-01
-2.009832035525700444e-01
-2.014042440640571030e-01
-2.018184229539817520e-01
-2.022257064033130824e-01
-2.026260607337962427e-01
-2.030194524091765429e-01
-2.034058480364191179e-01
-2.037852143669267035e-01
-2.041575182977528879e-01
-2.045227268728132819e-01
-2.048808072840924421e-01
-2.052317268728480748e-01
-2.055754531308114919e-01
-2.059119537013847367e-01
-2.062411963808342408e-01
-2.065631491194806491e-01
-2.068777800228860930e-01
-2.071850573530363004e-01
-2.074849495295204849e-01
-2.077774251307064890e-01
-2.080624528949130969e-01
-2.083400017215778499e-01
-2.086100406724216150e-01
-2.088725389726086012e-01
-2.091274660119034623e-01
-2.093747913458233467e-01
-2.096144846967871456e-01
-2.098465159552596049e-01
-2.100708551808923574e-01
-2.102874726036600139e-01
-2.104963386249930068e-01
-2.106974238189049942e-01
-2.108906989331179593e-01
-2.110761348901809276e-01
-2.112537027885858787e-01
-2.114233739038789417e-01
-2.115851196897667041e-01
-2.117389117792189968e-01
-2.118847219855665154e-01
-2.120225223035942796e-01
-2.121522849106305397e-01
-2.122739821676309646e-01
-2.123875866202584173e-01
-2.124930709999580669e-01
-2.125904082250276994e-01
-2.126795714016833372e-01
-2.127605338251201961e-01
-2.128332689805688405e-01
-2.128977505443463425e-01
-2.129539523849028892e-01
-2.130018485638628944e-01
-2.130414133370620855e-01
-2.130726211555787064e-01
-2.130954466667601133e-01
-2.131098647152444292e-01
-2.131158503439768426e-01
-2.131133787952208813e-01
-2.131024255115645805e-01
-2.130829661369212924e-01
-2.130549765175255295e-01
-2.130184327029233382e-01
-2.129733109469570951e-01
-2.129195877087456390e-01
-2.128572396536584088e-01
-2.127862436542844182e-01
-2.127065767913958461e-01
-2.126182163549060200e-01
-2.125211398448215716e-01
-2.124153249721899839e-01
-2.123007496600402000e-01
-2.121773920443189854e-01
-2.120452304748205452e-01
-2.119042435161110349e-01
-2.117544099484470199e-01
-2.115957087686885785e-01
-2.114281191912062152e-01
-2.112516206487819737e-01
-2.110661927935049975e-01
-2.108718154976609582e-01
-2.106684688546153483e-01
-2.104561331796913903e-01
-2.102347890110413120e-01
-2.100044171105122925e-01
-2.097649984645051369e-01
-2.095165142848288975e-01
-2.092589460095467258e-01
-2.089922753038181980e-01
-2.087164840607334260e-01
-2.084315544021421718e-01
-2.081374686794759954e-01
-2.078342094745649349e-01
-2.075217596004464149e-01
-2.072001021021698808e-01
-2.068692202575929673e-01
-2.065290975781727822e-01
-2.061797178097500571e-01
-2.058210649333268583e-01
-2.054531231658379420e-01
-2.050758769609156984e-01
-2.046893110096482393e-01
-2.042934102413312136e-01
-2.038881598242124060e-01
-2.034735451662311456e-01
-2.030495519157486106e-01
-2.026161659622743028e-01
-2.021733734371832514e-01
-2.017211607144283603e-01
-2.012595144112445666e-01
-2.007884213888472824e-01
-2.003078687531232582e-01
-1.998178438553150360e-01
-1.993183342926978241e-01
-1.988093279092509047e-01
-1.982908127963200207e-01
-1.977627772932748773e-01
-1.972252099881579013e-01
-1.966780997183275592e-01
-1.961214355710929891e-01
-1.955552068843431079e-01
-1.949794032471670879e-01
-1.943940145004699194e-01
-1.937990307375774546e-01
-1.931944423048385095e-01
-1.925802398022151418e-01
-1.919564140838703470e-01
-1.913229562587444033e-01
-1.906798576911270526e-01
-1.900271100012201897e-01
-1.893647050656949438e-01
-1.886926350182398515e-01
-1.880108922501033675e-01
-1.873194694106270208e-01
-1.866183594077731045e-01
-1.859075554086434823e-01
-1.851870508399919846e-01
-1.844568393887280056e-01
-1.837169150024147157e-01
-1.829672718897570882e-01
-1.822079045210850123e-01
-1.814388076288267204e-01
-1.806599762079761917e-01
-1.798714055165514525e-01
-1.790730910760475747e-01
-1.782650286718785448e-01
-1.774472143538156910e-01
-1.766196444364140916e-01
-1.757823154994353765e-01
-1.749352243882592306e-01
-1.740783682142901523e-01
-1.732117443553538028e-01
-1.723353504560883043e-01
-1.714491844283246302e-01
-1.705532444514628598e-01
-1.696475289728365254e-01
-1.687320367080733796e-01
-1.678067666414438941e-01
-1.668717180262062061e-01
-1.659268903849395460e-01
-1.649722835098724472e-01
-1.640078974632006859e-01
-1.630337325774000590e-01
-1.620497894555278096e-01
-1.610560689715197225e-01
-1.600525722704755904e-01
-1.590393007689406002e-01
-1.580162561551741729e-01
-1.569834403894155850e-01
-1.559408557041372656e-01
-1.548885046042933755e-01
-1.538263898675574781e-01
-1.527545145445553254e-01
-1.516728819590855704e-01
-1.505814957083368155e-01
-1.494803596630922549e-01
-1.483694779679291809e-01
-1.472488550414101094e-01
-1.461184955762628301e-01
-1.449784045395572374e-01
-1.438285871728684218e-01
-1.426690489924365146e-01
-1.414997957893149028e-01
-1.403208336295122538e-01
-1.391321688541245216e-01
-1.379338080794614563e-01
-1.367257581971608738e-01
-1.355080263742995395e-01
-1.342806200534907568e-01
-1.330435469529781534e-01
-1.317968150667176985e-01
-1.305404326644540591e-01
-1.292744082917865189e-01
-1.279987507702287086e-01
-1.267134691972573168e-01
-1.254185729463563326e-01
-1.241140716670480204e-01
-1.227999752849212034e-01
-1.214762940016451964e-01
-1.201430382949812137e-01
-1.188002189187805785e-01
-1.174478469029783534e-01
-1.160859335535753406e-01
-1.147144904526149201e-01
-1.133335294581480079e-01
-1.119430627041940185e-01
-1.105431026006880174e-01
-1.091336618334255715e-01
-1.077147533639929849e-01
-1.062863904296949547e-01
-1.048485865434690550e-01
-1.034013554937956436e-01
-1.019447113445954567e-01
-1.004786684351237774e-01
-9.900324137985025419e-02
-9.751844506833656778e-02
-9.602429466509954104e-02
-9.452080560947156984e-02
-9.300799361544773158e-02
-9.148587467152854980e-02
-8.995446504055075454e-02
-8.841378125951321332e-02
-8.686384013939024706e-02
-8.530465876494192079e-02
-8.373625449450951275e-02
-8.215864495980937376e-02
-8.057184806571164593e-02
-7.897588199001680243e-02
-7.737076518321861496e-02
-7.575651636826277735e-02
-7.413315454029360818e-02
-7.250069896639589617e-02
-7.085916918532428332e-02
-6.920858500722938678e-02
-6.754896651336932123e-02
-6.588033405581952828e-02
-6.420270825716757612e-02
-6.251611001020582203e-02
-6.082056047761025958e-02
-5.911608109161568814e-02
-5.740269355367775411e-02
-5.568041983413239693e-02
-5.394928217184000174e-02
-5.220930307382885827e-02
-5.046050531492243807e-02
-4.870291193736571433e-02
-4.693654625043699319e-02
-4.516143183005622702e-02
-4.337759251838094882e-02
-4.158505242339795988e-02
-3.978383591850193080e-02
-3.797396764207185138e-02
-3.615547249703179172e-02
-3.432837565041139266e-02
-3.249270253289002208e-02
-3.064847883834024775e-02
-2.879573052335668293e-02
-2.693448380678167484e-02
-2.506476516921837469e-02
-2.318660135253993934e-02
-2.130001935938554206e-02
-1.940504645265448552e-02
-1.750171015498448376e-02
-1.559003824823013140e-02
-1.367005877292476641e-02
-1.174180002774201023e-02
-9.805290568942666776e-03
-7.860559209818781742e-03
-5.907635020124283806e-03
-3.946547325504082791e-03
-1.977325706907106032e-03
3.861855961412262368e-17
1.985399705436202613e-03
3.978843066108809536e-03
5.980299485831711351e-03
7.989738116145731622e-03
1.000712785695186645e-02
1.203243735714780958e-02
1.406563501527783797e-02
1.610668898018384476e-02
1.815556715167257126e-02
2.021223718118176846e-02
2.227666647246329470e-02
2.434882218226579534e-02
2.642867122103214825e-02
2.851618025359916458e-02
3.061131569991076135e-02
3.271404373573198743e-02
3.482433029337934915e-02
3.694214106244965434e-02
3.906744149056610299e-02
4.120019678412259467e-02
4.334037190904520970e-02
4.548793159155268412e-02
4.764284031893184501e-02
4.980506234031476659e-02
5.197456166746960288e-02
5.415130207559160080e-02
5.633524710411075970e-02
5.852636005749729808e-02
6.072460400608441222e-02
6.292994178688977869e-02
6.514233600445128169e-02
6.736174903166744499e-02
6.958814301064278340e-02
7.182147985354780939e-02
7.406172124347774888e-02
7.630882863532634230e-02
7.856276325666074201e-02
8.082348610861016247e-02
8.309095796675407264e-02
8.536513938202705543e-02
8.764599068162082229e-02
8.993347196990378323e-02
9.222754312933835463e-02
9.452816382141338014e-02
9.683529348757742572e-02
9.914889135018487010e-02
1.014689164134436189e-01
1.037953274643761414e-01
1.061280830737798275e-01
1.084671415972039421e-01
1.108124611759231798e-01
1.131639997379287610e-01
1.155217149989167941e-01
1.178855644632918059e-01
1.202555054251705086e-01
1.226314949693984441e-01
1.250134899725677262e-01
1.274014471040479379e-01
1.297953228270160297e-01
1.321950733995028437e-01
1.346006548754353216e-01
1.370120231056966287e-01
1.394291337391829477e-01
1.418519422238751493e-01
1.442804038079103235e-01
1.467144735406669676e-01
1.491541062738480916e-01
1.515992566625812832e-01
1.540498791665143030e-01
1.565059280509277229e-01
1.589673573878447321e-01
1.614341210571551277e-01
1.639061727477392205e-01
1.663834659586039544e-01
1.688659540000198855e-01
1.713535899946704855e-01
1.738463268787998617e-01
1.763441174033768821e-01
1.788469141352540259e-01
1.813546694583439423e-01
1.838673355747919291e-01
1.863848645061627340e-01
1.889072080946267440e-01
1.914343180041585823e-01
1.939661457217351226e-01
1.965026425585469361e-01
1.990437596512066032e-01
2.015894479629735114e-01
2.041396582849735741e-01
2.066943412374354916e-01
2.092534472709229043e-01
2.118169266675807016e-01
2.143847295423801647e-01
2.169568058443767933e-01
2.195331053579651914e-01
2.221135777041500503e-01
2.246981723418111365e-01
2.272868385689859050e-01
2.298795255241461721e-01
2.324761821874896939e-01
2.350767573822302448e-01
2.376811997758985218e-01
2.402894578816432980e-01
2.429014800595442336e-01
2.455172145179211896e-01
2.481366093146599727e-01
2.507596123585311698e-01
2.533861714105258844e-01
2.560162340851863672e-01
2.586497478519501625e-01
2.612866600364921466e-01
2.639269178220783330e-01
2.665704682509180135e-01
2.692172582255281665e-01
2.718672345100939247e-01
2.745203437318444184e-01
2.771765323824215699e-01
2.798357468192667619e-01
2.824979332669990129e-01
2.851630378188094173e-01
2.878310064378511446e-01
2.905017849586423173e-01
2.931753190884639482e-01
2.958515544087736426e-01
2.985304363766119740e-01
3.012119103260250119e-01
3.038959214694801902e-01
3.065824148992961629e-01
3.092713355890694960e-01
3.119626283951116297e-01
3.146562380578842300e-01
3.173521092034463642e-01
3.200501863448952933e-01
3.227504138838241388e-01
3.254527361117706130e-01
3.281570972116818474e-01
3.308634412593725593e-01
3.335717122249965416e-01
3.362818539745133783e-01
3.389938102711679835e-01
3.417075247769639779e-01
3.444229410541518877e-01
3.471400025667096823e-01
3.498586526818382447e-01
3.525788346714494037e-01
3.553004917136687868e-01
3.580235668943313465e-01
3.607480032084894317e-01
3.634737435619176948e-01
3.662007307726277694e-01
3.689289075723777844e-01
3.716582166081962013e-01
3.743886004438968795e-01
3.771200015616095746e-01
3.798523623633018875e-01
3.825856251723149248e-01
3.853197322348930198e-01
3.880546257217238337e-01
3.907902477294777910e-01
3.935265402823485692e-01
3.962634453336026374e-01
3.990009047671246312e-01
4.017388603989724971e-01
4.044772539789274202e-01
4.072160271920562402e-01
4.099551216602656534e-01
4.126944789438702910e-01
4.154340405431526939e-01
4.181737478999352775e-01
4.209135423991465230e-01
4.236533653703974944e-01
4.263931580895526929e-01
4.291328617803122913e-01
4.318724176157862082e-01
4.346117667200817269e-01
4.373508501698823991e-01
4.400896089960396607e-01
4.428279841851559540e-01
4.455659166811802296e-01
4.483033473869963426e-01
4.510402171660214954e-01
4.537764668437985760e-01
4.565120372095992085e-01
4.592468690180191437e-01
4.619809029905852515e-01
4.647140798173541310e-01
4.674463401585227107e-01
4.701776246460304676e-01
4.729078738851728581e-01
4.756370284562068118e-01
4.783650289159672719e-01
4.810918157994755195e-01
4.838173296215589891e-01
4.865415108784616471e-01
4.892643000494668604e-01
4.919856375985101060e-01
4.947054639758048378e-01
4.974237196194573607e-01
5.001403449570940296e-01
5.028552804074798432e-01
5.055684663821463642e-01
5.082798432870129224e-01
5.109893515240166995e-01
5.136969314927349872e-01
5.164025235920169932e-01
5.191060682216084299e-01
5.218075057837838759e-01
5.245067766849736968e-01
5.272038213373966276e-01
5.298985801606883594e-01
5.325909935835356768e-01
5.352810020453045992e-01
5.379685459976779605e-01
5.406535659062814414e-01
5.433360022523229249e-01
5.460157955342198610e-01
5.486928862692385112e-01
5.513672149951219792e-01
5.540387222717283455e-01
5.567073486826604745e-01
5.593730348369043703e-01
5.620357213704575416e-01
5.646953489479681343e-01
5.673518582643630737e-01
5.700051900464865318e-01
5.726552850547278473e-01
5.753020840846596595e-01
5.779455279686652736e-01
5.805855575775751287e-01
5.832221138222939416e-01
5.858551376554371748e-01
5.884845700729559592e-01
5.911103521157721197e-01
5.937324248714030972e-01
5.963507294755950872e-01
5.989652071139467404e-01
6.015757990235399699e-01
6.041824464945628748e-01
6.067850908719389924e-01
6.093836735569470031e-01
6.119781360088500932e-01
6.145684197465121068e-01
6.171544663500251326e-01
6.197362174623234354e-01
6.223136147908091553e-01
6.248866001089639077e-01
6.274551152579702640e-01
6.300191021483227960e-01
6.325785027614465594e-01
6.351332591513038084e-01
6.376833134460107022e-01
6.402286078494415777e-01
6.427690846428411042e-01
6.453046861864262240e-01
6.478353549209949769e-01
6.503610333695245549e-01
6.528816641387767961e-01
6.553971899208930196e-01
6.579075534949958559e-01
6.604126977287791966e-01
6.629125655801066941e-01
6.654071000985988249e-01
6.678962444272256160e-01
6.703799418038904889e-01
6.728581355630178784e-01
6.753307691371337462e-01
6.777977860584475378e-01
6.802591299604292541e-01
6.827147445793863012e-01
6.851645737560344562e-01
6.876085614370721633e-01
6.900466516767446157e-01
6.924787886384141666e-01
6.949049165961187491e-01
6.973249799361362911e-01
6.997389231585388059e-01
7.021466908787513672e-01
7.045482278290999822e-01
7.069434788603651265e-01
7.093323889433238438e-01
7.117149031702973971e-01
7.140909667566879282e-01
7.164605250425192251e-01
7.188235234939671647e-01
7.211799077048960394e-01
7.235296233983803393e-01
7.258726164282347515e-01
7.282088327805339434e-01
7.305382185751272406e-01
7.328607200671598543e-01
7.351762836485777886e-01
7.374848558496405193e-01
7.397863833404216827e-01
7.420808129323124280e-01
7.443680915795160002e-01
7.466481663805450975e-01
7.489209845797060172e-01
7.511864935685905742e-01
7.534446408875530299e-01
7.556953742271929064e-01
7.579386414298253660e-01
7.601743904909555871e-01
7.624025695607414832e-01
7.646231269454599744e-01
7.668360111089613795e-01
7.690411706741281384e-01
7.712385544243204327e-01
7.734281113048261380e-01
7.756097904242985619e-01
7.777835410561981799e-01
7.799493126402209375e-01
7.821070547837314368e-01
7.842567172631825789e-01
7.863982500255397579e-01
7.885316031896922873e-01
7.906567270478664922e-01
7.927735720670295860e-01
7.948820888902939918e-01
7.969822283383102279e-01
7.990739414106624583e-01
8.011571792872521636e-01
8.032318933296835883e-01
8.052980350826385303e-01
8.073555562752511294e-01
8.094044088224728872e-01
8.114445448264379079e-01
8.134759165778173706e-01
8.154984765571752225e-01
8.175121774363124372e-01
8.195169720796116053e-01
8.215128135453708680e-01
8.234996550871395149e-01
8.254774501550398158e-01
8.274461523970925159e-01
8.294057156605277870e-01
8.313560939931002869e-01
8.332972416443888974e-01
8.352291130671011254e-01
8.371516629183615166e-01
8.390648460610043990e-01
8.409686175648526385e-01
8.428629327079977251e-01
8.447477469780676484e-01
8.466230160734954380e-01
8.484886959047753807e-01
8.503447425957205708e-01
8.521911124847065810e-01
8.540277621259180219e-01
8.558546482905798891e-01
8.576717279681917994e-01
8.594789583677484579e-01
8.612762969189616813e-01
8.630637012734676539e-01
8.648411293060366267e-01
8.666085391157701823e-01
8.683658890272960562e-01
8.701131375919534117e-01
8.718502435889767810e-01
8.735771660266666849e-01
8.752938641435620282e-01
8.770002974095976178e-01
8.786964255272636803e-01
8.803822084327509456e-01
8.820576062970969522e-01
8.837225795273174755e-01
8.853770887675403989e-01
8.870210949001244849e-01
8.886545590467789246e-01
8.902774425696688976e-01
8.918897070725221310e-01
8.934913144017212483e-01
8.950822266473964506e-01
8.966624061445039873e-01
8.982318154739052929e-01
8.997904174634325791e-01
9.013381751889530946e-01
9.028750519754207282e-01
9.044010113979277232e-01
9.059160172827411817e-01
9.074200337083401235e-01
9.089130250064397787e-01
9.103949557630125478e-01
9.118657908192990824e-01
9.133254952728150355e-01
9.147740344783470423e-01
9.162113740489449265e-01
9.176374798569040259e-01
9.190523180347428545e-01
9.204558549761695518e-01
9.218480573370462228e-01
9.232288920363395102e-01
9.245983262570707240e-01
9.259563274472520922e-01
9.273028633208203475e-01
9.286379018585598777e-01
9.299614113090197698e-01
9.312733601894223057e-01
9.325737172865654623e-01
9.338624516577150869e-01
9.351395326314928536e-01
9.364049298087533391e-01
9.376586130634559924e-01
9.389005525435261124e-01
9.401307186717132724e-01
9.413490821464353120e-01
9.425556139426208846e-01
9.437502853125386837e-01
9.449330677866243366e-01
9.461039331742930880e-01
9.472628535647508174e-01
9.484098013277921790e-01
9.495447491145939667e-01
9.506676698584987095e-01
9.517785367757911619e-01
9.528773233664656894e-01
9.539640034149873271e-01
9.550385509910435111e-01
9.561009404502864850e-01
9.571511464350717091e-01
9.581891438751820589e-01
9.592149079885502472e-01
9.602284142819672574e-01
9.612296385517876685e-01
9.622185568846222115e-01
9.631951456580254423e-01
9.641593815411723112e-01
9.651112414955305141e-01
9.660507027755188547e-01
9.669777429291620541e-01
9.678923397987343469e-01
9.687944715213974156e-01
9.696841165298256682e-01
9.705612535528279627e-01
9.714258616159567872e-01
9.722779200421116652e-01
9.731174084521325707e-01
9.739443067653852371e-01
9.747585952003383625e-01
9.755602542751320438e-01
9.763492648081364411e-01
9.771256079185043353e-01
9.778892650267120290e-01
9.786402178550951403e-01
9.793784484283712954e-01
9.801039390741600466e-01
9.808166724234871348e-01
9.815166314112862000e-01
9.822037992768888337e-01
9.828781595645048608e-01
9.835396961236975155e-01
9.841883931098462934e-01
9.848242349846030308e-01
9.854472065163379924e-01
9.860572927805784094e-01
9.866544791604378029e-01
9.872387513470352038e-01
9.878100953399077122e-01
9.883684974474122864e-01
9.889139442871202057e-01
9.894464227862007633e-01
9.899659201817990750e-01
9.904724240214008990e-01
9.909659221631925696e-01
9.914464027764094967e-01
9.919138543416765597e-01
9.923682656513388434e-01
9.928096258097856008e-01
9.932379242337620040e-01
9.936531506526744550e-01
9.940552951088854616e-01
9.944443479580015177e-01
9.948202998691484389e-01
9.951831418252418127e-01
9.955328651232445702e-01
9.958694613744195623e-01
9.961929225045687009e-01
9.965032407542669945e-01
9.968004086790847040e-01
9.970844191498023923e-01
9.973552653526150946e-01
9.976129407893296053e-01
9.978574392775499957e-01
9.980887549508573597e-01
9.983068822589769020e-01
9.985118159679388095e-01
9.987035511602280202e-01
9.988820832349264434e-01
9.990474079078448533e-01
9.991995212116471237e-01
9.993384194959629152e-01
9.994640994274941459e-01
9.995765579901096931e-01
9.996757924849336563e-01
9.997618005304211852e-01
9.998345800624288682e-01
9.998941293342729075e-01
9.999404469167799681e-01
9.999735316983281441e-01
9.999933828848789341e-01
1.000000000000000000e+00
9.999933828848789341e-01
9.999735316983281441e-01
9.999404469167799681e-01
9.998941293342729075e-01
9.998345800624286461e-01
9.997618005304211852e-01
9.996757924849336563e-01
9.995765579901096931e-01
9.994640994274941459e-01
9.993384194959629152e-01
9.991995212116471237e-01
9.990474079078448533e-01
9.988820832349262213e-01
9.987035511602280202e-01
9.985118159679388095e-01
9.983068822589769020e-01
9.980887549508573597e-01
9.978574392775499957e-01
9.976129407893296053e-01
9.973552653526150946e-01
9.970844191498025033e-01
9.968004086790847040e-01
9.965032407542669945e-01
9.961929225045687009e-01
9.958694613744194513e-01
9.955328651232445702e-01
9.951831418252417016e-01
9.948202998691484389e-01
9.944443479580015177e-01
9.940552951088854616e-01
9.936531506526743440e-01
9.932379242337620040e-01
9.928096258097854898e-01
9.923682656513388434e-01
9.919138543416764486e-01
9.914464027764094967e-01
9.909659221631924586e-01
9.904724240214008990e-01
9.899659201817988530e-01
9.894464227862007633e-01
9.889139442871200947e-01
9.883684974474122864e-01
9.878100953399077122e-01
9.872387513470352038e-01
9.866544791604378029e-01
9.860572927805784094e-01
9.854472065163379924e-01
9.848242349846030308e-01
9.841883931098462934e-01
9.835396961236975155e-01
9.828781595645048608e-01
9.822037992768888337e-01
9.815166314112862000e-01
9.808166724234871348e-01
9.801039390741600466e-01
9.793784484283712954e-01
9.786402178550951403e-01
9.778892650267120290e-01
9.771256079185043353e-01
9.763492648081364411e-01
9.755602542751320438e-01
9.747585952003383625e-01
9.739443067653852371e-01
9.731174084521325707e-01
9.722779200421116652e-01
9.714258616159567872e-01
9.705612535528279627e-01
9.696841165298256682e-01
9.687944715213974156e-01
9.678923397987343469e-01
9.669777429291620541e-01
9.660507027755188547e-01
9.651112414955305141e-01
9.641593815411723112e-01
9.631951456580254423e-01
9.622185568846222115e-01
9.612296385517876685e-01
9.602284142819672574e-01
9.592149079885502472e-01
9.581891438751820589e-01
9.571511464350717091e-01
9.561009404502864850e-01
9.550385509910435111e-01
9.539640034149873271e-01
9.528773233664656894e-01
9.517785367757908288e-01
9.506676698584987095e-01
9.495447491145937446e-01
9.484098013277921790e-01
9.472628535647505954e-01
9.461039331742930880e-01
9.449330677866240036e-01
9.437502853125386837e-01
9.425556139426206625e-01
9.413490821464353120e-01
9.401307186717130504e-01
9.389005525435261124e-01
9.376586130634557703e-01
9.364049298087533391e-01
9.351395326314926315e-01
9.338624516577150869e-01
9.325737172865650182e-01
9.312733601894223057e-01
9.299614113090195477e-01
9.286379018585598777e-01
9.273028633208201255e-01
9.259563274472520922e-01
9.245983262570703909e-01
9.232288920363395102e-01
9.218480573370458897e-01
9.204558549761695518e-01
9.190523180347425214e-01
9.176374798569040259e-01
9.162113740489444824e-01
9.147740344783470423e-01
9.133254952728147025e-01
9.118657908192990824e-01
9.103949557630122147e-01
9.089130250064397787e-01
9.074200337083397905e-01
9.059160172827411817e-01
9.044010113979275012e-01
9.028750519754207282e-01
9.013381751889528726e-01
8.997904174634325791e-01
8.982318154739049598e-01
8.966624061445039873e-01
8.950822266473960065e-01
8.934913144017212483e-01
8.918897070725217979e-01
8.902774425696688976e-01
8.886545590467785916e-01
8.870210949001244849e-01
8.853770887675400658e-01
8.837225795273174755e-01
8.820576062970962861e-01
8.803822084327509456e-01
8.786964255272632363e-01
8.770002974095976178e-01
8.752938641435615841e-01
8.735771660266666849e-01
8.718502435889763369e-01
8.701131375919534117e-01
8.683658890272956121e-01
8.666085391157701823e-01
8.648411293060362937e-01
8.630637012734676539e-01
8.612762969189613482e-01
8.594789583677484579e-01
8.576717279681912443e-01
8.558546482905798891e-01
8.540277621259175778e-01
8.521911124847065810e-01
8.503447425957201267e-01
8.484886959047753807e-01
8.466230160734949939e-01
8.447477469780676484e-01
8.428629327079972811e-01
8.409686175648526385e-01
8.390648460610039550e-01
8.371516629183615166e-01
8.352291130671006814e-01
8.332972416443888974e-01
8.313560939930998428e-01
8.294057156605277870e-01
8.274461523970920718e-01
8.254774501550398158e-01
8.234996550871390708e-01
8.215128135453708680e-01
8.195169720796116053e-01
8.175121774363124372e-01
8.154984765571752225e-01
8.134759165778173706e-01
8.114445448264379079e-01
8.094044088224728872e-01
8.073555562752511294e-01
8.052980350826385303e-01
8.032318933296835883e-01
8.011571792872521636e-01
7.990739414106624583e-01
7.969822283383102279e-01
7.948820888902939918e-01
7.927735720670295860e-01
7.906567270478664922e-01
7.885316031896922873e-01
7.863982500255397579e-01
7.842567172631825789e-01
7.821070547837314368e-01
7.799493126402209375e-01
7.777835410561981799e-01
7.756097904242985619e-01
7.734281113048261380e-01
7.712385544243204327e-01
7.690411706741281384e-01
7.668360111089613795e-01
7.646231269454599744e-01
7.624025695607414832e-01
7.601743904909555871e-01
7.579386414298253660e-01
7.556953742271929064e-01
7.534446408875530299e-01
7.511864935685905742e-01
7.489209845797060172e-01
7.466481663805450975e-01
7.443680915795160002e-01
7.420808129323124280e-01
7.397863833404216827e-01
7.374848558496405193e-01
7.351762836485777886e-01
7.328607200671598543e-01
7.305382185751272406e-01
7.282088327805339434e-01
7.258726164282347515e-01
7.235296233983803393e-01
7.211799077048954842e-01
7.188235234939671647e-01
7.164605250425185590e-01
7.140909667566879282e-01
7.117149031702968420e-01
7.093323889433238438e-01
7.069434788603646824e-01
7.045482278290999822e-01
7.021466908787509231e-01
6.997389231585388059e-01
6.973249799361356249e-01
6.949049165961187491e-01
6.924787886384137225e-01
6.900466516767446157e-01
6.876085614370716081e-01
6.851645737560344562e-01
6.827147445793858571e-01
6.802591299604292541e-01
6.777977860584469827e-01
6.753307691371337462e-01
6.728581355630174343e-01
6.703799418038904889e-01
6.678962444272252830e-01
6.654071000985988249e-01
6.629125655801061390e-01
6.604126977287791966e-01
6.579075534949953008e-01
6.553971899208930196e-01
6.528816641387761299e-01
6.503610333695245549e-01
6.478353549209945328e-01
6.453046861864262240e-01
6.427690846428406601e-01
6.402286078494415777e-01
6.376833134460101471e-01
6.351332591513038084e-01
6.325785027614465594e-01
6.300191021483223519e-01
6.274551152579697089e-01
6.248866001089639077e-01
6.223136147908091553e-01
6.197362174623229913e-01
6.171544663500243555e-01
6.145684197465121068e-01
6.119781360088500932e-01
6.093836735569464480e-01
6.067850908719383263e-01
6.041824464945628748e-01
6.015757990235399699e-01
5.989652071139460743e-01
5.963507294755945320e-01
5.937324248714030972e-01
5.911103521157721197e-01
5.884845700729555151e-01
5.858551376554367307e-01
5.832221138222939416e-01
5.805855575775751287e-01
5.779455279686646074e-01
5.753020840846591044e-01
5.726552850547278473e-01
5.700051900464865318e-01
5.673518582643624075e-01
5.646953489479675792e-01
5.620357213704575416e-01
5.593730348369043703e-01
5.567073486826599193e-01
5.540387222717277904e-01
5.513672149951219792e-01
5.486928862692385112e-01
5.460157955342193059e-01
5.433360022523221478e-01
5.406535659062814414e-01
5.379685459976779605e-01
5.352810020453040440e-01
5.325909935835348996e-01
5.298985801606883594e-01
5.272038213373966276e-01
5.245067766849731417e-01
5.218075057837834319e-01
5.191060682216084299e-01
5.164025235920169932e-01
5.136969314927344321e-01
5.109893515240161443e-01
5.082798432870129224e-01
5.055684663821463642e-01
5.028552804074803984e-01
5.001403449570934745e-01
4.974237196194573607e-01
4.947054639758048378e-01
4.919856375985106611e-01
4.892643000494661942e-01
4.865415108784616471e-01
4.838173296215589891e-01
4.810918157994761857e-01
4.783650289159666613e-01
4.756370284562068118e-01
4.729078738851728581e-01
4.701776246460311337e-01
4.674463401585220446e-01
4.647140798173541310e-01
4.619809029905852515e-01
4.592468690180196433e-01
4.565120372095985424e-01
4.537764668437985760e-01
4.510402171660214954e-01
4.483033473869969532e-01
4.455659166811796745e-01
4.428279841851559540e-01
4.400896089960396607e-01
4.373508501698829543e-01
4.346117667200810053e-01
4.318724176157862082e-01
4.291328617803122913e-01
4.263931580895534146e-01
4.236533653703968838e-01
4.209135423991465230e-01
4.181737478999352775e-01
4.154340405431533045e-01
4.126944789438697359e-01
4.099551216602656534e-01
4.072160271920562402e-01
4.044772539789280308e-01
4.017388603989718865e-01
3.990009047671246312e-01
3.962634453336026374e-01
3.935265402823491243e-01
3.907902477294771804e-01
3.880546257217238337e-01
3.853197322348930198e-01
3.825856251723149248e-01
3.798523623633013879e-01
3.771200015616089640e-01
3.743886004438968795e-01
3.716582166081962013e-01
3.689289075723771738e-01
3.662007307726272143e-01
3.634737435619176948e-01
3.607480032084894317e-01
3.580235668943305138e-01
3.553004917136682317e-01
3.525788346714494037e-01
3.498586526818382447e-01
3.471400025667090716e-01
3.444229410541513325e-01
3.417075247769639779e-01
3.389938102711679835e-01
3.362818539745128232e-01
3.335717122249960420e-01
3.308634412593725593e-01
3.281570972116818474e-01
3.254527361117700579e-01
3.227504138838234171e-01
3.200501863448952933e-01
3.173521092034463642e-01
3.146562380578836748e-01
3.119626283951109635e-01
3.092713355890694960e-01
3.065824148992961629e-01
3.038959214694795796e-01
3.012119103260244013e-01
2.985304363766119740e-01
2.958515544087736426e-01
2.931753190884633931e-01
2.905017849586417067e-01
2.878310064378511446e-01
2.851630378188094173e-01
2.824979332669984022e-01
2.798357468192661512e-01
2.771765323824215699e-01
2.745203437318444184e-01
2.718672345100934251e-01
2.692172582255276114e-01
2.665704682509180135e-01
2.639269178220783330e-01
2.612866600364913694e-01
2.586497478519496629e-01
2.560162340851863672e-01
2.533861714105258844e-01
2.507596123585305592e-01
2.481366093146592511e-01
2.455172145179211896e-01
2.429014800595442336e-01
2.402894578816427706e-01
2.376811997758979944e-01
2.350767573822302448e-01
2.324761821874896939e-01
2.298795255241455893e-01
2.272868385689853221e-01
2.246981723418111365e-01
2.221135777041500503e-01
2.195331053579646641e-01
2.169568058443762382e-01
2.143847295423801647e-01
2.118169266675807016e-01
2.092534472709223492e-01
2.066943412374349365e-01
2.041396582849735741e-01
2.015894479629735114e-01
1.990437596512060481e-01
1.965026425585463810e-01
1.939661457217351226e-01
1.914343180041585823e-01
1.889072080946260224e-01
1.863848645061621789e-01
1.838673355747919291e-01
1.813546694583439423e-01
1.788469141352534708e-01
1.763441174033761882e-01
1.738463268787998617e-01
1.713535899946704855e-01
1.688659540000193582e-01
1.663834659586034270e-01
1.639061727477392205e-01
1.614341210571551277e-01
1.589673573878452872e-01
1.565059280509272233e-01
1.540498791665143030e-01
1.515992566625812832e-01
1.491541062738486190e-01
1.467144735406664680e-01
1.442804038079103235e-01
1.418519422238751493e-01
1.394291337391834751e-01
1.370120231056961013e-01
1.346006548754353216e-01
1.321950733995028437e-01
1.297953228270165571e-01
1.274014471040473828e-01
1.250134899725677262e-01
1.226314949693984441e-01
1.202555054251710082e-01
1.178855644632912925e-01
1.155217149989167941e-01
1.131639997379287610e-01
1.108124611759236655e-01
1.084671415972032760e-01
1.061280830737798275e-01
1.037953274643761414e-01
1.014689164134442573e-01
9.914889135018437050e-02
9.683529348757742572e-02
9.452816382141338014e-02
9.222754312933888199e-02
8.993347196990331138e-02
8.764599068162082229e-02
8.536513938202705543e-02
8.309095796675457224e-02
8.082348610860969063e-02
7.856276325666074201e-02
7.630882863532634230e-02
7.406172124347822072e-02
7.182147985354732367e-02
6.958814301064278340e-02
6.736174903166744499e-02
6.514233600445175354e-02
6.292994178688930684e-02
6.072460400608394732e-02
5.852636005749729808e-02
5.633524710411075970e-02
5.415130207559113590e-02
5.197456166746914491e-02
4.980506234031476659e-02
4.764284031893184501e-02
4.548793159155207350e-02
4.334037190904476561e-02
4.120019678412259467e-02
3.906744149056610299e-02
3.694214106244921719e-02
3.482433029337890507e-02
3.271404373573198743e-02
3.061131569991076135e-02
2.851618025359872050e-02
2.642867122103171110e-02
2.434882218226579534e-02
2.227666647246329470e-02
2.021223718118132090e-02
1.815556715167199534e-02
1.610668898018384476e-02
1.406563501527783797e-02
1.203243735714737764e-02
1.000712785695143971e-02
7.989738116145731622e-03
5.980299485831711351e-03
3.978843066108386263e-03
1.985399705435780641e-03
3.861855961412262368e-17
-1.977325706907106032e-03
-3.946547325504499992e-03
-5.907635020124699272e-03
-7.860559209818781742e-03
-9.805290568942666776e-03
-1.174180002774242136e-02
-1.367005877292517581e-02
-1.559003824823013140e-02
-1.750171015498448376e-02
-1.940504645265488451e-02
-2.130001935938593410e-02
-2.318660135253993934e-02
-2.506476516921837469e-02
-2.693448380678220913e-02
-2.879573052335707845e-02
-3.064847883834024775e-02
-3.249270253289002208e-02
-3.432837565041178124e-02
-3.615547249703230520e-02
-3.797396764207185138e-02
-3.978383591850193080e-02
-4.158505242339834151e-02
-4.337759251838133046e-02
-4.516143183005622702e-02
-4.693654625043699319e-02
-4.870291193736608903e-02
-5.046050531492280583e-02
-5.220930307382885827e-02
-5.394928217184000174e-02
-5.568041983413276469e-02
-5.740269355367811493e-02
-5.911608109161568814e-02
-6.082056047761025958e-02
-6.251611001020616898e-02
-6.420270825716793694e-02
-6.588033405581952828e-02
-6.754896651336932123e-02
-6.920858500722976148e-02
-7.085916918532463027e-02
-7.250069896639589617e-02
-7.413315454029360818e-02
-7.575651636826324919e-02
-7.737076518321894802e-02
-7.897588199001680243e-02
-8.057184806571164593e-02
-8.215864495980969295e-02
-8.373625449450995684e-02
-8.530465876494192079e-02
-8.686384013939024706e-02
-8.841378125951356026e-02
-8.995446504055108761e-02
-9.148587467152854980e-02
-9.300799361544773158e-02
-9.452080560947186127e-02
-9.602429466509986022e-02
-9.751844506833656778e-02
-9.900324137985025419e-02
-1.004786684351234860e-01
-1.019447113445957620e-01
-1.034013554937956436e-01
-1.048485865434690550e-01
-1.062863904296946632e-01
-1.077147533639932903e-01
-1.091336618334255715e-01
-1.105431026006880174e-01
-1.119430627041937132e-01
-1.133335294581483133e-01
-1.147144904526149201e-01
-1.160859335535753406e-01
-1.174478469029780897e-01
-1.188002189187808838e-01
-1.201430382949812137e-01
-1.214762940016451964e-01
-1.227999752849209258e-01
-1.241140716670484090e-01
-1.254185729463563326e-01
-1.267134691972573168e-01
-1.279987507702283200e-01
-1.292744082917867687e-01
-1.305404326644540591e-01
-1.317968150667176985e-01
-1.330435469529779036e-01
-1.342806200534909788e-01
-1.355080263742995395e-01
-1.367257581971608738e-01
-1.379338080794611787e-01
-1.391321688541247714e-01
-1.403208336295122538e-01
-1.414997957893149028e-01
-1.426690489924362648e-01
-1.438285871728686161e-01
-1.449784045395572374e-01
-1.461184955762628301e-01
-1.472488550414098596e-01
-1.483694779679293752e-01
-1.494803596630922549e-01
-1.505814957083368155e-01
-1.516728819590855704e-01
-1.527545145445555752e-01
-1.538263898675576724e-01
-1.548885046042933755e-01
-1.559408557041372656e-01
-1.569834403894158903e-01
-1.580162561551744227e-01
-1.590393007689406002e-01
-1.600525722704755904e-01
-1.610560689715199167e-01
-1.620497894555279761e-01
-1.630337325774000590e-01
-1.640078974632006859e-01
-1.649722835098726692e-01
-1.659268903849397403e-01
-1.668717180262062061e-01
-1.678067666414438941e-01
-1.687320367080735739e-01
-1.696475289728368030e-01
-1.705532444514628598e-01
-1.714491844283246302e-01
-1.723353504560884708e-01
-1.732117443553540248e-01
-1.740783682142901523e-01
-1.749352243882592306e-01
-1.757823154994355430e-01
-1.766196444364142581e-01
-1.774472143538156910e-01
-1.782650286718785448e-01
-1.790730910760477412e-01
-1.798714055165516190e-01
-1.806599762079761917e-01
-1.814388076288267204e-01
-1.822079045210852066e-01
-1.829672718897572548e-01
-1.837169150024147157e-01
-1.844568393887280056e-01
-1.851870508399921511e-01
-1.859075554086436488e-01
-1.866183594077731045e-01
-1.873194694106270208e-01
-1.880108922501035895e-01
-1.886926350182399625e-01
-1.893647050656949438e-01
-1.900271100012201897e-01
-1.906798576911272469e-01
-1.913229562587444865e-01
-1.919564140838703470e-01
-1.925802398022151418e-01
-1.931944423048385651e-01
-1.937990307375776211e-01
-1.943940145004699194e-01
-1.949794032471670879e-01
-1.955552068843431635e-01
-1.961214355710931279e-01
-1.966780997183275592e-01
-1.972252099881579013e-01
-1.977627772932750161e-01
-1.982908127963201594e-01
-1.988093279092509047e-01
-1.993183342926978241e-01
-1.998178438553151193e-01
-2.003078687531233415e-01
-2.007884213888472824e-01
-2.012595144112445666e-01
-2.017211607144284435e-01
-2.021733734371833069e-01
-2.026161659622743028e-01
-2.030495519157486106e-01
-2.034735451662312011e-01
-2.038881598242125448e-01
-2.042934102413312136e-01
-2.046893110096482393e-01
-2.050758769609157817e-01
-2.054531231658379975e-01
-2.058210649333268583e-01
-2.061797178097500571e-01
-2.065290975781728933e-01
-2.068692202575930505e-01
-2.072001021021698808e-01
-2.075217596004464149e-01
-2.078342094745649904e-01
-2.081374686794761064e-01
-2.084315544021421718e-01
-2.087164840607334260e-01
-2.089922753038181147e-01
-2.092589460095467813e-01
-2.095165142848288975e-01
-2.097649984645051369e-01
-2.100044171105122093e-01
-2.102347890110413953e-01
-2.104561331796913903e-01
-2.106684688546153483e-01
-2.108718154976609305e-01
-2.110661927935050530e-01
-2.112516206487819737e-01
-2.114281191912062152e-01
-2.115957087686886062e-01
-2.117544099484470199e-01
-2.119042435161110349e-01
-2.120452304748205452e-01
-2.121773920443189299e-01
-2.123007496600402000e-01
-2.124153249721899839e-01
-2.125211398448215716e-01
-2.126182163549059645e-01
-2.127065767913958461e-01
-2.127862436542844182e-01
-2.128572396536584088e-01
-2.129195877087455835e-01
-2.129733109469571228e-01
-2.130184327029233382e-01
-2.130549765175255295e-01
-2.130829661369212924e-01
-2.131024255115645805e-01
-2.131133787952208813e-01
-2.131158503439768426e-01
-2.131098647152444570e-01
-2.130954466667601133e-01
-2.130726211555787064e-01
-2.130414133370620855e-01
-2.130018485638628944e-01
-2.129539523849028615e-01
-2.128977505443463425e-01
-2.128332689805688405e-01
-2.127605338251202238e-01
-2.126795714016833094e-01
-2.125904082250276994e-01
-2.124930709999580669e-01
-2.123875866202584173e-01
-2.122739821676309369e-01
-2.121522849106305120e-01
-2.120225223035942796e-01
-2.118847219855665154e-01
-2.117389117792189690e-01
-2.115851196897666764e-01
-2.114233739038789417e-01
-2.112537027885858787e-01
-2.110761348901808721e-01
-2.108906989331179316e-01
-2.106974238189049942e-01
-2.104963386249930068e-01
-2.102874726036599862e-01
-2.100708551808923297e-01
-2.098465159552596049e-01
-2.096144846967871456e-01
-2.093747913458232635e-01
-2.091274660119033790e-01
-2.088725389726086012e-01
-2.086100406724216150e-01
-2.083400017215777666e-01
-2.080624528949130136e-01
-2.077774251307064890e-01
-2.074849495295204849e-01
-2.071850573530363004e-01
-2.068777800228860653e-01
-2.065631491194806491e-01
-2.062411963808342408e-01
-2.059119537013846812e-01
-2.055754531308114919e-01
-2.052317268728480748e-01
-2.048808072840924976e-01
-2.045227268728131709e-01
-2.041575182977528602e-01
-2.037852143669267035e-01
-2.034058480364192012e-01
-2.030194524091764041e-01
-2.026260607337962150e-01
-2.022257064033130824e-01
-2.018184229539818353e-01
-2.014042440640569920e-01
-2.009832035525700167e-01
-2.005553353781013848e-01
-2.001206736375521211e-01
-1.996792525649105643e-01
-1.992311065300172435e-01
-1.987762700373256752e-01
-1.983147777246613286e-01
-1.978466643619767595e-01
-1.973719648501058577e-01
-1.968907142195122362e-01
-1.964029476290375664e-01
-1.959087003646459713e-01
-1.954080078381669194e-01
-1.949009055860334294e-01
-1.943874292680194960e-01
-1.938676146659747968e-01
-1.933414976825569009e-01
-1.928091143399596474e-01
-1.922705007786413567e-01
-1.917256932560489624e-01
-1.911747281453416714e-01
-1.906176419341094330e-01
-1.900544712230924360e-01
-1.894852527248964136e-01
-1.889100232627069775e-01
-1.883288197690004828e-01
-1.877416792842542537e-01
-1.871486389556538676e-01
-1.865497360357999956e-01
-1.859450078814106899e-01
-1.853344919520241163e-01
-1.847182258086986495e-01
-1.840962471127121081e-01
-1.834685936242568260e-01
-1.828353032011353907e-01
-1.821964137974540765e-01
-1.815519634623153633e-01
-1.809019903385060690e-01
-1.802465326611879803e-01
-1.795856287565839871e-01
-1.789193170406647437e-01
-1.782476360178321395e-01
-1.775706242796030176e-01
-1.768883205032906469e-01
-1.762007634506852771e-01
-1.755079919667344168e-01
-1.748100449782195032e-01
-1.741069614924337372e-01
-1.733987805958580319e-01
-1.726855414528369603e-01
-1.719672833042506510e-01
-1.712440454661895428e-01
-1.705158673286259197e-01
-1.697827883540857508e-01
-1.690448480763184214e-01
-1.683020860989669354e-01
-1.675545420942364805e-01
-1.668022558015643253e-01
-1.660452670262853314e-01
-1.652836156383006017e-01
-1.645173415707431031e-01
-1.637464848186454547e-01
-1.629710854376033580e-01
-1.621911835424422188e-01
-1.614068193058812439e-01
-1.606180329571995913e-01
-1.598248647808981904e-01
-1.590273551153655041e-01
-1.582255443515403759e-01
-1.574194729315774310e-01
-1.566091813475079808e-01
-1.557947101399055623e-01
-1.549760998965485359e-01
-1.541533912510845428e-01
-1.533266248816926303e-01
-1.524958415097481534e-01
-1.516610818984854281e-01
-1.508223868516639921e-01
-1.499797972122302314e-01
-1.491333538609835585e-01
-1.482830977152403695e-01
-1.474290697275011108e-01
-1.465713108841136814e-01
-1.457098622039407210e-01
-1.448447647370258995e-01
-1.439760595632627038e-01
-1.431037877910592282e-01
-1.422279905560089319e-01
-1.413487090195585938e-01
-1.404659843676797359e-01
-1.395798578095363562e-01
-1.386903705761586281e-01
-1.377975639191141022e-01
-1.369014791091816008e-01
-1.360021574350240015e-01
-1.350996402018642129e-01
-1.341939687301599848e-01
-1.332851843542834369e-01
-1.323733284211963679e-01
-1.314584422891307003e-01
-1.305405673262690358e-01
-1.296197449094272924e-01
-1.286960164227356485e-01
-1.277694232563238441e-01
-1.268400068050067886e-01
-1.259078084669727482e-01
-1.249728696424690227e-01
-1.240352317324942139e-01
-1.230949361374885087e-01
-1.221520242560278774e-01
-1.212065374835169934e-01
-1.202585172108867201e-01
-1.193080048232907642e-01
-1.183550416988078391e-01
-1.173996692071399700e-01
-1.164419287083175991e-01
-1.154818615514033309e-01
-1.145195090732013254e-01
-1.135549125969631673e-01
-1.125881134311000897e-01
-1.116191528678955741e-01
-1.106480721822217100e-01
-1.096749126302531269e-01
-1.086997154481885580e-01
-1.077225218509708232e-01
-1.067433730310120427e-01
-1.057623101569164781e-01
-1.047793743722110205e-01
-1.037946067940740541e-01
-1.028080485120696913e-01
-1.018197405868809940e-01
-1.008297240490488161e-01
-9.983803989771058984e-02
-9.884472909934538531e-02
-9.784983258651601401e-02
-9.685339125661809878e-02
-9.585544597063037908e-02
-9.485603755186879094e-02
-9.385520678474000567e-02
-9.285299441350103322e-02
-9.184944114102053248e-02
-9.084458762754417382e-02
-8.983847448945864178e-02
-8.883114229806404749e-02
-8.782263157834531431e-02
-8.681298280775015530e-02
-8.580223641496452502e-02
-8.479043277869714734e-02
-8.377761222646334938e-02
-8.276381503337423839e-02
-8.174908142092633667e-02
-8.073345155579740584e-02
-7.971696554864277084e-02
-7.869966345289892973e-02
-7.768158526358487359e-02
-7.666277091611095607e-02
-7.564326028508996935e-02
-7.462309318315274442e-02
-7.360230935976373734e-02
-7.258094850004358223e-02
-7.155905022359407286e-02
-7.053665408332782105e-02
-6.951379956429749873e-02
-6.849052608253394792e-02
-6.746687298388445719e-02
-6.644287954285696407e-02
-6.541858496146535362e-02
-6.439402836808111319e-02
-6.336924881628666628e-02
-6.234428528373605477e-02
-6.131917667101389330e-02
-6.029396180050345527e-02
-5.926867941525563316e-02
-5.824336817786323478e-02
-5.721806666934024788e-02
-5.619281338800077158e-02
-5.516764674834777338e-02
-5.414260507996175587e-02
-5.311772662639650811e-02
-5.209304954407581456e-02
-5.106861190119731803e-02
-5.004445167663825605e-02
-4.902060675886915631e-02
-4.799711494486617186e-02
-4.697401393903283262e-02
-4.595134135212283755e-02
-4.492913470017118049e-02
-4.390743140342410339e-02
-4.288626878527780628e-02
-4.186568407122037705e-02
-4.084571438777954283e-02
-3.982639676147062269e-02
-3.880776811775464574e-02
-3.778986527999711464e-02
-3.677272496843481120e-02
-3.575638379914210241e-02
-3.474087828300764791e-02
-3.372624482471208579e-02
-3.271251972171289324e-02
-3.169973916323114149e-02
-3.068793922924594256e-02
-2.967715588949134883e-02
-2.866742500246178410e-02
-2.765878231441679450e-02
-2.665126345839580191e-02
-2.564490395323436658e-02
-2.463973920258950498e-02
-2.363580449396436578e-02
-2.263313499774226994e-02
-2.163176576622451858e-02
-2.063173173267454294e-02
-1.963306771036294265e-02
-1.863580839162320632e-02
-1.763998834690857012e-02
-1.664564202385752922e-02
-1.565280374635947061e-02
-1.466150771363116181e-02
-1.367178799929474366e-02
-1.268367855046353444e-02
-1.169721318683019338e-02
-1.071242559976320202e-02
-9.729349351406185384e-03
-8.748017873786380350e-03
-7.768464467923108345e-03
-6.790722302945863612e-03
-5.814824415216608179e-03
-4.840803707458668330e-03
-3.868692947887825487e-03
-2.898524769352269805e-03
-1.930331668476991834e-03
-9.641460048150011890e-04
-3.754389594645126339e-17
9.620742630897489251e-04
1.922044841166163122e-03
2.879879931357205453e-03
3.835547872030470318e-03
4.789017143607980122e-03
5.740256369377724592e-03
6.689234316295786069e-03
7.635919895788103977e-03
8.580282164541562506e-03
9.522290325292497026e-03
1.046191372760562482e-02
1.139912186865231318e-02
1.233388439397896212e-02
1.326617109827069561e-02
1.419595192610795080e-02
1.512319697272107404e-02
1.604787648473384939e-02
1.696996086090466968e-02
1.788942065285867647e-02
1.880622656581849503e-02
1.972034945932374383e-02
2.063176034794807212e-02
2.154043040200771114e-02
2.244633094826671560e-02
2.334943347063337532e-02
2.424970961085283830e-02
2.514713116919011296e-02
2.604167010511195327e-02
2.693329853795867895e-02
2.782198874761104834e-02
2.870771317514985918e-02
2.959044442351237147e-02
3.047015525813951548e-02
3.134681860761779487e-02
3.222040756431390762e-02
3.309089538500670918e-02
3.395825549150815331e-02
3.482246147128130465e-02
3.568348707804917114e-02
3.654130623240153114e-02
3.739589302239060276e-02
3.824722170412358374e-02
3.909526670234669821e-02
3.994000261102535060e-02
4.078140419391534932e-02
4.161944638512993927e-02
4.245410428969717542e-02
4.328535318411539518e-02
4.411316851689887908e-02
4.493752590911793965e-02
4.575840115493174515e-02
4.657577022211739637e-02
4.738960925258971224e-02
4.819989456291547819e-02
4.900660264482015888e-02
4.980971016569148840e-02
5.060919396907213180e-02
5.140503107514879377e-02
5.219719868123285506e-02
5.298567416223673443e-02
5.377043507114132731e-02
5.455145913945895486e-02
5.532872427768663337e-02
5.610220857575726888e-02
5.687189030348019370e-02
5.763774791097749789e-02
5.839976002911252684e-02
5.915790546991125942e-02
5.991216322698017516e-02
6.066251247591336604e-02
6.140893257469580424e-02
6.215140306409820681e-02
6.288990366806725130e-02
6.362441429410713167e-02
6.435491503365615984e-02
6.508138616245401353e-02
6.580380814090634745e-02
6.652216161443912090e-02
6.723642741384855404e-02
6.794658655564166094e-02
6.865262024237406280e-02
6.935450986297790610e-02
7.005223699308411878e-02
7.074578339533707516e-02
7.143513101970541679e-02
7.212026200378243712e-02
7.280115867308237232e-02
7.347780354132774083e-02
7.415017931073333846e-02
7.481826887227982503e-02
7.548205530598291191e-02
7.614152188115444475e-02
7.679665205665847649e-02
7.744742948115855563e-02
7.809383799336046261e-02
7.873586162224507912e-02
7.937348458729866219e-02
8.000669129873287655e-02
8.063546635770033055e-02
8.125979455650085559e-02
8.187966087878463528e-02
8.249505049974566184e-02
8.310594878630957194e-02
8.371234129731378037e-02
8.431421378368356145e-02
8.491155218859801346e-02
8.550434264765169323e-02
8.609257148900741063e-02
8.667622523354563679e-02
8.725529059500335138e-02
8.782975448010890696e-02
8.839960398870837233e-02
8.896482641388704649e-02
8.952540924208240991e-02
9.008134015319206600e-02
9.063260702067250929e-02
9.117919791163466015e-02
9.172110108692985153e-02
9.225830500123045896e-02
9.279079830310266175e-02
9.331856983507466619e-02
9.384160863369639394e-02
9.435990392959296702e-02
9.487344514751115676e-02
9.538222190636110043e-02
9.588622401924855321e-02
9.638544149350258827e-02
9.687986453069537263e-02
9.736948352665662776e-02
9.785428907148011057e-02
9.833427194952479300e-02
9.880942313940734023e-02
9.927973381399106401e-02
9.974519534036555002e-02
1.002057992798213448e-01
1.006615373878165243e-01
1.011124016139386822e-01
1.015583841018589950e-01
1.019994771892799440e-01
1.024356734078761128e-01
1.028669654832300856e-01
1.032933463347597697e-01
1.037148090756406099e-01
1.041313470127201019e-01
1.045429536464276138e-01
1.049496226706757712e-01
1.053513479727566371e-01
1.057481236332305646e-01
1.061399439258097488e-01
1.065268033172340895e-01
1.069086964671416978e-01
1.072856182279316173e-01
1.076575636446218814e-01
1.080245279547001197e-01
1.083865065879677236e-01
1.087434951663776017e-01
1.090954895038667161e-01
1.094424856061808199e-01
1.097844796706937687e-01
1.101214680862195455e-01
1.104534474328198179e-01
1.107804144816031122e-01
1.111023661945191726e-01
1.114192997241459510e-01
1.117312124134717671e-01
1.120381017956698644e-01
1.123399655938675107e-01
1.126368017209083416e-01
1.129286082791094992e-01
1.132153835600114289e-01
1.134971260441225011e-01
1.137738344006564567e-01
1.140455074872649133e-01
1.143121443497630979e-01
1.145737442218493773e-01
1.148303065248187926e-01
1.150818308672710844e-01
1.153283170448120842e-01
1.155697650397491671e-01
1.158061750207805274e-01
1.160375473426795562e-01
1.162638825459714892e-01
1.164851813566057381e-01
1.167014446856209919e-01
1.169126736288055024e-01
1.171188694663506391e-01
1.173200336624992540e-01
1.175161678651871766e-01
1.177072739056802403e-01
1.178933537982043700e-01
1.180744097395703684e-01
1.182504441087926655e-01
1.184214594667026554e-01
1.185874585555560801e-01
1.187484442986346256e-01
1.189044197998418706e-01
1.190553883432934890e-01
1.192013533929022623e-01
1.193423185919565838e-01
1.194782877626942297e-01
1.196092649058697333e-01
1.197352542003170123e-01
1.198562600025056268e-01
1.199722868460922909e-01
1.200833394414658611e-01
1.201894226752882183e-01
1.202905416100282510e-01
1.203867014834914539e-01
1.204779077083433236e-01
1.205641658716282427e-01
1.206454817342820091e-01
1.207218612306397987e-01
1.207933104679381198e-01
1.208598357258123118e-01
1.209214434557878692e-01
1.209781402807670464e-01
1.210299329945100921e-01
1.210768285611111827e-01
1.211188341144693870e-01
1.211559569577543849e-01
1.211882045628665527e-01
1.212155845698929674e-01
1.212381047865573463e-01
1.212557731876653805e-01
1.212685979145450704e-01
1.212765872744818868e-01
1.212797497401487262e-01
1.212780939490315929e-01
1.212716287028496043e-01
1.212603629669705974e-01
1.212443058698213366e-01
1.212234667022936002e-01
1.211978549171446734e-01
1.211674801283934705e-01
1.211323521107118412e-01
1.210924807988108809e-01
1.210478762868229669e-01
1.209985488276784926e-01
1.209445088324784673e-01
1.208857668698622018e-01
1.208223336653704155e-01
1.207542201008038468e-01
1.206814372135769642e-01
1.206039961960677087e-01
1.205219083949624209e-01
1.204351853105959380e-01
1.203438385962879026e-01
1.202478800576742418e-01
1.201473216520344695e-01
1.200421754876141583e-01
1.199324538229437909e-01
1.198181690661526966e-01
1.196993337742790903e-01
1.195759606525756136e-01
1.194480625538107549e-01
1.193156524775660088e-01
1.191787435695292469e-01
1.190373491207832174e-01
1.188914825670906311e-01
1.187411574881748616e-01
1.185863876069967321e-01
1.184271867890270280e-01
1.182635690415153318e-01
1.180955485127546806e-01
1.179231394913427405e-01
1.177463564054381517e-01
1.175652138220141529e-01
1.173797264461074741e-01
1.171899091200641341e-01
1.169957768227807282e-01
1.167973446689424821e-01
1.165946279082577114e-01
1.163876419246882010e-01
1.161764022356759490e-01
1.159609244913667042e-01
1.157412244738294516e-01
1.155173180962731916e-01
1.152892214022584183e-01
1.150569505649073343e-01
1.148205218861089311e-01
1.145799517957217378e-01
1.143352568507721295e-01
1.140864537346502477e-01
1.138335592563019388e-01
1.135765903494179996e-01
1.133155640716194124e-01
1.130504976036397491e-01
1.127814082485045499e-01
1.125083134307075239e-01
1.122312306953829053e-01
1.119501777074756316e-01
1.116651722509078709e-01
1.113762322277429689e-01
1.110833756573458564e-01
1.107866206755407507e-01
1.104859855337659846e-01
1.101814885982262682e-01
1.098731483490409805e-01
1.095609833793907417e-01
1.092450123946606122e-01
1.089252542115810157e-01
1.086017277573651102e-01
1.082744520688443124e-01
1.079434462916000620e-01
1.076087296790950859e-01
1.072703215917991809e-01
1.069282414963143024e-01
1.065825089644968915e-01
1.062331436725779260e-01
1.058801654002791554e-01
1.055235940299279751e-01
1.051634495455702756e-01
1.047997520320805842e-01
1.044325216742684470e-01
1.040617787559850183e-01
1.036875436592253202e-01
1.033098368632301284e-01
1.029286789435830130e-01
1.025440905713081996e-01
1.021560925119641972e-01
1.017647056247365928e-01
1.013699508615276135e-01
1.009718492660447997e-01
1.005704219728869586e-01
1.001656902066285493e-01
9.975767528090204173e-02
9.934639859747806945e-02
9.893188164534429119e-02
9.851414599978187969e-02
9.809321332144115002e-02
9.766910535541395433e-02
9.724184393030572970e-02
9.681145095730518679e-02
9.637794842925281880e-02
9.594135841970709289e-02
9.550170308200982283e-02
9.505900464834887709e-02
9.461328542882203874e-02
9.416456781049553637e-02
9.371287425646382396e-02
9.325822730490752888e-02
9.280064956815033128e-02
9.234016373171258230e-02
9.187679255336578255e-02
9.141055886218504845e-02
9.094148555760117603e-02
9.046959560844868020e-02
8.999491205201656796e-02
8.951745799309507312e-02
8.903725660302329314e-02
8.855433111873370344e-02
8.806870484179774028e-02
8.758040113746880240e-02
8.708944343372573837e-02
8.659585522031393312e-02
8.609966004778657478e-02
8.560088152654463101e-02
8.509954332587674197e-02
8.459566917299683741e-02
8.408928285208251696e-02
8.358040820331195941e-02
8.306906912190090142e-02
8.255528955713756223e-02
8.203909351141855377e-02
8.152050503928313929e-02
8.099954824644806095e-02
8.047624728884034129e-02
7.995062637163098673e-02
7.942270974826753926e-02
7.889252171950718318e-02
7.836008663244771466e-02
7.782542887956020450e-02
7.728857289771932926e-02
7.674954316723682501e-02
7.620836421089005608e-02
7.566506059295377562e-02
7.511965691823103974e-02
7.457217783108448239e-02
7.402264801446530040e-02
7.347109218894432026e-02
7.291753511174280111e-02
7.236200157576383463e-02
7.180451640862040019e-02
7.124510447166848559e-02
7.068379065903640512e-02
7.012059989665767046e-02
6.955555714129933731e-02
6.898868737959591713e-02
6.842001562707988871e-02
6.784956692721451355e-02
6.727736635042518010e-02
6.670343899313294078e-02
6.612780997678716077e-02
6.555050444689987377e-02
6.497154757207880549e-02
6.439096454306265926e-02
6.380878057175583262e-02
6.322502089026491023e-02
6.263971074993385235e-02
6.205287542038157717e-02
6.146454018853950152e-02
6.087473035769030288e-02
6.028347124650611927e-02
5.969078818808912917e-02
5.909670652901186788e-02
5.850125162835933396e-02
5.790444885677058923e-02
5.730632359548278737e-02
5.670690123537425881e-02
5.610620717601224466e-02
5.550426682469630779e-02
5.490110559550739899e-02
5.429674890835487627e-02
5.369122218802838131e-02
5.308455086324591343e-02
5.247676036570642771e-02
5.186787612914330742e-02
5.125792358837942542e-02
5.064692817838003375e-02
5.003491533331206470e-02
4.942191048560088534e-02
4.880793906499161783e-02
4.819302649760726781e-02
4.757719820501343788e-02
4.696047960328109810e-02
4.634289610205268028e-02
4.572447310360789469e-02
4.510523600193285659e-02
4.448521018178974717e-02
4.386442101778913194e-02
4.324289387346216817e-02
4.262065410033628876e-02
4.199772703701155213e-02
4.137413800823969839e-02
4.074991232400334423e-02
4.012507527859871664e-02
3.949965214971910832e-02
3.887366819754130981e-02
3.824714866381217354e-02
3.762011877093885542e-02
3.699260372108001405e-02
3.636462869523993113e-02
3.573621885236308304e-02
3.510739932843229272e-02
3.447819523556817228e-02
3.384863166113143834e-02
3.321873366682586565e-02
3.258852628780525146e-02
3.195803453178031744e-02
3.132728337813184966e-02
3.069629777702071252e-02
3.006510264850380948e-02
2.943372288165213221e-02
2.880218333366939276e-02
2.817050882901596734e-02
2.753872415853042543e-02
2.690685407855901434e-02
2.627492331008372470e-02
2.564295653785511261e-02
2.501097840952555898e-02
2.437901353478691760e-02
2.374708648450968643e-02
2.311522178988573498e-02
2.248344394157205176e-02
2.185177738883879034e-02
2.122024653871894609e-02
2.058887575516190824e-02
1.995768935818784118e-02
1.932671162304669399e-02
1.869596677937890306e-02
1.806547901038000822e-02
1.743527245196625775e-02
1.680537119194498025e-02
1.617579926918669142e-02
1.554658067280122874e-02
1.491773934131506926e-02
1.428929916185354976e-02
1.366128396932398542e-02
1.303371754560553666e-02
1.240662361873678607e-02
1.178002586211102792e-02
1.115394789367147449e-02
1.052841327511347749e-02
9.903445511084772029e-03
9.279068048392444257e-03
8.655304275212554951e-03
8.032177520303562107e-03
7.409711052219420876e-03
6.787928078531103859e-03
6.166851745047547198e-03
5.546505135043078467e-03
4.926911268483622451e-03
4.308093101261576199e-03
3.690073524430361861e-03
3.072875363444528898e-03
2.456521377401369409e-03
1.841034258287738926e-03
1.226436630229340522e-03
6.127510487445473816e-04
3.580137365713771295e-17
-6.117940999282901748e-04
-1.222608905791830675e-03
-1.832422143901185890e-03
-2.441211612856147763e-03
-3.048955184270318950e-03
-3.655630803493096700e-03
-4.261216490326940470e-03
-4.865690339742627900e-03
-5.469030522589078507e-03
-6.071215286300436949e-03
-6.672222955598361947e-03
-7.272031933192223997e-03
-7.870620700473774517e-03
-8.467967818209002143e-03
-9.064051927225109245e-03
-9.658851749095311370e-03
-1.025234608681786959e-02
-1.084451382549321379e-02
-1.143533393299363439e-02
-1.202478546063384494e-02
-1.261284754383422066e-02
-1.319949940278056406e-02
-1.378472034307951476e-02
-1.436848975641223138e-02
-1.495078712118170887e-02
-1.553159200315636437e-02
-1.611088405610902607e-02
-1.668864302245511369e-02
-1.726484873388192329e-02
-1.783948111197717484e-02
-1.841252016885154205e-02
-1.898394600775863902e-02
-1.955373882370931710e-02
-2.012187890408265525e-02
-2.068834662923174986e-02
-2.125312247308688840e-02
-2.181618700375285991e-02
-2.237752088410286527e-02
-2.293710487236728587e-02
-2.349491982271966622e-02
-2.405094668585676040e-02
-2.460516650957519924e-02
-2.515756043934290823e-02
-2.570810971886763191e-02
-2.625679569065950472e-02
-2.680359979659023908e-02
-2.734850357844683527e-02
-2.789148867848251917e-02
-2.843253683996158770e-02
-2.897162990770075011e-02
-2.950874982860513321e-02
-3.004387865220113640e-02
-3.057699853116329844e-02
-3.110809172183840593e-02
-3.163714058476176788e-02
-3.216412758517350756e-02
-3.268903529352715220e-02
-3.321184638599407324e-02
-3.373254364496321156e-02
-3.425110995953806886e-02
-3.476752832602712784e-02
-3.528178184842999110e-02
-3.579385373891828814e-02
-3.630372731831496558e-02
-3.681138601656468168e-02
-3.731681337320270214e-02
-3.781999303781648225e-02
-3.832090877050638861e-02
-3.881954444233722684e-02
-3.931588403578829827e-02
-3.980991164519684378e-02
-4.030161147719828196e-02
-4.079096785116050755e-02
-4.127796519961398486e-02
-4.176258806867642198e-02
-4.224482111847405880e-02
-4.272464912355663363e-02
-4.320205697330856826e-02
-4.367702967235433803e-02
-4.414955234096056003e-02
-4.461961021543177364e-02
-4.508718864850213420e-02
-4.555227310972215921e-02
-4.601484918584017314e-02
-4.647490258117996376e-02
-4.693241911801227656e-02
-4.738738473692297865e-02
-4.783978549717360362e-02
-4.828960757706073081e-02
-4.873683727426789125e-02
-4.918146100621309524e-02
-4.962346531039096842e-02
-5.006283684471189016e-02
-5.049956238783441520e-02
-5.093362883949305309e-02
-5.136502322082056593e-02
-5.179373267466820530e-02
-5.221974446591677588e-02
-5.264304598178611710e-02
-5.306362473213745851e-02
-5.348146834977255543e-02
-5.389656459072651035e-02
-5.430890133455640312e-02
-5.471846658462417579e-02
-5.512524846837572184e-02
-5.552923523761385538e-02
-5.593041526876692954e-02
-5.632877706315191080e-02
-5.672430924723338708e-02
-5.711700057287658061e-02
-5.750683991759605179e-02
-5.789381628479865066e-02
-5.827791880402258262e-02
-5.865913673117037486e-02
-5.903745944873758922e-02
-5.941287646603558847e-02
-5.978537741941068046e-02
-6.015495207245699638e-02
-6.052159031622500462e-02
-6.088528216942436233e-02
-6.124601777862288127e-02
-6.160378741843913764e-02
-6.195858149173159857e-02
-6.231039052978015746e-02
-6.265920519246602483e-02
-6.300501626844388914e-02
-6.334781467531079568e-02
-6.368759145976771174e-02
-6.402433779777921830e-02
-6.435804499472597140e-02
-6.468870448555244512e-02
-6.501630783490947030e-02
-6.534084673729358139e-02
-6.566231301717855018e-02
-6.598069862914414385e-02
-6.629599565799787486e-02
-6.660819631889446091e-02
-6.691729295744738848e-02
-6.722327804983710409e-02
-6.752614420291365438e-02
-6.782588415429478823e-02
-6.812249077245841056e-02
-6.841595705683060913e-02
-6.870627613786788046e-02
-6.899344127713556707e-02
-6.927744586738013299e-02
-6.955828343259713720e-02
-6.983594762809360035e-02
-7.011043224054637479e-02
-7.038173118805453321e-02
-7.064983852018734412e-02
-7.091474841802669626e-02
-7.117645519420573441e-02
-7.143495329294102802e-02
-7.169023729006089585e-02
-7.194230189302804057e-02
-7.219114194095796466e-02
-7.243675240463180731e-02
-7.267912838650474050e-02
-7.291826512070841149e-02
-7.315415797305029055e-02
-7.338680244100612149e-02
-7.361619415370919406e-02
-7.384232887193262207e-02
-7.406520248806926221e-02
-7.428481102610477727e-02
-7.450115064158657763e-02
-7.471421762158736435e-02
-7.492400838466509172e-02
-7.513051948081635179e-02
-7.533374759142616450e-02
-7.553368952921189761e-02
-7.573034223816381416e-02
-7.592370279347905593e-02
-7.611376840149206013e-02
-7.630053639959935574e-02
-7.648400425618036291e-02
-7.666416957051247483e-02
-7.684103007268218433e-02
-7.701458362349061781e-02
-7.718482821435510011e-02
-7.735176196720545960e-02
-7.751538313437558725e-02
-7.767569009849034645e-02
-7.783268137234793105e-02
-7.798635559879706081e-02
-7.813671155060999962e-02
-7.828374813035018920e-02
-7.842746437023596917e-02
-7.856785943199902367e-02
-7.870493260673840086e-02
-7.883868331476978630e-02
-7.896911110547009949e-02
-7.909621565711777436e-02
-7.921999677672782181e-02
-7.934045439988267334e-02
-7.945758859055852830e-02
-7.957139954094677448e-02
-7.968188757127110666e-02
-7.978905312959963525e-02
-7.989289679165313685e-02
-7.999341926060822561e-02
-8.009062136689609757e-02
-8.018450406799676466e-02
-8.027506844822900056e-02
-8.036231571853551248e-02
-8.044624721626381092e-02
-8.052686440494238873e-02
-8.060416887405275066e-02
-8.067816233879689103e-02
-8.074884663986020561e-02
-8.081622374317019852e-02
-8.088029573965063723e-02
-8.094106484497144705e-02
-8.099853339929427576e-02
-8.105270386701339536e-02
-8.110357883649275956e-02
-8.115116101979823193e-02
-8.119545325242605305e-02
-8.123645849302639499e-02
-8.127417982312316880e-02
-8.130862044682933554e-02
-8.133978369055798463e-02
-8.136767300272919334e-02
-8.139229195347280621e-02
-8.141364423432675967e-02
-8.143173365793142382e-02
-8.144656415771976687e-02
-8.145813978760325924e-02
-8.146646472165382236e-02
-8.147154325378151707e-02
-8.147337979740817970e-02
-8.147197888513707520e-02
-8.146734516841826201e-02
-8.145948341721012675e-02
-8.144839851963686650e-02
-8.143409548164182166e-02
-8.141657942663703407e-02
-8.139585559514857238e-02
-8.137192934445813819e-02
-8.134480614824066147e-02
-8.131449159619782985e-02
-8.128099139368792636e-02
-8.124431136135172593e-02
-8.120445743473449218e-02
-8.116143566390403297e-02
-8.111525221306520317e-02
-8.106591336017038296e-02
-8.101342549652616742e-02
-8.095779512639630915e-02
