M_loss: 20, M_sym: 4300.0, M_power: 9000, M_bandwidth: 22.3872113856834
0.061778
0.065884
0.058738
0.045140
0.036825
0.032612
0.031720
0.035356
0.039204
0.038594
0.036298
0.035969
0.039421
0.041610
0.036915
0.038121
0.040533
0.041725
0.042357
0.040262
0.041049
0.042481
0.046629
0.043084
0.042706
0.041288
0.047029
0.048302
0.049680
0.044609
0.045056
0.046458
0.051400
0.051305
0.051648
0.049720
0.050008
0.051482
0.054518
0.053607
0.053718
0.055249
0.054280
0.053975
0.057990
0.060243
0.057928
0.057606
0.059425
0.057025
0.061267
0.063757
0.064971
0.061296
0.060712
0.063468
0.066990
0.064770
0.067818
0.068831
0.067137
0.066214
0.068244
0.072793
0.071331
0.069294
0.071756
0.074164
0.077748
0.075390
0.072232
0.075955
0.076748
0.080582
0.079496
0.080553
0.079606
0.078112
0.082076
0.083899
0.084709
0.086894
0.082787
0.083934
0.087063
0.088740
0.089356
0.088985
0.089530
0.092153
0.091939
0.094352
0.092792
0.092710
0.095180
0.097617
0.098010
0.097429
0.099084
0.101388
0.098191
0.099760
0.102974
0.106025
0.107197
0.101784
0.103568
0.109129
0.107702
0.111578
0.108388
0.111011
0.112386
0.113166
0.114205
0.113559
0.117161
0.116270
0.117720
0.117214
0.120099
0.122825
0.120585
0.121068
0.124130
0.124824
0.126329
0.127067
0.128248
0.128936
0.128205
0.132146
0.130169
0.133178
0.132686
0.136901
0.138517
0.135538
0.134980
0.141543
0.139158
0.139750
0.142265
0.141539
0.144553
0.145152
0.144708
0.147236
0.145753
0.152133
0.150495
0.151514
0.151903
0.154109
0.154150
0.156155
0.155991
0.158191
0.160350
0.159315
0.160673
0.160925
0.163633
0.163099
0.167426
0.166521
0.168055
0.168874
0.169330
0.170579
0.170195
0.176267
0.175008
0.175950
0.175966
0.177210
0.178242
0.180185
0.182773
0.182626
0.184808
0.182303
0.182738
0.189583
0.189632
0.186898
0.188998
0.194316
0.193475
0.191700
0.194252
0.197480
0.196678
0.198165
0.199542
0.202426
0.200961
0.200833
0.200487
0.208415
0.207620
0.208572
0.208076
0.210171
0.208688
0.213427
0.215154
0.213856
0.215687
0.215881
0.219879
0.219726
0.219939
0.221095
0.225977
0.223378
0.225224
0.227336
0.227871
0.228742
0.231000
0.231330
0.233744
0.233059
0.235563
0.237415
0.237874
0.241670
0.240588
0.238497
0.242909
0.243894
0.248663
0.247348
0.247677
0.249125
0.250947
0.250893
0.252042
0.256793
0.254984
0.257647
0.259309
0.260485
0.258615
0.261323
0.262887
0.268083
0.267902
0.264854
0.266528
0.270599
0.271356
0.272218
0.274963
0.274439
0.277671
0.275282
0.279640
0.280141
0.281404
0.281955
0.285428
0.286384
0.287510
0.287201
0.288130
0.289218
0.292617
0.296936
0.293175
0.295472
0.296299
0.298734
0.300584
0.302465
0.301222
0.303142
0.304993
0.306059
0.308697
0.308557
0.308284
0.310444
0.312407
0.316614
0.316313
0.314861
0.317280
0.316278
0.323173
0.321906
0.324327
0.323106
0.324829
0.328511
0.327046
0.330534
0.332261
0.333566
0.331516
0.336722
0.336530
0.337836
0.338491
0.341018
0.342042
0.341771
0.345880
0.347392
0.344880
0.350341
0.345676
0.352665
0.353018
0.351373
0.355568
0.357442
0.359743
0.357733
0.355730
0.363184
0.364601
0.365187
0.365587
0.363559
0.368623
0.368983
0.370301
0.372488
0.371370
0.375609
0.375501
0.373657
0.379187
0.378694
0.379554
0.381507
0.384969
0.385326
0.384324
0.385263
0.385857
0.391136
0.392478
0.390733
0.392554
0.395096
0.393394
0.396422
0.397222
0.399745
0.400218
0.401596
0.400850
0.403565
0.405868
0.403297
0.406265
0.408513
0.409091
0.411495
0.410723
0.414788
0.412412
0.413622
0.417513
0.418177
0.416520
0.420744
0.418818
0.422297
0.425248
0.423766
0.425168
0.424111
0.429935
0.429712
0.429139
0.430989
0.431087
0.430673
0.437336
0.433739
0.439946
0.436235
0.438660
0.438782
0.440391
0.443079
0.443105
0.443590
0.446681
0.443005
0.448338
0.446829
0.448206
0.450618
0.449977
0.454124
0.452714
0.455398
0.453243
0.454354
0.455521
0.461159
0.462054
0.458804
0.458886
0.459273
0.461998
0.463397
0.468691
0.464478
0.465718
0.465757
0.470758
0.469711
0.469008
0.471797
0.471278
0.474608
0.477141
0.474227
0.472528
0.477564
0.478678
0.479750
0.477660
0.481062
0.482195
0.480187
0.483984
0.481860
0.486310
0.484051
0.484562
0.489921
0.489899
0.484331
0.487073
0.488114
0.496330
0.492677
0.492276
0.489742
0.493155
0.496592
0.494555
0.494902
0.499247
0.496359
0.498783
0.496639
0.500964
0.501562
0.501081
0.500180
0.502016
0.503568
0.506245
0.503672
0.506057
0.507270
0.503191
0.506681
0.508800
0.512114
0.510513
0.508039
0.508312
0.510547
0.511419
0.513917
0.514454
0.510503
0.515223
0.511831
0.513979
0.515265
0.515468
0.515181
0.519086
0.516903
0.515345
0.519406
0.519817
0.516029
0.519313
0.521269
0.517568
0.522407
0.523228
0.524105
0.521217
0.519421
0.516818
0.517648
0.523907
0.524148
0.531326
0.527960
0.528742
0.525713
0.531892
0.527268
0.524751
0.529221
0.525899
0.526154
0.529258
0.524475
0.526504
0.524992
0.530777
0.530174
0.524876
0.525246
0.529366
0.529796
0.528074
0.529554
0.529726
0.529994
0.530162
0.527236
0.530020
0.531599
0.529725
0.532293
0.528095
0.530525
0.531528
0.531471
0.529653
0.533586
0.529906
0.530982
0.533298
0.529023
0.534756
0.532378
0.530510
0.529850
0.534623
0.532079
0.531651
0.529467
0.534407
0.530079
0.531476
0.530115
0.533496
0.530149
0.531332
0.532231
0.530876
0.528779
0.529021
0.531888
0.531514
0.530707
0.527038
0.529250
0.530551
0.529120
0.528709
0.527953
0.531070
0.527995
0.526180
0.523894
0.530441
0.529084
0.525519
0.525266
0.526320
0.524038
0.524083
0.528653
0.526026
0.519836
0.524563
0.525023
0.521462
0.523644
0.521893
0.522670
0.519837
0.519194
0.520299
0.519610
0.520859
0.518710
0.517488
0.515641
0.519886
0.516439
0.514917
0.517130
0.514550
0.510782
0.514968
0.515752
0.512131
0.509802
0.513006
0.508801
0.510055
0.512370
0.508777
0.508076
0.503793
0.507690
0.505871
0.506910
0.505752
0.501708
0.503550
0.500080
0.501227
0.502645
0.502166
0.496117
0.498512
0.497541
0.494503
0.497806
0.494437
0.494354
0.492299
0.493182
0.488527
0.492643
0.489187
0.491691
0.482766
0.484909
0.487751
0.485374
0.484646
0.482502
0.480654
0.479881
0.480048
0.478198
0.479062
0.478284
0.472272
0.474676
0.474890
0.474404
0.465021
0.473827
0.468867
0.470602
0.463247
0.464327
0.463943
0.464749
0.460483
0.460611
0.459719
0.459224
0.456532
0.456406
0.452617
0.450994
0.455590
0.450860
0.448955
0.450288
0.444732
0.445390
0.442934
0.444825
0.442281
0.440458
0.436469
0.438349
0.433248
0.437478
0.436246
0.427840
0.429419
0.431793
0.424914
0.428072
0.422474
0.420489
0.424850
0.418704
0.414746
0.417947
0.417530
0.415117
0.409994
0.411923
0.406590
0.407985
0.406480
0.403795
0.401379
0.404278
0.396902
0.399280
0.395049
0.393562
0.393510
0.392719
0.388948
0.386168
0.387036
0.383630
0.380929
0.381439
0.378108
0.378747
0.377916
0.371972
0.372110
0.369071
0.370949
0.369039
0.366471
0.360477
0.360954
0.361302
0.358640
0.356477
0.355610
0.351321
0.352479
0.347748
0.347858
0.345714
0.344767
0.342218
0.336818
0.339496
0.335783
0.334006
0.331255
0.330426
0.328051
0.326170
0.326134
0.319166
0.323418
0.316435
0.315571
0.318832
0.310231
0.309124
0.309209
0.308837
0.302956
0.300580
0.302236
0.300728
0.294158
0.291124
0.296244
0.288929
0.289331
0.282840
0.286429
0.280692
0.278963
0.278822
0.273324
0.274085
0.270393
0.268158
0.268392
0.262586
0.263009
0.259129
0.257271
0.255555
0.254817
0.250243
0.249414
0.246849
0.243313
0.243338
0.240678
0.236166
0.236118
0.236169
0.227717
0.227673
0.227071
0.226413
0.222183
0.217450
0.218192
0.214605
0.215878
0.209836
0.208208
0.204487
0.206860
0.200091
0.197777
0.195939
0.197509
0.191880
0.190024
0.187263
0.186939
0.182226
0.179270
0.182590
0.172947
0.173906
0.170586
0.170022
0.164744
0.165201
0.163475
0.157218
0.156044
0.156313
0.155316
0.148102
0.144938
0.145861
0.145313
0.140243
0.136083
0.135025
0.135869
0.127361
0.128751
0.126179
0.122934
0.118922
0.117290
0.115667
0.114415
0.110406
0.107430
0.105299
0.100704
0.102305
0.098577
0.093284
0.094053
0.091409
0.086387
0.084819
0.083703
0.080081
0.073974
0.075860
0.073859
0.067491
0.068406
0.063298
0.064885
0.059311
0.054561
0.056008
0.049673
0.049299
0.046396
0.045753
0.039763
0.038924
0.035233
0.033030
0.032412
0.026697
0.025114
0.023927
0.019234
0.016512
0.014544
0.013361
0.010842
0.008131
0.002174
0.001738
-0.001119
-0.003246
-0.005162
-0.007222
-0.015311
-0.015737
-0.010626
-0.018700
-0.026188
-0.024678
-0.025945
-0.026657
-0.034652
-0.037114
-0.037175
-0.041501
-0.041943
-0.044628
-0.051634
-0.046767
-0.055089
-0.057768
-0.058081
-0.060550
-0.065687
-0.067852
-0.067850
-0.072560
-0.076611
-0.075782
-0.081502
-0.083084
-0.083159
-0.086859
-0.093757
-0.092032
-0.095391
-0.100489
-0.101258
-0.103722
-0.104669
-0.110596
-0.112168
-0.114738
-0.118293
-0.116660
-0.126163
-0.122330
-0.126638
-0.129693
-0.134637
-0.135272
-0.136891
-0.143939
-0.140245
-0.144498
-0.148822
-0.150798
-0.153820
-0.158804
-0.157348
-0.160592
-0.162675
-0.165047
-0.171364
-0.171531
-0.172765
-0.177328
-0.178194
-0.182775
-0.181408
-0.188164
-0.190586
-0.191512
-0.194789
-0.196320
-0.201450
-0.202772
-0.203890
-0.205861
-0.211786
-0.210793
-0.217460
-0.215608
-0.222045
-0.220734
-0.225720
-0.226893
-0.229651
-0.232658
-0.234345
-0.240555
-0.236163
-0.246116
-0.243017
-0.245548
-0.249418
-0.253472
-0.255036
-0.257704
-0.256380
-0.266961
-0.263120
-0.262860
-0.269142
-0.272140
-0.275882
-0.274195
-0.283592
-0.281336
-0.282564
-0.282280
-0.289249
-0.287768
-0.293098
-0.295936
-0.295341
-0.302146
-0.303939
-0.309075
-0.308583
-0.306230
-0.313045
-0.316877
-0.316235
-0.316764
-0.316857
-0.322816
-0.328087
-0.329313
-0.329128
-0.331768
-0.332589
-0.335874
-0.339373
-0.341447
-0.346428
-0.347074
-0.343889
-0.349340
-0.356279
-0.352616
-0.357804
-0.361050
-0.362700
-0.361742
-0.366829
-0.366776
-0.372980
-0.372816
-0.373479
-0.379384
-0.375769
-0.384086
-0.379320
-0.390635
-0.385865
-0.386014
-0.391951
-0.392709
-0.400528
-0.393795
-0.402328
-0.398557
-0.403946
-0.404040
-0.408733
-0.410983
-0.410902
-0.413361
-0.413095
-0.416950
-0.418997
-0.424444
-0.420624
-0.424544
-0.426467
-0.427660
-0.431204
-0.430283
-0.432859
-0.441226
-0.435926
-0.439057
-0.441070
-0.446073
-0.443829
-0.445679
-0.449148
-0.452144
-0.456084
-0.451649
-0.456882
-0.456545
-0.464019
-0.458510
-0.463863
-0.466945
-0.467947
-0.467039
-0.469513
-0.469777
-0.476075
-0.474856
-0.478669
-0.479762
-0.475648
-0.483864
-0.484266
-0.480630
-0.490290
-0.490189
-0.485183
-0.492418
-0.492661
-0.495238
-0.493884
-0.499539
-0.498900
-0.495771
-0.503965
-0.504761
-0.503017
-0.504044
-0.510837
-0.507854
-0.511027
-0.511891
-0.512116
-0.517894
-0.515629
-0.515874
-0.520017
-0.516445
-0.525190
-0.523697
-0.521683
-0.524859
-0.528922
-0.528485
-0.526539
-0.531622
-0.531514
-0.534124
-0.535615
-0.531980
-0.537528
-0.535761
-0.539070
-0.543278
-0.539186
-0.542748
-0.543671
-0.546163
-0.546559
-0.544782
-0.547447
-0.549497
-0.552057
-0.552364
-0.548616
-0.552956
-0.557071
-0.554366
-0.556844
-0.556895
-0.557483
-0.556068
-0.564125
-0.560627
-0.561453
-0.563243
-0.562082
-0.564820
-0.566551
-0.565529
-0.564787
-0.570554
-0.572181
-0.568904
-0.566802
-0.571768
-0.575741
-0.569781
-0.572807
-0.577519
-0.574552
-0.576007
-0.574139
-0.579767
-0.579506
-0.577310
-0.577982
-0.581036
-0.581945
-0.583065
-0.578548
-0.583971
-0.586034
-0.582121
-0.585371
-0.582407
-0.586449
-0.588861
-0.586509
-0.586655
-0.588378
-0.584934
-0.591054
-0.589419
-0.589466
-0.593389
-0.588791
-0.590697
-0.591439
-0.593435
-0.591733
-0.592400
-0.592321
-0.594150
-0.593114
-0.594075
-0.594736
-0.592525
-0.597301
-0.594291
-0.596832
-0.595059
-0.595562
-0.593800
-0.599601
-0.595137
-0.597950
-0.598670
-0.595126
-0.595130
-0.602334
-0.594494
-0.598827
-0.597861
-0.599043
-0.596172
-0.595471
-0.599995
-0.597383
-0.599558
-0.598842
-0.595166
-0.599446
-0.596160
-0.597817
-0.598268
-0.600785
-0.593188
-0.596872
-0.599009
-0.597557
-0.596510
-0.598689
-0.594345
-0.599244
-0.597768
-0.593292
-0.596115
-0.599120
-0.596404
-0.589369
-0.597032
-0.596120
-0.594543
-0.596496
-0.593566
-0.594458
-0.591026
-0.593459
-0.595818
-0.592003
-0.589154
-0.594609
-0.591505
-0.591923
-0.586533
-0.592600
-0.587990
-0.589984
-0.590418
-0.586692
-0.583968
-0.592062
-0.585947
-0.584773
-0.585936
-0.584275
-0.587643
-0.582512
-0.583717
-0.584709
-0.579140
-0.581803
-0.582645
-0.578506
-0.581836
-0.579202
-0.575140
-0.577956
-0.579673
-0.578339
-0.572791
-0.572629
-0.574151
-0.575727
-0.572995
-0.569144
-0.570409
-0.569104
-0.568704
-0.569162
-0.567634
-0.565361
-0.565144
-0.562732
-0.564156
-0.566186
-0.560371
-0.558580
-0.561763
-0.560838
-0.554179
-0.556828
-0.561131
-0.549884
-0.558977
-0.551269
-0.551139
-0.553912
-0.543890
-0.553241
-0.549053
-0.545510
-0.545291
-0.546369
-0.541762
-0.542697
-0.544889
-0.540322
-0.533533
-0.544525
-0.536764
-0.534804
-0.536149
-0.533033
-0.529771
-0.534561
-0.527455
-0.531836
-0.529086
-0.524139
-0.523392
-0.528814
-0.519716
-0.524646
-0.518553
-0.517868
-0.520187
-0.512964
-0.518678
-0.516824
-0.505765
-0.514543
-0.508269
-0.513497
-0.503917
-0.505343
-0.506223
-0.502957
-0.501849
-0.500150
-0.500486
-0.497968
-0.495832
-0.494468
-0.495637
-0.492559
-0.490207
-0.489597
-0.487715
-0.487846
-0.484941
-0.483612
-0.479918
-0.485431
-0.474620
-0.484919
-0.475429
-0.471881
-0.472791
-0.474455
-0.468195
-0.468540
-0.472206
-0.464586
-0.463388
-0.463982
-0.458172
-0.462166
-0.457169
-0.459236
-0.456404
-0.452910
-0.450386
-0.451518
-0.446535
-0.449772
-0.444252
-0.446187
-0.440685
-0.440189
-0.441426
-0.434523
-0.434837
-0.433885
-0.435334
-0.431134
-0.426879
-0.431353
-0.421283
-0.424726
-0.425099
-0.417022
-0.421628
-0.418664
-0.415498
-0.408223
-0.418971
-0.406972
-0.409220
-0.405641
-0.407230
-0.404050
-0.398919
-0.399387
-0.401571
-0.396161
-0.393627
-0.389988
-0.390875
-0.393030
-0.390554
-0.381935
-0.384627
-0.376212
-0.388574
-0.376305
-0.375693
-0.376577
-0.373613
-0.372321
-0.365169
-0.367855
-0.366774
-0.366349
-0.364249
-0.356689
-0.361487
-0.354339
-0.352335
-0.358464
-0.348587
-0.350392
-0.348495
-0.345075
-0.342595
-0.341464
-0.338506
-0.341183
-0.333266
-0.337739
-0.334053
-0.325102
-0.331299
-0.328341
-0.326059
-0.323272
-0.322757
-0.315318
-0.321651
-0.314438
-0.315000
-0.313205
-0.305801
-0.313539
-0.309403
-0.302020
-0.298757
-0.306043
-0.300219
-0.294779
-0.294771
-0.295437
-0.292426
-0.286554
-0.286080
-0.290293
-0.281690
-0.282665
-0.283534
-0.277400
-0.272591
-0.276334
-0.270817
-0.270806
-0.268866
-0.270061
-0.263974
-0.266262
-0.259528
-0.258364
-0.258970
-0.258677
-0.250767
-0.250096
-0.252160
-0.249683
-0.242273
-0.250208
-0.243128
-0.241371
-0.236438
-0.235450
-0.239858
-0.237115
-0.224484
-0.234507
-0.227517
-0.228641
-0.224131
-0.221353
-0.220380
-0.219720
-0.216767
-0.213109
-0.213877
-0.209831
-0.210125
-0.212292
-0.201672
-0.201443
-0.205445
-0.201244
-0.193973
-0.202087
-0.196219
-0.190903
-0.190425
-0.187746
-0.193955
-0.187574
-0.177785
-0.182908
-0.188562
-0.177404
-0.176817
-0.173568
-0.175766
-0.171525
-0.173699
-0.168319
-0.165461
-0.163986
-0.162968
-0.165551
-0.158826
-0.160589
-0.153366
-0.155637
-0.159826
-0.141550
-0.157656
-0.149069
-0.143976
-0.142584
-0.143809
-0.144046
-0.137834
-0.138518
-0.134997
-0.135635
-0.133421
-0.132321
-0.128060
-0.128318
-0.128299
-0.125034
-0.120797
-0.126906
-0.113022
-0.124514
-0.113454
-0.117088
-0.114797
-0.108761
-0.119871
-0.098320
-0.113229
-0.103480
-0.105813
-0.105384
-0.099840
-0.097065
-0.100690
-0.098653
-0.092549
-0.093809
-0.096264
-0.088839
-0.089445
-0.088453
-0.088971
-0.082576
-0.086354
-0.085825
-0.073451
-0.083570
-0.074784
-0.081354
-0.073613
-0.073886
-0.068004
-0.073365
-0.074767
-0.064511
-0.063677
-0.065058
-0.065176
-0.063848
-0.064770
-0.058861
-0.053730
-0.058541
-0.058152
-0.056139
-0.049279
-0.059986
-0.048801
-0.043875
-0.054109
-0.040653
-0.052672
-0.044670
-0.046044
-0.036766
-0.040307
-0.041982
-0.040842
-0.037999
-0.031383
-0.041063
-0.028254
-0.034323
-0.037174
-0.026569
-0.025644
-0.031492
-0.026463
-0.031781
-0.022293
-0.026194
-0.021609
-0.019337
-0.020530
-0.025047
-0.019547
-0.016335
-0.015957
-0.018620
-0.016464
-0.010158
-0.015387
-0.013519
-0.013613
-0.007429
-0.009915
-0.007116
-0.010309
-0.006970
-0.011624
0.010061
-0.011336
-0.010440
-0.000588
0.007893
-0.011980
0.006627
-0.001260
-0.000872
-0.000353
0.004830
0.007636
0.000974
-0.000826
0.009912
0.008633
0.002697
0.010338
0.009465
0.006401
0.007270
0.017802
0.006409
0.009094
0.020128
0.002821
0.016293
0.017991
0.009833
0.019723
0.012358
0.022579
0.008840
0.018298
0.017280
0.026925
0.013840
0.018743
0.012887
0.023967
0.026413
0.019755
0.013236
0.023386
0.030728
0.020466
0.021532
0.019563
0.021720
0.032507
0.020541
0.031441
0.022369
0.018211
0.033299
0.024954
0.023808
0.034390
0.019374
0.029746
0.034691
0.014331
0.030926
0.030489
0.036623
0.019658
0.030448
0.024433
0.032317
0.033047
0.027558
0.023586
0.031387
0.031799
0.032489
0.024412
0.028907
0.029018
0.035026
0.033486
0.019297
0.033486
0.035026
0.029018
0.028907
0.024412
0.032489
0.031799
0.031387
0.023586
0.027558
0.033047
0.032317
0.024433
0.030448
0.019658
0.036623
0.030489
0.030926
0.014331
0.034691
0.029746
0.019374
0.034390
0.023808
0.024954
0.033299
0.018211
0.022369
0.031441
0.020541
0.032507
0.021720
0.019563
0.021532
0.020466
0.030728
0.023386
0.013236
0.019755
0.026413
0.023967
0.012887
0.018743
0.013840
0.026925
0.017280
0.018298
0.008840
0.022579
0.012358
0.019723
0.009833
0.017991
0.016293
0.002821
0.020128
0.009094
0.006409
0.017802
0.007270
0.006401
0.009465
0.010338
0.002697
0.008633
0.009912
-0.000826
0.000974
0.007636
0.004830
-0.000353
-0.000872
-0.001260
0.006627
-0.011980
0.007893
-0.000588
-0.010440
-0.011336
0.010061
-0.011624
-0.006970
-0.010309
-0.007116
-0.009915
-0.007429
-0.013613
-0.013519
-0.015387
-0.010158
-0.016464
-0.018620
-0.015957
-0.016335
-0.019547
-0.025047
-0.020530
-0.019337
-0.021609
-0.026194
-0.022293
-0.031781
-0.026463
-0.031492
-0.025644
-0.026569
-0.037174
-0.034323
-0.028254
-0.041063
-0.031383
-0.037999
-0.040842
-0.041982
-0.040307
-0.036766
-0.046044
-0.044670
-0.052672
-0.040653
-0.054109
-0.043875
-0.048801
-0.059986
-0.049279
-0.056139
-0.058152
-0.058541
-0.053730
-0.058861
-0.064770
-0.063848
-0.065176
-0.065058
-0.063677
-0.064511
-0.074767
-0.073365
-0.068004
-0.073886
-0.073613
-0.081354
-0.074784
-0.083570
-0.073451
-0.085825
-0.086354
-0.082576
-0.088971
-0.088453
-0.089445
-0.088839
-0.096264
-0.093809
-0.092549
-0.098653
-0.100690
-0.097065
-0.099840
-0.105384
-0.105813
-0.103480
-0.113229
-0.098320
-0.119871
-0.108761
-0.114797
-0.117088
-0.113454
-0.124514
-0.113022
-0.126906
-0.120797
-0.125034
-0.128299
-0.128318
-0.128060
-0.132321
-0.133421
-0.135635
-0.134997
-0.138518
-0.137834
-0.144046
-0.143809
-0.142584
-0.143976
-0.149069
-0.157656
-0.141550
-0.159826
-0.155637
-0.153366
-0.160589
-0.158826
-0.165551
-0.162968
-0.163986
-0.165461
-0.168319
-0.173699
-0.171525
-0.175766
-0.173568
-0.176817
-0.177404
-0.188562
-0.182908
-0.177785
-0.187574
-0.193955
-0.187746
-0.190425
-0.190903
-0.196219
-0.202087
-0.193973
-0.201244
-0.205445
-0.201443
-0.201672
-0.212292
-0.210125
-0.209831
-0.213877
-0.213109
-0.216767
-0.219720
-0.220380
-0.221353
-0.224131
-0.228641
-0.227517
-0.234507
-0.224484
-0.237115
-0.239858
-0.235450
-0.236438
-0.241371
-0.243128
-0.250208
-0.242273
-0.249683
-0.252160
-0.250096
-0.250767
-0.258677
-0.258970
-0.258364
-0.259528
-0.266262
-0.263974
-0.270061
-0.268866
-0.270806
-0.270817
-0.276334
-0.272591
-0.277400
-0.283534
-0.282665
-0.281690
-0.290293
-0.286080
-0.286554
-0.292426
-0.295437
-0.294771
-0.294779
-0.300219
-0.306043
-0.298757
-0.302020
-0.309403
-0.313539
-0.305801
-0.313205
-0.315000
-0.314438
-0.321651
-0.315318
-0.322757
-0.323272
-0.326059
-0.328341
-0.331299
-0.325102
-0.334053
-0.337739
-0.333266
-0.341183
-0.338506
-0.341464
-0.342595
-0.345075
-0.348495
-0.350392
-0.348587
-0.358464
-0.352335
-0.354339
-0.361487
-0.356689
-0.364249
-0.366349
-0.366774
-0.367855
-0.365169
-0.372321
-0.373613
-0.376577
-0.375693
-0.376305
-0.388574
-0.376212
-0.384627
-0.381935
-0.390554
-0.393030
-0.390875
-0.389988
-0.393627
-0.396161
-0.401571
-0.399387
-0.398919
-0.404050
-0.407230
-0.405641
-0.409220
-0.406972
-0.418971
-0.408223
-0.415498
-0.418664
-0.421628
-0.417022
-0.425099
-0.424726
-0.421283
-0.431353
-0.426879
-0.431134
-0.435334
-0.433885
-0.434837
-0.434523
-0.441426
-0.440189
-0.440685
-0.446187
-0.444252
-0.449772
-0.446535
-0.451518
-0.450386
-0.452910
-0.456404
-0.459236
-0.457169
-0.462166
-0.458172
-0.463982
-0.463388
-0.464586
-0.472206
-0.468540
-0.468195
-0.474455
-0.472791
-0.471881
-0.475429
-0.484919
-0.474620
-0.485431
-0.479918
-0.483612
-0.484941
-0.487846
-0.487715
-0.489597
-0.490207
-0.492559
-0.495637
-0.494468
-0.495832
-0.497968
-0.500486
-0.500150
-0.501849
-0.502957
-0.506223
-0.505343
-0.503917
-0.513497
-0.508269
-0.514543
-0.505765
-0.516824
-0.518678
-0.512964
-0.520187
-0.517868
-0.518553
-0.524646
-0.519716
-0.528814
-0.523392
-0.524139
-0.529086
-0.531836
-0.527455
-0.534561
-0.529771
-0.533033
-0.536149
-0.534804
-0.536764
-0.544525
-0.533533
-0.540322
-0.544889
-0.542697
-0.541762
-0.546369
-0.545291
-0.545510
-0.549053
-0.553241
-0.543890
-0.553912
-0.551139
-0.551269
-0.558977
-0.549884
-0.561131
-0.556828
-0.554179
-0.560838
-0.561763
-0.558580
-0.560371
-0.566186
-0.564156
-0.562732
-0.565144
-0.565361
-0.567634
-0.569162
-0.568704
-0.569104
-0.570409
-0.569144
-0.572995
-0.575727
-0.574151
-0.572629
-0.572791
-0.578339
-0.579673
-0.577956
-0.575140
-0.579202
-0.581836
-0.578506
-0.582645
-0.581803
-0.579140
-0.584709
-0.583717
-0.582512
-0.587643
-0.584275
-0.585936
-0.584773
-0.585947
-0.592062
-0.583968
-0.586692
-0.590418
-0.589984
-0.587990
-0.592600
-0.586533
-0.591923
-0.591505
-0.594609
-0.589154
-0.592003
-0.595818
-0.593459
-0.591026
-0.594458
-0.593566
-0.596496
-0.594543
-0.596120
-0.597032
-0.589369
-0.596404
-0.599120
-0.596115
-0.593292
-0.597768
-0.599244
-0.594345
-0.598689
-0.596510
-0.597557
-0.599009
-0.596872
-0.593188
-0.600785
-0.598268
-0.597817
-0.596160
-0.599446
-0.595166
-0.598842
-0.599558
-0.597383
-0.599995
-0.595471
-0.596172
-0.599043
-0.597861
-0.598827
-0.594494
-0.602334
-0.595130
-0.595126
-0.598670
-0.597950
-0.595137
-0.599601
-0.593800
-0.595562
-0.595059
-0.596832
-0.594291
-0.597301
-0.592525
-0.594736
-0.594075
-0.593114
-0.594150
-0.592321
-0.592400
-0.591733
-0.593435
-0.591439
-0.590697
-0.588791
-0.593389
-0.589466
-0.589419
-0.591054
-0.584934
-0.588378
-0.586655
-0.586509
-0.588861
-0.586449
-0.582407
-0.585371
-0.582121
-0.586034
-0.583971
-0.578548
-0.583065
-0.581945
-0.581036
-0.577982
-0.577310
-0.579506
-0.579767
-0.574139
-0.576007
-0.574552
-0.577519
-0.572807
-0.569781
-0.575741
-0.571768
-0.566802
-0.568904
-0.572181
-0.570554
-0.564787
-0.565529
-0.566551
-0.564820
-0.562082
-0.563243
-0.561453
-0.560627
-0.564125
-0.556068
-0.557483
-0.556895
-0.556844
-0.554366
-0.557071
-0.552956
-0.548616
-0.552364
-0.552057
-0.549497
-0.547447
-0.544782
-0.546559
-0.546163
-0.543671
-0.542748
-0.539186
-0.543278
-0.539070
-0.535761
-0.537528
-0.531980
-0.535615
-0.534124
-0.531514
-0.531622
-0.526539
-0.528485
-0.528922
-0.524859
-0.521683
-0.523697
-0.525190
-0.516445
-0.520017
-0.515874
-0.515629
-0.517894
-0.512116
-0.511891
-0.511027
-0.507854
-0.510837
-0.504044
-0.503017
-0.504761
-0.503965
-0.495771
-0.498900
-0.499539
-0.493884
-0.495238
-0.492661
-0.492418
-0.485183
-0.490189
-0.490290
-0.480630
-0.484266
-0.483864
-0.475648
-0.479762
-0.478669
-0.474856
-0.476075
-0.469777
-0.469513
-0.467039
-0.467947
-0.466945
-0.463863
-0.458510
-0.464019
-0.456545
-0.456882
-0.451649
-0.456084
-0.452144
-0.449148
-0.445679
-0.443829
-0.446073
-0.441070
-0.439057
-0.435926
-0.441226
-0.432859
-0.430283
-0.431204
-0.427660
-0.426467
-0.424544
-0.420624
-0.424444
-0.418997
-0.416950
-0.413095
-0.413361
-0.410902
-0.410983
-0.408733
-0.404040
-0.403946
-0.398557
-0.402328
-0.393795
-0.400528
-0.392709
-0.391951
-0.386014
-0.385865
-0.390635
-0.379320
-0.384086
-0.375769
-0.379384
-0.373479
-0.372816
-0.372980
-0.366776
-0.366829
-0.361742
-0.362700
-0.361050
-0.357804
-0.352616
-0.356279
-0.349340
-0.343889
-0.347074
-0.346428
-0.341447
-0.339373
-0.335874
-0.332589
-0.331768
-0.329128
-0.329313
-0.328087
-0.322816
-0.316857
-0.316764
-0.316235
-0.316877
-0.313045
-0.306230
-0.308583
-0.309075
-0.303939
-0.302146
-0.295341
-0.295936
-0.293098
-0.287768
-0.289249
-0.282280
-0.282564
-0.281336
-0.283592
-0.274195
-0.275882
-0.272140
-0.269142
-0.262860
-0.263120
-0.266961
-0.256380
-0.257704
-0.255036
-0.253472
-0.249418
-0.245548
-0.243017
-0.246116
-0.236163
-0.240555
-0.234345
-0.232658
-0.229651
-0.226893
-0.225720
-0.220734
-0.222045
-0.215608
-0.217460
-0.210793
-0.211786
-0.205861
-0.203890
-0.202772
-0.201450
-0.196320
-0.194789
-0.191512
-0.190586
-0.188164
-0.181408
-0.182775
-0.178194
-0.177328
-0.172765
-0.171531
-0.171364
-0.165047
-0.162675
-0.160592
-0.157348
-0.158804
-0.153820
-0.150798
-0.148822
-0.144498
-0.140245
-0.143939
-0.136891
-0.135272
-0.134637
-0.129693
-0.126638
-0.122330
-0.126163
-0.116660
-0.118293
-0.114738
-0.112168
-0.110596
-0.104669
-0.103722
-0.101258
-0.100489
-0.095391
-0.092032
-0.093757
-0.086859
-0.083159
-0.083084
-0.081502
-0.075782
-0.076611
-0.072560
-0.067850
-0.067852
-0.065687
-0.060550
-0.058081
-0.057768
-0.055089
-0.046767
-0.051634
-0.044628
-0.041943
-0.041501
-0.037175
-0.037114
-0.034652
-0.026657
-0.025945
-0.024678
-0.026188
-0.018700
-0.010626
-0.015737
-0.015311
-0.007222
-0.005162
-0.003246
-0.001119
0.001738
0.002174
0.008131
0.010842
0.013361
0.014544
0.016512
0.019234
0.023927
0.025114
0.026697
0.032412
0.033030
0.035233
0.038924
0.039763
0.045753
0.046396
0.049299
0.049673
0.056008
0.054561
0.059311
0.064885
0.063298
0.068406
0.067491
0.073859
0.075860
0.073974
0.080081
0.083703
0.084819
0.086387
0.091409
0.094053
0.093284
0.098577
0.102305
0.100704
0.105299
0.107430
0.110406
0.114415
0.115667
0.117290
0.118922
0.122934
0.126179
0.128751
0.127361
0.135869
0.135025
0.136083
0.140243
0.145313
0.145861
0.144938
0.148102
0.155316
0.156313
0.156044
0.157218
0.163475
0.165201
0.164744
0.170022
0.170586
0.173906
0.172947
0.182590
0.179270
0.182226
0.186939
0.187263
0.190024
0.191880
0.197509
0.195939
0.197777
0.200091
0.206860
0.204487
0.208208
0.209836
0.215878
0.214605
0.218192
0.217450
0.222183
0.226413
0.227071
0.227673
0.227717
0.236169
0.236118
0.236166
0.240678
0.243338
0.243313
0.246849
0.249414
0.250243
0.254817
0.255555
0.257271
0.259129
0.263009
0.262586
0.268392
0.268158
0.270393
0.274085
0.273324
0.278822
0.278963
0.280692
0.286429
0.282840
0.289331
0.288929
0.296244
0.291124
0.294158
0.300728
0.302236
0.300580
0.302956
0.308837
0.309209
0.309124
0.310231
0.318832
0.315571
0.316435
0.323418
0.319166
0.326134
0.326170
0.328051
0.330426
0.331255
0.334006
0.335783
0.339496
0.336818
0.342218
0.344767
0.345714
0.347858
0.347748
0.352479
0.351321
0.355610
0.356477
0.358640
0.361302
0.360954
0.360477
0.366471
0.369039
0.370949
0.369071
0.372110
0.371972
0.377916
0.378747
0.378108
0.381439
0.380929
0.383630
0.387036
0.386168
0.388948
0.392719
0.393510
0.393562
0.395049
0.399280
0.396902
0.404278
0.401379
0.403795
0.406480
0.407985
0.406590
0.411923
0.409994
0.415117
0.417530
0.417947
0.414746
0.418704
0.424850
0.420489
0.422474
0.428072
0.424914
0.431793
0.429419
0.427840
0.436246
0.437478
0.433248
0.438349
0.436469
0.440458
0.442281
0.444825
0.442934
0.445390
0.444732
0.450288
0.448955
0.450860
0.455590
0.450994
0.452617
0.456406
0.456532
0.459224
0.459719
0.460611
0.460483
0.464749
0.463943
0.464327
0.463247
0.470602
0.468867
0.473827
0.465021
0.474404
0.474890
0.474676
0.472272
0.478284
0.479062
0.478198
0.480048
0.479881
0.480654
0.482502
0.484646
0.485374
0.487751
0.484909
0.482766
0.491691
0.489187
0.492643
0.488527
0.493182
0.492299
0.494354
0.494437
0.497806
0.494503
0.497541
0.498512
0.496117
0.502166
0.502645
0.501227
0.500080
0.503550
0.501708
0.505752
0.506910
0.505871
0.507690
0.503793
0.508076
0.508777
0.512370
0.510055
0.508801
0.513006
0.509802
0.512131
0.515752
0.514968
0.510782
0.514550
0.517130
0.514917
0.516439
0.519886
0.515641
0.517488
0.518710
0.520859
0.519610
0.520299
0.519194
0.519837
0.522670
0.521893
0.523644
0.521462
0.525023
0.524563
0.519836
0.526026
0.528653
0.524083
0.524038
0.526320
0.525266
0.525519
0.529084
0.530441
0.523894
0.526180
0.527995
0.531070
0.527953
0.528709
0.529120
0.530551
0.529250
0.527038
0.530707
0.531514
0.531888
0.529021
0.528779
0.530876
0.532231
0.531332
0.530149
0.533496
0.530115
0.531476
0.530079
0.534407
0.529467
0.531651
0.532079
0.534623
0.529850
0.530510
0.532378
0.534756
0.529023
0.533298
0.530982
0.529906
0.533586
0.529653
0.531471
0.531528
0.530525
0.528095
0.532293
0.529725
0.531599
0.530020
0.527236
0.530162
0.529994
0.529726
0.529554
0.528074
0.529796
0.529366
0.525246
0.524876
0.530174
0.530777
0.524992
0.526504
0.524475
0.529258
0.526154
0.525899
0.529221
0.524751
0.527268
0.531892
0.525713
0.528742
0.527960
0.531326
0.524148
0.523907
0.517648
0.516818
0.519421
0.521217
0.524105
0.523228
0.522407
0.517568
0.521269
0.519313
0.516029
0.519817
0.519406
0.515345
0.516903
0.519086
0.515181
0.515468
0.515265
0.513979
0.511831
0.515223
0.510503
0.514454
0.513917
0.511419
0.510547
0.508312
0.508039
0.510513
0.512114
0.508800
0.506681
0.503191
0.507270
0.506057
0.503672
0.506245
0.503568
0.502016
0.500180
0.501081
0.501562
0.500964
0.496639
0.498783
0.496359
0.499247
0.494902
0.494555
0.496592
0.493155
0.489742
0.492276
0.492677
0.496330
0.488114
0.487073
0.484331
0.489899
0.489921
0.484562
0.484051
0.486310
0.481860
0.483984
0.480187
0.482195
0.481062
0.477660
0.479750
0.478678
0.477564
0.472528
0.474227
0.477141
0.474608
0.471278
0.471797
0.469008
0.469711
0.470758
0.465757
0.465718
0.464478
0.468691
0.463397
0.461998
0.459273
0.458886
0.458804
0.462054
0.461159
0.455521
0.454354
0.453243
0.455398
0.452714
0.454124
0.449977
0.450618
0.448206
0.446829
0.448338
0.443005
0.446681
0.443590
0.443105
0.443079
0.440391
0.438782
0.438660
0.436235
0.439946
0.433739
0.437336
0.430673
0.431087
0.430989
0.429139
0.429712
0.429935
0.424111
0.425168
0.423766
0.425248
0.422297
0.418818
0.420744
0.416520
0.418177
0.417513
0.413622
0.412412
0.414788
0.410723
0.411495
0.409091
0.408513
0.406265
0.403297
0.405868
0.403565
0.400850
0.401596
0.400218
0.399745
0.397222
0.396422
0.393394
0.395096
0.392554
0.390733
0.392478
0.391136
0.385857
0.385263
0.384324
0.385326
0.384969
0.381507
0.379554
0.378694
0.379187
0.373657
0.375501
0.375609
0.371370
0.372488
0.370301
0.368983
0.368623
0.363559
0.365587
0.365187
0.364601
0.363184
0.355730
0.357733
0.359743
0.357442
0.355568
0.351373
0.353018
0.352665
0.345676
0.350341
0.344880
0.347392
0.345880
0.341771
0.342042
0.341018
0.338491
0.337836
0.336530
0.336722
0.331516
0.333566
0.332261
0.330534
0.327046
0.328511
0.324829
0.323106
0.324327
0.321906
0.323173
0.316278
0.317280
0.314861
0.316313
0.316614
0.312407
0.310444
0.308284
0.308557
0.308697
0.306059
0.304993
0.303142
0.301222
0.302465
0.300584
0.298734
0.296299
0.295472
0.293175
0.296936
0.292617
0.289218
0.288130
0.287201
0.287510
0.286384
0.285428
0.281955
0.281404
0.280141
0.279640
0.275282
0.277671
0.274439
0.274963
0.272218
0.271356
0.270599
0.266528
0.264854
0.267902
0.268083
0.262887
0.261323
0.258615
0.260485
0.259309
0.257647
0.254984
0.256793
0.252042
0.250893
0.250947
0.249125
0.247677
0.247348
0.248663
0.243894
0.242909
0.238497
0.240588
0.241670
0.237874
0.237415
0.235563
0.233059
0.233744
0.231330
0.231000
0.228742
0.227871
0.227336
0.225224
0.223378
0.225977
0.221095
0.219939
0.219726
0.219879
0.215881
0.215687
0.213856
0.215154
0.213427
0.208688
0.210171
0.208076
0.208572
0.207620
0.208415
0.200487
0.200833
0.200961
0.202426
0.199542
0.198165
0.196678
0.197480
0.194252
0.191700
0.193475
0.194316
0.188998
0.186898
0.189632
0.189583
0.182738
0.182303
0.184808
0.182626
0.182773
0.180185
0.178242
0.177210
0.175966
0.175950
0.175008
0.176267
0.170195
0.170579
0.169330
0.168874
0.168055
0.166521
0.167426
0.163099
0.163633
0.160925
0.160673
0.159315
0.160350
0.158191
0.155991
0.156155
0.154150
0.154109
0.151903
0.151514
0.150495
0.152133
0.145753
0.147236
0.144708
0.145152
0.144553
0.141539
0.142265
0.139750
0.139158
0.141543
0.134980
0.135538
0.138517
0.136901
0.132686
0.133178
0.130169
0.132146
0.128205
0.128936
0.128248
0.127067
0.126329
0.124824
0.124130
0.121068
0.120585
0.122825
0.120099
0.117214
0.117720
0.116270
0.117161
0.113559
0.114205
0.113166
0.112386
0.111011
0.108388
0.111578
0.107702
0.109129
0.103568
0.101784
0.107197
0.106025
0.102974
0.099760
0.098191
0.101388
0.099084
0.097429
0.098010
0.097617
0.095180
0.092710
0.092792
0.094352
0.091939
0.092153
0.089530
0.088985
0.089356
0.088740
0.087063
0.083934
0.082787
0.086894
0.084709
0.083899
0.082076
0.078112
0.079606
0.080553
0.079496
0.080582
0.076748
0.075955
0.072232
0.075390
0.077748
0.074164
0.071756
0.069294
0.071331
0.072793
0.068244
0.066214
0.067137
0.068831
0.067818
0.064770
0.066990
0.063468
0.060712
0.061296
0.064971
0.063757
0.061267
0.057025
0.059425
0.057606
0.057928
0.060243
0.057990
0.053975
0.054280
0.055249
0.053718
0.053607
0.054518
0.051482
0.050008
0.049720
0.051648
0.051305
0.051400
0.046458
0.045056
0.044609
0.049680
0.048302
0.047029
0.041288
0.042706
0.043084
0.046629
0.042481
0.041049
0.040262
0.042357
0.041725
0.040533
0.038121
0.036915
0.041610
0.039421
0.035969
0.036298
0.038594
0.039204
0.035356
0.031720
0.032612
0.036825
0.045140
0.058738
0.065884
0.061778


