M_loss: 2, M_sym: 4300.0, M_power: 9000, M_bandwidth: 22.3872113856834
0.060732
0.057621
0.051991
0.038440
0.032949
0.029839
0.028950
0.030827
0.028191
0.029171
0.031277
0.034798
0.033158
0.031388
0.033310
0.031195
0.034529
0.032305
0.035796
0.036118
0.033480
0.035310
0.035756
0.038113
0.035350
0.037374
0.037104
0.039466
0.040007
0.038676
0.038261
0.039363
0.040995
0.042639
0.042358
0.042245
0.042083
0.042796
0.041828
0.045326
0.043918
0.047300
0.044335
0.048107
0.045246
0.046497
0.047894
0.048886
0.048220
0.048836
0.051970
0.050639
0.051188
0.050164
0.053261
0.052230
0.054420
0.054307
0.053134
0.054348
0.057189
0.056320
0.056582
0.058569
0.057735
0.058705
0.059246
0.060135
0.058138
0.063650
0.061066
0.063604
0.062739
0.060688
0.064160
0.064639
0.067068
0.066573
0.064399
0.067757
0.068406
0.071183
0.067592
0.067923
0.068929
0.070533
0.073872
0.072467
0.072918
0.074706
0.074420
0.073626
0.074853
0.076864
0.076607
0.078354
0.078504
0.079519
0.078596
0.080641
0.084641
0.080200
0.082198
0.081513
0.083150
0.085111
0.087043
0.087681
0.086310
0.087188
0.085745
0.087352
0.091238
0.092770
0.091742
0.089861
0.093777
0.092711
0.094270
0.093327
0.095189
0.096042
0.097845
0.098992
0.096200
0.100102
0.101033
0.100553
0.097977
0.103181
0.105267
0.104094
0.104812
0.103471
0.106198
0.107730
0.107669
0.109006
0.109274
0.107543
0.113307
0.111200
0.111982
0.111292
0.114296
0.114863
0.117170
0.116906
0.117686
0.115911
0.117165
0.118196
0.122820
0.122710
0.122368
0.122474
0.122346
0.123139
0.123765
0.127467
0.127423
0.129863
0.128029
0.130519
0.128919
0.129101
0.129711
0.132454
0.134813
0.136923
0.138033
0.132841
0.134240
0.137249
0.139290
0.139919
0.140829
0.140877
0.140861
0.143758
0.142720
0.147968
0.144183
0.142520
0.147452
0.149810
0.148938
0.148404
0.152472
0.151317
0.151538
0.152429
0.154178
0.153638
0.155124
0.159406
0.156979
0.159722
0.156389
0.160598
0.162172
0.161948
0.162754
0.162253
0.165352
0.166181
0.167227
0.166303
0.166093
0.171613
0.170748
0.171163
0.167703
0.172781
0.174388
0.176505
0.174398
0.177509
0.175297
0.175461
0.179247
0.179904
0.182203
0.181633
0.181740
0.182252
0.183276
0.185467
0.187175
0.185428
0.188553
0.188721
0.190163
0.188979
0.189816
0.192629
0.192998
0.194461
0.196723
0.193906
0.195951
0.197202
0.198218
0.199004
0.199987
0.202756
0.203915
0.201265
0.199703
0.206168
0.206341
0.207202
0.207360
0.210058
0.206575
0.207312
0.211495
0.214148
0.213478
0.213477
0.214561
0.212378
0.214593
0.220658
0.218304
0.220219
0.218930
0.219201
0.218817
0.222664
0.226688
0.224698
0.223356
0.227011
0.226846
0.224478
0.227402
0.230840
0.229381
0.232691
0.234491
0.235789
0.228881
0.231734
0.233074
0.238937
0.239990
0.238826
0.239148
0.239720
0.238706
0.239407
0.241691
0.244210
0.245416
0.246171
0.245465
0.245033
0.245229
0.248585
0.249742
0.252347
0.251986
0.249230
0.251430
0.252809
0.256233
0.252407
0.255440
0.258574
0.259343
0.257717
0.256983
0.256383
0.261678
0.263485
0.266231
0.264674
0.257704
0.263089
0.266244
0.265742
0.268577
0.268888
0.267305
0.270589
0.270465
0.270428
0.271527
0.271326
0.272958
0.271403
0.276294
0.279279
0.275699
0.278666
0.273545
0.277158
0.277842
0.286699
0.279981
0.279030
0.281938
0.283272
0.285350
0.283569
0.285052
0.286137
0.287121
0.286864
0.288213
0.288834
0.288626
0.290379
0.290077
0.295201
0.291049
0.293304
0.289045
0.296178
0.298358
0.294915
0.295877
0.298033
0.297475
0.296738
0.299505
0.299519
0.298923
0.303714
0.301900
0.303219
0.302561
0.303985
0.303603
0.301772
0.306352
0.304745
0.309470
0.307772
0.307524
0.308174
0.308981
0.310159
0.306785
0.309934
0.310905
0.312766
0.314237
0.314901
0.314144
0.309337
0.312613
0.316546
0.317949
0.316383
0.317825
0.315784
0.318372
0.316249
0.319286
0.319516
0.320349
0.318482
0.321325
0.320434
0.324690
0.321506
0.323998
0.322156
0.321614
0.321925
0.325814
0.326693
0.325275
0.326462
0.327446
0.325979
0.324842
0.327475
0.329091
0.328021
0.328630
0.328598
0.327452
0.330269
0.332802
0.331901
0.327799
0.331194
0.331108
0.334254
0.330221
0.331580
0.334110
0.335671
0.333568
0.331275
0.331899
0.334898
0.336041
0.334130
0.337142
0.335379
0.336362
0.334955
0.334203
0.336574
0.338722
0.333765
0.337850
0.338436
0.340160
0.337810
0.337285
0.337166
0.335401
0.340306
0.341251
0.339919
0.332874
0.340189
0.344801
0.338989
0.339448
0.336724
0.339310
0.338490
0.342526
0.341977
0.340455
0.340867
0.339870
0.338603
0.339735
0.341791
0.344098
0.340322
0.338551
0.340306
0.341346
0.341935
0.342808
0.340614
0.337931
0.341690
0.339016
0.344065
0.339707
0.341409
0.340867
0.339731
0.342533
0.341072
0.341995
0.340193
0.334431
0.334788
0.339451
0.339444
0.343027
0.343995
0.343584
0.342039
0.341803
0.343298
0.340569
0.339178
0.338134
0.337955
0.337175
0.339825
0.337453
0.336000
0.336336
0.336220
0.335977
0.334064
0.335790
0.335565
0.335714
0.332436
0.335329
0.335717
0.333038
0.333409
0.333661
0.332298
0.336669
0.331033
0.331391
0.329390
0.331695
0.334085
0.333758
0.327727
0.331699
0.330110
0.329010
0.330682
0.328120
0.327036
0.330645
0.327906
0.328748
0.326378
0.326508
0.326337
0.326020
0.324157
0.323031
0.324762
0.327998
0.322444
0.321856
0.320504
0.322908
0.322129
0.318408
0.317821
0.325959
0.317824
0.319412
0.314595
0.316509
0.316624
0.316319
0.318020
0.312716
0.311671
0.314625
0.316161
0.309649
0.309401
0.313749
0.307103
0.310626
0.307206
0.309079
0.309669
0.303201
0.302143
0.307018
0.303799
0.305663
0.303709
0.299620
0.299501
0.299891
0.298021
0.300263
0.299647
0.293848
0.295700
0.294107
0.296575
0.291892
0.296201
0.288891
0.289762
0.287805
0.292661
0.285166
0.285953
0.287553
0.286377
0.283377
0.283163
0.282732
0.278624
0.280947
0.279228
0.281101
0.274593
0.274651
0.274912
0.276776
0.272263
0.271045
0.270959
0.271208
0.264475
0.269426
0.268538
0.266367
0.263684
0.261693
0.263631
0.261366
0.257810
0.257842
0.260899
0.257595
0.252763
0.254729
0.252050
0.252757
0.250676
0.249595
0.248996
0.244879
0.245534
0.243425
0.246130
0.241774
0.243529
0.238813
0.235159
0.234169
0.239605
0.236396
0.233222
0.231698
0.232026
0.226102
0.229165
0.229065
0.223122
0.224678
0.222724
0.221763
0.219837
0.217732
0.216666
0.218061
0.214650
0.212466
0.211294
0.210378
0.210471
0.207450
0.203422
0.204017
0.203774
0.203635
0.199164
0.200047
0.194817
0.196583
0.195310
0.192424
0.188238
0.193800
0.187960
0.186475
0.186229
0.182619
0.181026
0.178396
0.185579
0.174525
0.177165
0.175040
0.170028
0.172266
0.168791
0.169545
0.165669
0.165202
0.164298
0.162517
0.160352
0.155979
0.155381
0.158694
0.152466
0.152013
0.149788
0.149904
0.146798
0.143062
0.143825
0.144802
0.137295
0.139415
0.136656
0.136330
0.132289
0.135101
0.126554
0.127633
0.127678
0.122709
0.128031
0.120137
0.119633
0.115748
0.119225
0.113783
0.108431
0.112011
0.107281
0.110616
0.105370
0.102965
0.103965
0.098626
0.096719
0.091694
0.098309
0.091995
0.093755
0.086223
0.087690
0.085250
0.085801
0.078794
0.079598
0.077615
0.076047
0.073134
0.073693
0.072098
0.065027
0.067623
0.064157
0.065414
0.057779
0.056744
0.059283
0.056011
0.055945
0.047787
0.048276
0.047203
0.043928
0.044600
0.046479
0.035548
0.034774
0.036776
0.035569
0.033184
0.028167
0.025709
0.027282
0.024364
0.023509
0.018095
0.017032
0.017450
0.015498
0.012045
0.009047
0.004129
0.006650
0.006631
0.005059
-0.003668
-0.001322
-0.005370
-0.003755
-0.008270
-0.009114
-0.013546
-0.014066
-0.018162
-0.016381
-0.015608
-0.020611
-0.030938
-0.024802
-0.031107
-0.026534
-0.031229
-0.034467
-0.035185
-0.040489
-0.041311
-0.041856
-0.043707
-0.044791
-0.047882
-0.053390
-0.051647
-0.056546
-0.054815
-0.057296
-0.059814
-0.062917
-0.068942
-0.065143
-0.069104
-0.069032
-0.075867
-0.073098
-0.078780
-0.079878
-0.078789
-0.084868
-0.085236
-0.089547
-0.088170
-0.090074
-0.095326
-0.097309
-0.095918
-0.098723
-0.105678
-0.104516
-0.103963
-0.108430
-0.109491
-0.112150
-0.111823
-0.121559
-0.117324
-0.121247
-0.120187
-0.125194
-0.126437
-0.128328
-0.132390
-0.130286
-0.137625
-0.135454
-0.137762
-0.143613
-0.141518
-0.148616
-0.145347
-0.149719
-0.149692
-0.153972
-0.154514
-0.157886
-0.160881
-0.159611
-0.162925
-0.166755
-0.167419
-0.168639
-0.170448
-0.174903
-0.175332
-0.177039
-0.179263
-0.180391
-0.182134
-0.185406
-0.193257
-0.186716
-0.188737
-0.195542
-0.193648
-0.195158
-0.199766
-0.201398
-0.204104
-0.205323
-0.205291
-0.209074
-0.210947
-0.212589
-0.219703
-0.214092
-0.215874
-0.224715
-0.222174
-0.220736
-0.227153
-0.231100
-0.229973
-0.232878
-0.231442
-0.234229
-0.243212
-0.240566
-0.241042
-0.239439
-0.251192
-0.248946
-0.245008
-0.248313
-0.253621
-0.258808
-0.259729
-0.254889
-0.260915
-0.262143
-0.262768
-0.267977
-0.269385
-0.266924
-0.271052
-0.272870
-0.275733
-0.277303
-0.281760
-0.275412
-0.284217
-0.284901
-0.285182
-0.287803
-0.288317
-0.289075
-0.295829
-0.294016
-0.294980
-0.297514
-0.302208
-0.302324
-0.301198
-0.302540
-0.307966
-0.311789
-0.307978
-0.310536
-0.313745
-0.317107
-0.313152
-0.318845
-0.321168
-0.323140
-0.321724
-0.324776
-0.325606
-0.329480
-0.326234
-0.333937
-0.331297
-0.336103
-0.336309
-0.338056
-0.335789
-0.339830
-0.347843
-0.340293
-0.342807
-0.346558
-0.349450
-0.351578
-0.351603
-0.349358
-0.354954
-0.355237
-0.356871
-0.362104
-0.355310
-0.361387
-0.364830
-0.361237
-0.367521
-0.368473
-0.368336
-0.370538
-0.366989
-0.371732
-0.376099
-0.370348
-0.380713
-0.376678
-0.382366
-0.377949
-0.381866
-0.382228
-0.384383
-0.385114
-0.387891
-0.385724
-0.385882
-0.392051
-0.393797
-0.392831
-0.396170
-0.395024
-0.399815
-0.395656
-0.394824
-0.403606
-0.402138
-0.403943
-0.401628
-0.403924
-0.406174
-0.403101
-0.404281
-0.412771
-0.410772
-0.408951
-0.411238
-0.411399
-0.413711
-0.415386
-0.414692
-0.421315
-0.412830
-0.419739
-0.420378
-0.423900
-0.419229
-0.423971
-0.422598
-0.423641
-0.426206
-0.428675
-0.425853
-0.428549
-0.431800
-0.424864
-0.432845
-0.430653
-0.433004
-0.431745
-0.437494
-0.436243
-0.431548
-0.434641
-0.437191
-0.440418
-0.437861
-0.438185
-0.433310
-0.444268
-0.443137
-0.439412
-0.440475
-0.445581
-0.439462
-0.445855
-0.443837
-0.446005
-0.443885
-0.444823
-0.445387
-0.451044
-0.445821
-0.450375
-0.443293
-0.446872
-0.454784
-0.450595
-0.447684
-0.448491
-0.453291
-0.452692
-0.448494
-0.455797
-0.450011
-0.453895
-0.452335
-0.454082
-0.449786
-0.460315
-0.452338
-0.455270
-0.454632
-0.456729
-0.455884
-0.451847
-0.456183
-0.457197
-0.456618
-0.458626
-0.454556
-0.457591
-0.456180
-0.459705
-0.459424
-0.450316
-0.461719
-0.455513
-0.456262
-0.460048
-0.456274
-0.460157
-0.459200
-0.452415
-0.460707
-0.456269
-0.454610
-0.459947
-0.465085
-0.452330
-0.456561
-0.453759
-0.457903
-0.457604
-0.458374
-0.451949
-0.463308
-0.454084
-0.453706
-0.450078
-0.457992
-0.460808
-0.452007
-0.455349
-0.452254
-0.453748
-0.451035
-0.456027
-0.451344
-0.453334
-0.452218
-0.448013
-0.453412
-0.452420
-0.450015
-0.448413
-0.449037
-0.448539
-0.446720
-0.452770
-0.447975
-0.439186
-0.449049
-0.447019
-0.445111
-0.446997
-0.440636
-0.443424
-0.441238
-0.441187
-0.444092
-0.440570
-0.440252
-0.438397
-0.439395
-0.437069
-0.433078
-0.437957
-0.438769
-0.431156
-0.436399
-0.431103
-0.431201
-0.433468
-0.431912
-0.430897
-0.423410
-0.428284
-0.428444
-0.423349
-0.425569
-0.427461
-0.423595
-0.418613
-0.422055
-0.417810
-0.418062
-0.420120
-0.416961
-0.418857
-0.411517
-0.416147
-0.409623
-0.409852
-0.412945
-0.408644
-0.405044
-0.409515
-0.406463
-0.404939
-0.402267
-0.398410
-0.401990
-0.399919
-0.399411
-0.396790
-0.395184
-0.391674
-0.398744
-0.389018
-0.385330
-0.392552
-0.388493
-0.385888
-0.381671
-0.384910
-0.379856
-0.386173
-0.373708
-0.376454
-0.378000
-0.374983
-0.372599
-0.371181
-0.368608
-0.365762
-0.370769
-0.367225
-0.360831
-0.360470
-0.363007
-0.357818
-0.354845
-0.359826
-0.349752
-0.353302
-0.354217
-0.338866
-0.350805
-0.348008
-0.342706
-0.343288
-0.341031
-0.333643
-0.338273
-0.333409
-0.331425
-0.330514
-0.332668
-0.327352
-0.320441
-0.329457
-0.318205
-0.318182
-0.317600
-0.317939
-0.314382
-0.307420
-0.313651
-0.308308
-0.303625
-0.306447
-0.299391
-0.299582
-0.300579
-0.298131
-0.290218
-0.290661
-0.292071
-0.285317
-0.286879
-0.282943
-0.281927
-0.281073
-0.274568
-0.273563
-0.271358
-0.272124
-0.267876
-0.264902
-0.267788
-0.260297
-0.250247
-0.262900
-0.262573
-0.245980
-0.246636
-0.251680
-0.244174
-0.243293
-0.241977
-0.235532
-0.235955
-0.235371
-0.227615
-0.231692
-0.225379
-0.223466
-0.221050
-0.221455
-0.215904
-0.211751
-0.212144
-0.212078
-0.204739
-0.205518
-0.199738
-0.198007
-0.201795
-0.190214
-0.192319
-0.188545
-0.182112
-0.188946
-0.184014
-0.175052
-0.175965
-0.172935
-0.174436
-0.163440
-0.164583
-0.165540
-0.159927
-0.158766
-0.152942
-0.153762
-0.147922
-0.144844
-0.147438
-0.138628
-0.138674
-0.137178
-0.133457
-0.128681
-0.124747
-0.127894
-0.122081
-0.117377
-0.121558
-0.111746
-0.104683
-0.109482
-0.108808
-0.100162
-0.100883
-0.095241
-0.094176
-0.088409
-0.089018
-0.084693
-0.084087
-0.077712
-0.076138
-0.073742
-0.071099
-0.067742
-0.061035
-0.063150
-0.058399
-0.058993
-0.050868
-0.051487
-0.047073
-0.042518
-0.038686
-0.038860
-0.035838
-0.033539
-0.026650
-0.025677
-0.022765
-0.021079
-0.016975
-0.014467
-0.006450
-0.014486
0.002353
-0.000501
-0.005569
0.011115
0.004088
0.010550
0.013644
0.019723
0.020240
0.022552
0.025775
0.031283
0.029977
0.041921
0.036513
0.041301
0.042268
0.052589
0.050190
0.055115
0.057453
0.061193
0.068888
0.064397
0.065360
0.078589
0.081844
0.077862
0.082111
0.090020
0.086386
0.090060
0.101474
0.097033
0.104621
0.105302
0.109143
0.113999
0.114235
0.116971
0.122615
0.128220
0.129842
0.132115
0.128721
0.139415
0.140580
0.149792
0.145926
0.150776
0.156812
0.154858
0.162597
0.159465
0.169355
0.174527
0.170667
0.179383
0.178570
0.182479
0.189276
0.187434
0.196408
0.194908
0.203971
0.197859
0.208781
0.209082
0.214597
0.215675
0.217940
0.223266
0.231503
0.224037
0.238015
0.231520
0.238717
0.247076
0.242966
0.249919
0.251857
0.256093
0.262415
0.261413
0.263261
0.270252
0.269252
0.275093
0.283230
0.278481
0.286514
0.284674
0.295597
0.296577
0.294387
0.302618
0.303927
0.304991
0.313556
0.314981
0.316412
0.320347
0.324401
0.329790
0.323950
0.336392
0.338196
0.341738
0.339649
0.346289
0.350412
0.356988
0.353004
0.359574
0.363941
0.367850
0.366619
0.370054
0.378379
0.374277
0.386388
0.382786
0.389221
0.391529
0.389629
0.399951
0.402051
0.403236
0.409402
0.408417
0.411611
0.416994
0.418492
0.421566
0.425672
0.431495
0.436189
0.431631
0.433755
0.445872
0.443517
0.448584
0.450852
0.454286
0.455610
0.455187
0.468237
0.461455
0.469121
0.473239
0.469062
0.482014
0.484080
0.480003
0.485978
0.491058
0.492855
0.495652
0.498806
0.500840
0.508010
0.507357
0.507116
0.513914
0.517784
0.524141
0.519130
0.525895
0.524581
0.531538
0.535309
0.534987
0.539698
0.545052
0.543902
0.550269
0.548385
0.553162
0.558460
0.557165
0.563940
0.561993
0.566510
0.572804
0.574522
0.572102
0.578743
0.579588
0.586298
0.590835
0.584803
0.593188
0.595749
0.598033
0.598779
0.599505
0.611080
0.608258
0.608259
0.613922
0.618056
0.617833
0.617087
0.626994
0.626419
0.634739
0.620920
0.640257
0.636059
0.639505
0.640760
0.643551
0.650825
0.648129
0.647692
0.654254
0.659596
0.662449
0.658253
0.671102
0.655244
0.670548
0.672281
0.675259
0.674730
0.682001
0.676621
0.683785
0.684320
0.689646
0.685763
0.697586
0.689163
0.695657
0.701575
0.700469
0.703807
0.702984
0.705893
0.711585
0.713490
0.710778
0.716965
0.720949
0.717451
0.721686
0.726839
0.724507
0.730336
0.731640
0.725322
0.740399
0.733537
0.739798
0.742358
0.742149
0.746058
0.742256
0.749705
0.749882
0.754055
0.757533
0.748803
0.761050
0.756975
0.761543
0.765577
0.767831
0.761778
0.769127
0.772437
0.776071
0.765126
0.776314
0.782451
0.778482
0.780002
0.779558
0.789286
0.782041
0.790206
0.782735
0.792719
0.793517
0.796903
0.794918
0.791294
0.801946
0.796516
0.805073
0.802723
0.805633
0.798706
0.811785
0.806552
0.810417
0.808320
0.820837
0.809949
0.811164
0.819405
0.822636
0.814734
0.817164
0.826589
0.818589
0.827252
0.827380
0.824664
0.824572
0.829673
0.832945
0.826345
0.834526
0.834161
0.833167
0.838926
0.834223
0.837816
0.837809
0.834756
0.848381
0.840407
0.839293
0.847339
0.840700
0.848105
0.844070
0.845039
0.850527
0.848081
0.851202
0.849581
0.853063
0.847073
0.853823
0.852955
0.853581
0.860933
0.853886
0.851165
0.858784
0.853837
0.863090
0.861106
0.851471
0.867242
0.856794
0.856268
0.866388
0.864252
0.855236
0.868809
0.860263
0.868296
0.864636
0.858781
0.865573
0.870843
0.863150
0.858702
0.872216
0.868891
0.866100
0.865471
0.867232
0.870272
0.868069
0.866159
0.868556
0.868963
0.868385
0.868537
0.871940
0.868757
0.868826
0.867831
0.868805
0.872043
0.871701
0.862471
0.871701
0.872043
0.868805
0.867831
0.868826
0.868757
0.871940
0.868537
0.868385
0.868963
0.868556
0.866159
0.868069
0.870272
0.867232
0.865471
0.866100
0.868891
0.872216
0.858702
0.863150
0.870843
0.865573
0.858781
0.864636
0.868296
0.860263
0.868809
0.855236
0.864252
0.866388
0.856268
0.856794
0.867242
0.851471
0.861106
0.863090
0.853837
0.858784
0.851165
0.853886
0.860933
0.853581
0.852955
0.853823
0.847073
0.853063
0.849581
0.851202
0.848081
0.850527
0.845039
0.844070
0.848105
0.840700
0.847339
0.839293
0.840407
0.848381
0.834756
0.837809
0.837816
0.834223
0.838926
0.833167
0.834161
0.834526
0.826345
0.832945
0.829673
0.824572
0.824664
0.827380
0.827252
0.818589
0.826589
0.817164
0.814734
0.822636
0.819405
0.811164
0.809949
0.820837
0.808320
0.810417
0.806552
0.811785
0.798706
0.805633
0.802723
0.805073
0.796516
0.801946
0.791294
0.794918
0.796903
0.793517
0.792719
0.782735
0.790206
0.782041
0.789286
0.779558
0.780002
0.778482
0.782451
0.776314
0.765126
0.776071
0.772437
0.769127
0.761778
0.767831
0.765577
0.761543
0.756975
0.761050
0.748803
0.757533
0.754055
0.749882
0.749705
0.742256
0.746058
0.742149
0.742358
0.739798
0.733537
0.740399
0.725322
0.731640
0.730336
0.724507
0.726839
0.721686
0.717451
0.720949
0.716965
0.710778
0.713490
0.711585
0.705893
0.702984
0.703807
0.700469
0.701575
0.695657
0.689163
0.697586
0.685763
0.689646
0.684320
0.683785
0.676621
0.682001
0.674730
0.675259
0.672281
0.670548
0.655244
0.671102
0.658253
0.662449
0.659596
0.654254
0.647692
0.648129
0.650825
0.643551
0.640760
0.639505
0.636059
0.640257
0.620920
0.634739
0.626419
0.626994
0.617087
0.617833
0.618056
0.613922
0.608259
0.608258
0.611080
0.599505
0.598779
0.598033
0.595749
0.593188
0.584803
0.590835
0.586298
0.579588
0.578743
0.572102
0.574522
0.572804
0.566510
0.561993
0.563940
0.557165
0.558460
0.553162
0.548385
0.550269
0.543902
0.545052
0.539698
0.534987
0.535309
0.531538
0.524581
0.525895
0.519130
0.524141
0.517784
0.513914
0.507116
0.507357
0.508010
0.500840
0.498806
0.495652
0.492855
0.491058
0.485978
0.480003
0.484080
0.482014
0.469062
0.473239
0.469121
0.461455
0.468237
0.455187
0.455610
0.454286
0.450852
0.448584
0.443517
0.445872
0.433755
0.431631
0.436189
0.431495
0.425672
0.421566
0.418492
0.416994
0.411611
0.408417
0.409402
0.403236
0.402051
0.399951
0.389629
0.391529
0.389221
0.382786
0.386388
0.374277
0.378379
0.370054
0.366619
0.367850
0.363941
0.359574
0.353004
0.356988
0.350412
0.346289
0.339649
0.341738
0.338196
0.336392
0.323950
0.329790
0.324401
0.320347
0.316412
0.314981
0.313556
0.304991
0.303927
0.302618
0.294387
0.296577
0.295597
0.284674
0.286514
0.278481
0.283230
0.275093
0.269252
0.270252
0.263261
0.261413
0.262415
0.256093
0.251857
0.249919
0.242966
0.247076
0.238717
0.231520
0.238015
0.224037
0.231503
0.223266
0.217940
0.215675
0.214597
0.209082
0.208781
0.197859
0.203971
0.194908
0.196408
0.187434
0.189276
0.182479
0.178570
0.179383
0.170667
0.174527
0.169355
0.159465
0.162597
0.154858
0.156812
0.150776
0.145926
0.149792
0.140580
0.139415
0.128721
0.132115
0.129842
0.128220
0.122615
0.116971
0.114235
0.113999
0.109143
0.105302
0.104621
0.097033
0.101474
0.090060
0.086386
0.090020
0.082111
0.077862
0.081844
0.078589
0.065360
0.064397
0.068888
0.061193
0.057453
0.055115
0.050190
0.052589
0.042268
0.041301
0.036513
0.041921
0.029977
0.031283
0.025775
0.022552
0.020240
0.019723
0.013644
0.010550
0.004088
0.011115
-0.005569
-0.000501
0.002353
-0.014486
-0.006450
-0.014467
-0.016975
-0.021079
-0.022765
-0.025677
-0.026650
-0.033539
-0.035838
-0.038860
-0.038686
-0.042518
-0.047073
-0.051487
-0.050868
-0.058993
-0.058399
-0.063150
-0.061035
-0.067742
-0.071099
-0.073742
-0.076138
-0.077712
-0.084087
-0.084693
-0.089018
-0.088409
-0.094176
-0.095241
-0.100883
-0.100162
-0.108808
-0.109482
-0.104683
-0.111746
-0.121558
-0.117377
-0.122081
-0.127894
-0.124747
-0.128681
-0.133457
-0.137178
-0.138674
-0.138628
-0.147438
-0.144844
-0.147922
-0.153762
-0.152942
-0.158766
-0.159927
-0.165540
-0.164583
-0.163440
-0.174436
-0.172935
-0.175965
-0.175052
-0.184014
-0.188946
-0.182112
-0.188545
-0.192319
-0.190214
-0.201795
-0.198007
-0.199738
-0.205518
-0.204739
-0.212078
-0.212144
-0.211751
-0.215904
-0.221455
-0.221050
-0.223466
-0.225379
-0.231692
-0.227615
-0.235371
-0.235955
-0.235532
-0.241977
-0.243293
-0.244174
-0.251680
-0.246636
-0.245980
-0.262573
-0.262900
-0.250247
-0.260297
-0.267788
-0.264902
-0.267876
-0.272124
-0.271358
-0.273563
-0.274568
-0.281073
-0.281927
-0.282943
-0.286879
-0.285317
-0.292071
-0.290661
-0.290218
-0.298131
-0.300579
-0.299582
-0.299391
-0.306447
-0.303625
-0.308308
-0.313651
-0.307420
-0.314382
-0.317939
-0.317600
-0.318182
-0.318205
-0.329457
-0.320441
-0.327352
-0.332668
-0.330514
-0.331425
-0.333409
-0.338273
-0.333643
-0.341031
-0.343288
-0.342706
-0.348008
-0.350805
-0.338866
-0.354217
-0.353302
-0.349752
-0.359826
-0.354845
-0.357818
-0.363007
-0.360470
-0.360831
-0.367225
-0.370769
-0.365762
-0.368608
-0.371181
-0.372599
-0.374983
-0.378000
-0.376454
-0.373708
-0.386173
-0.379856
-0.384910
-0.381671
-0.385888
-0.388493
-0.392552
-0.385330
-0.389018
-0.398744
-0.391674
-0.395184
-0.396790
-0.399411
-0.399919
-0.401990
-0.398410
-0.402267
-0.404939
-0.406463
-0.409515
-0.405044
-0.408644
-0.412945
-0.409852
-0.409623
-0.416147
-0.411517
-0.418857
-0.416961
-0.420120
-0.418062
-0.417810
-0.422055
-0.418613
-0.423595
-0.427461
-0.425569
-0.423349
-0.428444
-0.428284
-0.423410
-0.430897
-0.431912
-0.433468
-0.431201
-0.431103
-0.436399
-0.431156
-0.438769
-0.437957
-0.433078
-0.437069
-0.439395
-0.438397
-0.440252
-0.440570
-0.444092
-0.441187
-0.441238
-0.443424
-0.440636
-0.446997
-0.445111
-0.447019
-0.449049
-0.439186
-0.447975
-0.452770
-0.446720
-0.448539
-0.449037
-0.448413
-0.450015
-0.452420
-0.453412
-0.448013
-0.452218
-0.453334
-0.451344
-0.456027
-0.451035
-0.453748
-0.452254
-0.455349
-0.452007
-0.460808
-0.457992
-0.450078
-0.453706
-0.454084
-0.463308
-0.451949
-0.458374
-0.457604
-0.457903
-0.453759
-0.456561
-0.452330
-0.465085
-0.459947
-0.454610
-0.456269
-0.460707
-0.452415
-0.459200
-0.460157
-0.456274
-0.460048
-0.456262
-0.455513
-0.461719
-0.450316
-0.459424
-0.459705
-0.456180
-0.457591
-0.454556
-0.458626
-0.456618
-0.457197
-0.456183
-0.451847
-0.455884
-0.456729
-0.454632
-0.455270
-0.452338
-0.460315
-0.449786
-0.454082
-0.452335
-0.453895
-0.450011
-0.455797
-0.448494
-0.452692
-0.453291
-0.448491
-0.447684
-0.450595
-0.454784
-0.446872
-0.443293
-0.450375
-0.445821
-0.451044
-0.445387
-0.444823
-0.443885
-0.446005
-0.443837
-0.445855
-0.439462
-0.445581
-0.440475
-0.439412
-0.443137
-0.444268
-0.433310
-0.438185
-0.437861
-0.440418
-0.437191
-0.434641
-0.431548
-0.436243
-0.437494
-0.431745
-0.433004
-0.430653
-0.432845
-0.424864
-0.431800
-0.428549
-0.425853
-0.428675
-0.426206
-0.423641
-0.422598
-0.423971
-0.419229
-0.423900
-0.420378
-0.419739
-0.412830
-0.421315
-0.414692
-0.415386
-0.413711
-0.411399
-0.411238
-0.408951
-0.410772
-0.412771
-0.404281
-0.403101
-0.406174
-0.403924
-0.401628
-0.403943
-0.402138
-0.403606
-0.394824
-0.395656
-0.399815
-0.395024
-0.396170
-0.392831
-0.393797
-0.392051
-0.385882
-0.385724
-0.387891
-0.385114
-0.384383
-0.382228
-0.381866
-0.377949
-0.382366
-0.376678
-0.380713
-0.370348
-0.376099
-0.371732
-0.366989
-0.370538
-0.368336
-0.368473
-0.367521
-0.361237
-0.364830
-0.361387
-0.355310
-0.362104
-0.356871
-0.355237
-0.354954
-0.349358
-0.351603
-0.351578
-0.349450
-0.346558
-0.342807
-0.340293
-0.347843
-0.339830
-0.335789
-0.338056
-0.336309
-0.336103
-0.331297
-0.333937
-0.326234
-0.329480
-0.325606
-0.324776
-0.321724
-0.323140
-0.321168
-0.318845
-0.313152
-0.317107
-0.313745
-0.310536
-0.307978
-0.311789
-0.307966
-0.302540
-0.301198
-0.302324
-0.302208
-0.297514
-0.294980
-0.294016
-0.295829
-0.289075
-0.288317
-0.287803
-0.285182
-0.284901
-0.284217
-0.275412
-0.281760
-0.277303
-0.275733
-0.272870
-0.271052
-0.266924
-0.269385
-0.267977
-0.262768
-0.262143
-0.260915
-0.254889
-0.259729
-0.258808
-0.253621
-0.248313
-0.245008
-0.248946
-0.251192
-0.239439
-0.241042
-0.240566
-0.243212
-0.234229
-0.231442
-0.232878
-0.229973
-0.231100
-0.227153
-0.220736
-0.222174
-0.224715
-0.215874
-0.214092
-0.219703
-0.212589
-0.210947
-0.209074
-0.205291
-0.205323
-0.204104
-0.201398
-0.199766
-0.195158
-0.193648
-0.195542
-0.188737
-0.186716
-0.193257
-0.185406
-0.182134
-0.180391
-0.179263
-0.177039
-0.175332
-0.174903
-0.170448
-0.168639
-0.167419
-0.166755
-0.162925
-0.159611
-0.160881
-0.157886
-0.154514
-0.153972
-0.149692
-0.149719
-0.145347
-0.148616
-0.141518
-0.143613
-0.137762
-0.135454
-0.137625
-0.130286
-0.132390
-0.128328
-0.126437
-0.125194
-0.120187
-0.121247
-0.117324
-0.121559
-0.111823
-0.112150
-0.109491
-0.108430
-0.103963
-0.104516
-0.105678
-0.098723
-0.095918
-0.097309
-0.095326
-0.090074
-0.088170
-0.089547
-0.085236
-0.084868
-0.078789
-0.079878
-0.078780
-0.073098
-0.075867
-0.069032
-0.069104
-0.065143
-0.068942
-0.062917
-0.059814
-0.057296
-0.054815
-0.056546
-0.051647
-0.053390
-0.047882
-0.044791
-0.043707
-0.041856
-0.041311
-0.040489
-0.035185
-0.034467
-0.031229
-0.026534
-0.031107
-0.024802
-0.030938
-0.020611
-0.015608
-0.016381
-0.018162
-0.014066
-0.013546
-0.009114
-0.008270
-0.003755
-0.005370
-0.001322
-0.003668
0.005059
0.006631
0.006650
0.004129
0.009047
0.012045
0.015498
0.017450
0.017032
0.018095
0.023509
0.024364
0.027282
0.025709
0.028167
0.033184
0.035569
0.036776
0.034774
0.035548
0.046479
0.044600
0.043928
0.047203
0.048276
0.047787
0.055945
0.056011
0.059283
0.056744
0.057779
0.065414
0.064157
0.067623
0.065027
0.072098
0.073693
0.073134
0.076047
0.077615
0.079598
0.078794
0.085801
0.085250
0.087690
0.086223
0.093755
0.091995
0.098309
0.091694
0.096719
0.098626
0.103965
0.102965
0.105370
0.110616
0.107281
0.112011
0.108431
0.113783
0.119225
0.115748
0.119633
0.120137
0.128031
0.122709
0.127678
0.127633
0.126554
0.135101
0.132289
0.136330
0.136656
0.139415
0.137295
0.144802
0.143825
0.143062
0.146798
0.149904
0.149788
0.152013
0.152466
0.158694
0.155381
0.155979
0.160352
0.162517
0.164298
0.165202
0.165669
0.169545
0.168791
0.172266
0.170028
0.175040
0.177165
0.174525
0.185579
0.178396
0.181026
0.182619
0.186229
0.186475
0.187960
0.193800
0.188238
0.192424
0.195310
0.196583
0.194817
0.200047
0.199164
0.203635
0.203774
0.204017
0.203422
0.207450
0.210471
0.210378
0.211294
0.212466
0.214650
0.218061
0.216666
0.217732
0.219837
0.221763
0.222724
0.224678
0.223122
0.229065
0.229165
0.226102
0.232026
0.231698
0.233222
0.236396
0.239605
0.234169
0.235159
0.238813
0.243529
0.241774
0.246130
0.243425
0.245534
0.244879
0.248996
0.249595
0.250676
0.252757
0.252050
0.254729
0.252763
0.257595
0.260899
0.257842
0.257810
0.261366
0.263631
0.261693
0.263684
0.266367
0.268538
0.269426
0.264475
0.271208
0.270959
0.271045
0.272263
0.276776
0.274912
0.274651
0.274593
0.281101
0.279228
0.280947
0.278624
0.282732
0.283163
0.283377
0.286377
0.287553
0.285953
0.285166
0.292661
0.287805
0.289762
0.288891
0.296201
0.291892
0.296575
0.294107
0.295700
0.293848
0.299647
0.300263
0.298021
0.299891
0.299501
0.299620
0.303709
0.305663
0.303799
0.307018
0.302143
0.303201
0.309669
0.309079
0.307206
0.310626
0.307103
0.313749
0.309401
0.309649
0.316161
0.314625
0.311671
0.312716
0.318020
0.316319
0.316624
0.316509
0.314595
0.319412
0.317824
0.325959
0.317821
0.318408
0.322129
0.322908
0.320504
0.321856
0.322444
0.327998
0.324762
0.323031
0.324157
0.326020
0.326337
0.326508
0.326378
0.328748
0.327906
0.330645
0.327036
0.328120
0.330682
0.329010
0.330110
0.331699
0.327727
0.333758
0.334085
0.331695
0.329390
0.331391
0.331033
0.336669
0.332298
0.333661
0.333409
0.333038
0.335717
0.335329
0.332436
0.335714
0.335565
0.335790
0.334064
0.335977
0.336220
0.336336
0.336000
0.337453
0.339825
0.337175
0.337955
0.338134
0.339178
0.340569
0.343298
0.341803
0.342039
0.343584
0.343995
0.343027
0.339444
0.339451
0.334788
0.334431
0.340193
0.341995
0.341072
0.342533
0.339731
0.340867
0.341409
0.339707
0.344065
0.339016
0.341690
0.337931
0.340614
0.342808
0.341935
0.341346
0.340306
0.338551
0.340322
0.344098
0.341791
0.339735
0.338603
0.339870
0.340867
0.340455
0.341977
0.342526
0.338490
0.339310
0.336724
0.339448
0.338989
0.344801
0.340189
0.332874
0.339919
0.341251
0.340306
0.335401
0.337166
0.337285
0.337810
0.340160
0.338436
0.337850
0.333765
0.338722
0.336574
0.334203
0.334955
0.336362
0.335379
0.337142
0.334130
0.336041
0.334898
0.331899
0.331275
0.333568
0.335671
0.334110
0.331580
0.330221
0.334254
0.331108
0.331194
0.327799
0.331901
0.332802
0.330269
0.327452
0.328598
0.328630
0.328021
0.329091
0.327475
0.324842
0.325979
0.327446
0.326462
0.325275
0.326693
0.325814
0.321925
0.321614
0.322156
0.323998
0.321506
0.324690
0.320434
0.321325
0.318482
0.320349
0.319516
0.319286
0.316249
0.318372
0.315784
0.317825
0.316383
0.317949
0.316546
0.312613
0.309337
0.314144
0.314901
0.314237
0.312766
0.310905
0.309934
0.306785
0.310159
0.308981
0.308174
0.307524
0.307772
0.309470
0.304745
0.306352
0.301772
0.303603
0.303985
0.302561
0.303219
0.301900
0.303714
0.298923
0.299519
0.299505
0.296738
0.297475
0.298033
0.295877
0.294915
0.298358
0.296178
0.289045
0.293304
0.291049
0.295201
0.290077
0.290379
0.288626
0.288834
0.288213
0.286864
0.287121
0.286137
0.285052
0.283569
0.285350
0.283272
0.281938
0.279030
0.279981
0.286699
0.277842
0.277158
0.273545
0.278666
0.275699
0.279279
0.276294
0.271403
0.272958
0.271326
0.271527
0.270428
0.270465
0.270589
0.267305
0.268888
0.268577
0.265742
0.266244
0.263089
0.257704
0.264674
0.266231
0.263485
0.261678
0.256383
0.256983
0.257717
0.259343
0.258574
0.255440
0.252407
0.256233
0.252809
0.251430
0.249230
0.251986
0.252347
0.249742
0.248585
0.245229
0.245033
0.245465
0.246171
0.245416
0.244210
0.241691
0.239407
0.238706
0.239720
0.239148
0.238826
0.239990
0.238937
0.233074
0.231734
0.228881
0.235789
0.234491
0.232691
0.229381
0.230840
0.227402
0.224478
0.226846
0.227011
0.223356
0.224698
0.226688
0.222664
0.218817
0.219201
0.218930
0.220219
0.218304
0.220658
0.214593
0.212378
0.214561
0.213477
0.213478
0.214148
0.211495
0.207312
0.206575
0.210058
0.207360
0.207202
0.206341
0.206168
0.199703
0.201265
0.203915
0.202756
0.199987
0.199004
0.198218
0.197202
0.195951
0.193906
0.196723
0.194461
0.192998
0.192629
0.189816
0.188979
0.190163
0.188721
0.188553
0.185428
0.187175
0.185467
0.183276
0.182252
0.181740
0.181633
0.182203
0.179904
0.179247
0.175461
0.175297
0.177509
0.174398
0.176505
0.174388
0.172781
0.167703
0.171163
0.170748
0.171613
0.166093
0.166303
0.167227
0.166181
0.165352
0.162253
0.162754
0.161948
0.162172
0.160598
0.156389
0.159722
0.156979
0.159406
0.155124
0.153638
0.154178
0.152429
0.151538
0.151317
0.152472
0.148404
0.148938
0.149810
0.147452
0.142520
0.144183
0.147968
0.142720
0.143758
0.140861
0.140877
0.140829
0.139919
0.139290
0.137249
0.134240
0.132841
0.138033
0.136923
0.134813
0.132454
0.129711
0.129101
0.128919
0.130519
0.128029
0.129863
0.127423
0.127467
0.123765
0.123139
0.122346
0.122474
0.122368
0.122710
0.122820
0.118196
0.117165
0.115911
0.117686
0.116906
0.117170
0.114863
0.114296
0.111292
0.111982
0.111200
0.113307
0.107543
0.109274
0.109006
0.107669
0.107730
0.106198
0.103471
0.104812
0.104094
0.105267
0.103181
0.097977
0.100553
0.101033
0.100102
0.096200
0.098992
0.097845
0.096042
0.095189
0.093327
0.094270
0.092711
0.093777
0.089861
0.091742
0.092770
0.091238
0.087352
0.085745
0.087188
0.086310
0.087681
0.087043
0.085111
0.083150
0.081513
0.082198
0.080200
0.084641
0.080641
0.078596
0.079519
0.078504
0.078354
0.076607
0.076864
0.074853
0.073626
0.074420
0.074706
0.072918
0.072467
0.073872
0.070533
0.068929
0.067923
0.067592
0.071183
0.068406
0.067757
0.064399
0.066573
0.067068
0.064639
0.064160
0.060688
0.062739
0.063604
0.061066
0.063650
0.058138
0.060135
0.059246
0.058705
0.057735
0.058569
0.056582
0.056320
0.057189
0.054348
0.053134
0.054307
0.054420
0.052230
0.053261
0.050164
0.051188
0.050639
0.051970
0.048836
0.048220
0.048886
0.047894
0.046497
0.045246
0.048107
0.044335
0.047300
0.043918
0.045326
0.041828
0.042796
0.042083
0.042245
0.042358
0.042639
0.040995
0.039363
0.038261
0.038676
0.040007
0.039466
0.037104
0.037374
0.035350
0.038113
0.035756
0.035310
0.033480
0.036118
0.035796
0.032305
0.034529
0.031195
0.033310
0.031388
0.033158
0.034798
0.031277
0.029171
0.028191
0.030827
0.028950
0.029839
0.032949
0.038440
0.051991
0.057621
0.060732


