M_loss: 5, M_sym: 4300.0, M_power: 9000, M_bandwidth: 22.3872113856834
0.075398
0.068728
0.059713
0.046337
0.037062
0.037686
0.039800
0.039102
0.038007
0.041946
0.041266
0.044322
0.041061
0.040908
0.042600
0.044334
0.043059
0.044276
0.046453
0.046027
0.045360
0.046260
0.048495
0.047815
0.049918
0.047257
0.049242
0.051149
0.051993
0.052525
0.051853
0.052077
0.052077
0.054647
0.055653
0.057839
0.058763
0.053537
0.057104
0.057942
0.059681
0.060786
0.061704
0.061409
0.059922
0.062606
0.064132
0.063157
0.066051
0.066225
0.067264
0.065921
0.065736
0.069622
0.069472
0.072265
0.068421
0.071700
0.071773
0.073941
0.074757
0.073879
0.075569
0.076240
0.077671
0.077315
0.077845
0.081507
0.080203
0.079523
0.082195
0.084931
0.083408
0.082758
0.085475
0.087482
0.085239
0.087489
0.089451
0.089814
0.090859
0.092153
0.090570
0.091525
0.095917
0.096153
0.094150
0.094612
0.098553
0.099067
0.098802
0.100078
0.101314
0.100196
0.102480
0.104624
0.105827
0.104337
0.106388
0.108675
0.105324
0.109336
0.113479
0.112721
0.109592
0.111657
0.114014
0.115805
0.118254
0.115845
0.117116
0.119690
0.121111
0.119788
0.120794
0.122052
0.125722
0.126628
0.124006
0.126194
0.127598
0.129237
0.130348
0.132168
0.131331
0.133538
0.133095
0.134838
0.137467
0.135650
0.138272
0.140383
0.140949
0.139509
0.143493
0.141913
0.145326
0.144517
0.147665
0.148201
0.150187
0.148878
0.150487
0.150135
0.153365
0.155715
0.156377
0.156332
0.157630
0.155425
0.159524
0.162353
0.163740
0.163698
0.161761
0.163265
0.168974
0.166337
0.167966
0.169533
0.173160
0.171916
0.171419
0.174453
0.176661
0.176454
0.177921
0.179407
0.180395
0.181330
0.182852
0.183298
0.184605
0.186650
0.187946
0.187690
0.189759
0.192430
0.192632
0.190947
0.194145
0.195572
0.197354
0.197549
0.198700
0.201628
0.200300
0.200325
0.205319
0.206483
0.206929
0.208598
0.205518
0.207334
0.212473
0.215032
0.216389
0.211931
0.212896
0.218453
0.219450
0.221324
0.221187
0.219998
0.222494
0.225752
0.228015
0.225583
0.228718
0.228801
0.230270
0.234939
0.233184
0.232713
0.236517
0.238170
0.240227
0.237992
0.239967
0.240875
0.244521
0.245142
0.244911
0.248519
0.245954
0.251246
0.250955
0.253020
0.252630
0.254248
0.257479
0.257513
0.260251
0.258992
0.258180
0.264061
0.264288
0.267220
0.266312
0.264881
0.267983
0.269067
0.274702
0.273928
0.274900
0.274177
0.272977
0.280132
0.283477
0.280645
0.280134
0.282082
0.284771
0.286842
0.289478
0.289483
0.285576
0.291265
0.294044
0.294934
0.293071
0.298844
0.295756
0.296468
0.298065
0.304759
0.303807
0.304366
0.302519
0.304811
0.308769
0.309206
0.311667
0.310577
0.313141
0.313477
0.314769
0.315106
0.318706
0.320351
0.320345
0.320988
0.322361
0.323792
0.324758
0.325649
0.329419
0.331169
0.330544
0.327137
0.334001
0.334049
0.337824
0.336398
0.337140
0.340569
0.340685
0.340376
0.342198
0.344816
0.345976
0.349505
0.345657
0.346694
0.349795
0.355661
0.353445
0.355379
0.353242
0.356478
0.359153
0.359613
0.359994
0.359795
0.363900
0.365059
0.365023
0.366352
0.366965
0.369073
0.370339
0.372017
0.373088
0.374357
0.373519
0.375430
0.377834
0.379320
0.380545
0.382173
0.381060
0.384497
0.382994
0.385355
0.387362
0.390233
0.390719
0.389419
0.389835
0.395124
0.393033
0.395086
0.397387
0.398088
0.398801
0.399420
0.401917
0.400426
0.402434
0.405784
0.408280
0.405000
0.406290
0.409392
0.409626
0.411093
0.412646
0.413828
0.415725
0.414529
0.415965
0.416317
0.418579
0.421576
0.421862
0.421333
0.422083
0.425611
0.422975
0.424657
0.429830
0.428790
0.429052
0.430345
0.430667
0.433616
0.433380
0.434240
0.434122
0.438241
0.438589
0.437465
0.438019
0.439761
0.443871
0.444396
0.442973
0.441351
0.448204
0.447016
0.445804
0.447960
0.449519
0.451464
0.453101
0.451409
0.453226
0.451427
0.453660
0.459159
0.457839
0.456529
0.457080
0.460660
0.459867
0.459924
0.463268
0.461539
0.465838
0.464679
0.464701
0.464501
0.467714
0.469138
0.468891
0.468804
0.469185
0.473078
0.471199
0.471819
0.473422
0.474669
0.476804
0.473484
0.477371
0.476880
0.478371
0.480939
0.477359
0.481481
0.480684
0.482704
0.482082
0.484330
0.482942
0.485494
0.484377
0.486352
0.485166
0.489475
0.488036
0.489315
0.486999
0.489512
0.490748
0.492153
0.492464
0.490484
0.493155
0.492397
0.496456
0.493799
0.494504
0.494577
0.497026
0.498669
0.497496
0.496914
0.497199
0.501084
0.499384
0.500621
0.502590
0.498558
0.500366
0.500428
0.504379
0.503513
0.505427
0.502375
0.501762
0.505638
0.505414
0.503631
0.504674
0.508977
0.505845
0.508229
0.505780
0.507134
0.507734
0.506584
0.509161
0.511064
0.509409
0.508363
0.511020
0.509024
0.509522
0.508822
0.510951
0.512488
0.512715
0.513851
0.513767
0.506378
0.510375
0.511253
0.509111
0.510799
0.515655
0.521216
0.518143
0.513999
0.513336
0.516908
0.516512
0.515085
0.510501
0.512798
0.513602
0.512204
0.512678
0.513848
0.512308
0.511308
0.512399
0.513058
0.514736
0.512142
0.512960
0.512386
0.512670
0.512904
0.513971
0.512998
0.513274
0.514333
0.511134
0.515195
0.511320
0.514660
0.513020
0.513768
0.512632
0.511593
0.511258
0.512741
0.515162
0.511416
0.511052
0.512003
0.512125
0.509586
0.511820
0.510810
0.510422
0.512125
0.509212
0.508929
0.507726
0.510976
0.509659
0.506814
0.507094
0.510286
0.507583
0.505948
0.508138
0.507228
0.504889
0.504001
0.507329
0.503822
0.506231
0.499815
0.505826
0.504504
0.500203
0.502098
0.501045
0.500136
0.498617
0.500881
0.499052
0.499318
0.497167
0.497697
0.497070
0.494666
0.495609
0.495491
0.494180
0.492382
0.491913
0.495725
0.489696
0.487366
0.492393
0.490485
0.489518
0.486871
0.486622
0.485437
0.484891
0.486591
0.483446
0.483551
0.481477
0.480111
0.481574
0.476948
0.481195
0.478341
0.477601
0.475762
0.474949
0.474093
0.471969
0.475876
0.471368
0.468316
0.471102
0.468845
0.467277
0.467081
0.466435
0.465060
0.462204
0.464572
0.461194
0.459302
0.460568
0.456713
0.459840
0.454994
0.456949
0.452685
0.454442
0.450583
0.451996
0.446868
0.448866
0.450374
0.444873
0.444132
0.443219
0.442858
0.440911
0.439636
0.442388
0.435570
0.431460
0.437580
0.435085
0.431047
0.430531
0.428664
0.428468
0.427328
0.425379
0.424667
0.419976
0.423163
0.420058
0.416636
0.416983
0.417823
0.413678
0.413020
0.412104
0.407491
0.409250
0.409778
0.403155
0.404678
0.403069
0.400159
0.399817
0.397313
0.395934
0.396356
0.395633
0.389065
0.391138
0.387672
0.388022
0.387739
0.380722
0.380096
0.384127
0.379354
0.375336
0.377985
0.372006
0.370751
0.372229
0.369217
0.367979
0.365012
0.361304
0.361071
0.363447
0.358637
0.356280
0.353629
0.353232
0.351417
0.349924
0.345508
0.347083
0.345388
0.341172
0.341727
0.335914
0.335415
0.336950
0.332104
0.332559
0.327788
0.328119
0.326235
0.320703
0.321862
0.318404
0.316318
0.316956
0.313913
0.313443
0.306785
0.304521
0.309531
0.302746
0.303030
0.299084
0.296316
0.296184
0.290993
0.291942
0.289750
0.288422
0.284060
0.283325
0.280360
0.279055
0.275113
0.274484
0.272839
0.272158
0.269015
0.263555
0.263647
0.259135
0.261296
0.257137
0.256950
0.253189
0.247404
0.249286
0.246169
0.243277
0.244157
0.238653
0.234797
0.236881
0.230734
0.227390
0.231424
0.228337
0.220808
0.218719
0.218284
0.220193
0.213869
0.211184
0.208365
0.203033
0.205689
0.206673
0.200229
0.195317
0.193959
0.190595
0.192544
0.187568
0.187752
0.182255
0.179601
0.177285
0.174270
0.175038
0.170966
0.168684
0.167389
0.163318
0.156499
0.158318
0.159354
0.152056
0.152345
0.146696
0.147268
0.142727
0.140397
0.137041
0.137328
0.134545
0.130719
0.124472
0.126480
0.123771
0.121137
0.118898
0.113667
0.113076
0.110749
0.106929
0.105785
0.107942
0.091132
0.100412
0.095241
0.091091
0.091650
0.091532
0.078890
0.081642
0.078691
0.078922
0.072148
0.076684
0.065193
0.066241
0.059357
0.064852
0.061160
0.052006
0.055388
0.047878
0.048353
0.045708
0.041010
0.039292
0.039121
0.032150
0.032110
0.034552
0.019192
0.026328
0.018682
0.019441
0.019232
0.010628
0.009014
0.010278
0.002502
0.002597
-0.000939
-0.002897
-0.005158
-0.008974
-0.010118
-0.016105
-0.015195
-0.017703
-0.027833
-0.018931
-0.030035
-0.029262
-0.034764
-0.032601
-0.043292
-0.037890
-0.045465
-0.043690
-0.052477
-0.051992
-0.056241
-0.056985
-0.057504
-0.066949
-0.065190
-0.067150
-0.070036
-0.075282
-0.080662
-0.079387
-0.077855
-0.086259
-0.086437
-0.093282
-0.094661
-0.094573
-0.095872
-0.101915
-0.105857
-0.106386
-0.110212
-0.107682
-0.116698
-0.120499
-0.118421
-0.125202
-0.122160
-0.127172
-0.134205
-0.131987
-0.136292
-0.140088
-0.141034
-0.147158
-0.143195
-0.150892
-0.154576
-0.154971
-0.158095
-0.159047
-0.163403
-0.164062
-0.175000
-0.166755
-0.170697
-0.180556
-0.181765
-0.180451
-0.177754
-0.193521
-0.191735
-0.192443
-0.195372
-0.193657
-0.201881
-0.210417
-0.202770
-0.205774
-0.211704
-0.217199
-0.215845
-0.219362
-0.222265
-0.224485
-0.227452
-0.228784
-0.234392
-0.236814
-0.234820
-0.239216
-0.245266
-0.243701
-0.247309
-0.254764
-0.250015
-0.255445
-0.257794
-0.260202
-0.265899
-0.263852
-0.268172
-0.270957
-0.273713
-0.272671
-0.281634
-0.282542
-0.280386
-0.288081
-0.285235
-0.287688
-0.300998
-0.293193
-0.301133
-0.300433
-0.298995
-0.307581
-0.312732
-0.307204
-0.313347
-0.313314
-0.322181
-0.316969
-0.327942
-0.321754
-0.326608
-0.330551
-0.335539
-0.332650
-0.335902
-0.340819
-0.342514
-0.347927
-0.343745
-0.343681
-0.356254
-0.354011
-0.355196
-0.359237
-0.359285
-0.364708
-0.366508
-0.361919
-0.373234
-0.372928
-0.369953
-0.380613
-0.377223
-0.384590
-0.381560
-0.380571
-0.389766
-0.388899
-0.395502
-0.388789
-0.399694
-0.399500
-0.402408
-0.403870
-0.405095
-0.402429
-0.414865
-0.416011
-0.409504
-0.412943
-0.418216
-0.419291
-0.419190
-0.424077
-0.426821
-0.425386
-0.433867
-0.426927
-0.433279
-0.438401
-0.439258
-0.436481
-0.447052
-0.442795
-0.443658
-0.446486
-0.457751
-0.448359
-0.453522
-0.457236
-0.458755
-0.457295
-0.466172
-0.460767
-0.464571
-0.470072
-0.463428
-0.474646
-0.471903
-0.475428
-0.473924
-0.477784
-0.479988
-0.480491
-0.484580
-0.482976
-0.486522
-0.487918
-0.490148
-0.492596
-0.493520
-0.489257
-0.499346
-0.499620
-0.498218
-0.500418
-0.502433
-0.506824
-0.503943
-0.506130
-0.511983
-0.510381
-0.511318
-0.511600
-0.514346
-0.523210
-0.513209
-0.518872
-0.523601
-0.521531
-0.518994
-0.534837
-0.524898
-0.526873
-0.523858
-0.535556
-0.537346
-0.528862
-0.536289
-0.535811
-0.537964
-0.542199
-0.538625
-0.540378
-0.544484
-0.545001
-0.542839
-0.550636
-0.548340
-0.548060
-0.549727
-0.550358
-0.557937
-0.551374
-0.560530
-0.549296
-0.562638
-0.557369
-0.556148
-0.566426
-0.558829
-0.563467
-0.562578
-0.565848
-0.566402
-0.566551
-0.570552
-0.566252
-0.571116
-0.568339
-0.575168
-0.569225
-0.574829
-0.573807
-0.576185
-0.574805
-0.578789
-0.576518
-0.578935
-0.582666
-0.577196
-0.579995
-0.579610
-0.587989
-0.584515
-0.580707
-0.582976
-0.585684
-0.584771
-0.591107
-0.585241
-0.591429
-0.584397
-0.585608
-0.593746
-0.592474
-0.589517
-0.589127
-0.589523
-0.600861
-0.588164
-0.589558
-0.599870
-0.591051
-0.596494
-0.594716
-0.594857
-0.594639
-0.600829
-0.592636
-0.598913
-0.595854
-0.593945
-0.603941
-0.596929
-0.599994
-0.595076
-0.599528
-0.601682
-0.598031
-0.596029
-0.608944
-0.596545
-0.598062
-0.597808
-0.607237
-0.598438
-0.599442
-0.603582
-0.599495
-0.600199
-0.600418
-0.603446
-0.598367
-0.605182
-0.601225
-0.598451
-0.601233
-0.601778
-0.600496
-0.601174
-0.601653
-0.601198
-0.597506
-0.604996
-0.597949
-0.598681
-0.603042
-0.596197
-0.602163
-0.597741
-0.600249
-0.599178
-0.596982
-0.599652
-0.597364
-0.596037
-0.599473
-0.597217
-0.593490
-0.598394
-0.598052
-0.590228
-0.597051
-0.592818
-0.597824
-0.593196
-0.591818
-0.589997
-0.593179
-0.596026
-0.588089
-0.592698
-0.585478
-0.595199
-0.584443
-0.586550
-0.590726
-0.587838
-0.586549
-0.582327
-0.587401
-0.582734
-0.585838
-0.580707
-0.581516
-0.584686
-0.574659
-0.584088
-0.580190
-0.575609
-0.575553
-0.577994
-0.576260
-0.574191
-0.574657
-0.570661
-0.573326
-0.569426
-0.571696
-0.570971
-0.568395
-0.566134
-0.567242
-0.563088
-0.565850
-0.561294
-0.564507
-0.563306
-0.554569
-0.562836
-0.555616
-0.557465
-0.555756
-0.554340
-0.552535
-0.551198
-0.553359
-0.548536
-0.547956
-0.550608
-0.544174
-0.544824
-0.545194
-0.539261
-0.544398
-0.539636
-0.537870
-0.538449
-0.537454
-0.532031
-0.534158
-0.531914
-0.534147
-0.526284
-0.526808
-0.526251
-0.526056
-0.521579
-0.523474
-0.521704
-0.517144
-0.515787
-0.517930
-0.516350
-0.514260
-0.506863
-0.509792
-0.514187
-0.504870
-0.501568
-0.507021
-0.499242
-0.503917
-0.493835
-0.501732
-0.493266
-0.490935
-0.494397
-0.490163
-0.487210
-0.487662
-0.484377
-0.482593
-0.483536
-0.480732
-0.476854
-0.473739
-0.474700
-0.473578
-0.474064
-0.463126
-0.468471
-0.464756
-0.465496
-0.458753
-0.462155
-0.456250
-0.456232
-0.450075
-0.451956
-0.451785
-0.446731
-0.445368
-0.443434
-0.442054
-0.440980
-0.438872
-0.432530
-0.432366
-0.432986
-0.428173
-0.431888
-0.423150
-0.419137
-0.422442
-0.423251
-0.411472
-0.414008
-0.417850
-0.407799
-0.408095
-0.405431
-0.403729
-0.404311
-0.399461
-0.395584
-0.394582
-0.394316
-0.392537
-0.382263
-0.389814
-0.385677
-0.382646
-0.374908
-0.379034
-0.374597
-0.371729
-0.372103
-0.367461
-0.362490
-0.366787
-0.359558
-0.359954
-0.355337
-0.353238
-0.348800
-0.350499
-0.350094
-0.342121
-0.342362
-0.335425
-0.341494
-0.335283
-0.328710
-0.331566
-0.327262
-0.325458
-0.323103
-0.318851
-0.315802
-0.318293
-0.311072
-0.310273
-0.308360
-0.303359
-0.302913
-0.301220
-0.296113
-0.295918
-0.293094
-0.288009
-0.287908
-0.288045
-0.279915
-0.277909
-0.278683
-0.275103
-0.270283
-0.268745
-0.269466
-0.260198
-0.264985
-0.256809
-0.258077
-0.251685
-0.249127
-0.251575
-0.246160
-0.237805
-0.243341
-0.233896
-0.240654
-0.228909
-0.230466
-0.225434
-0.225317
-0.220258
-0.218291
-0.218087
-0.212575
-0.212010
-0.204099
-0.208083
-0.204621
-0.199349
-0.194912
-0.194877
-0.193990
-0.186261
-0.189358
-0.182178
-0.180776
-0.177227
-0.176660
-0.171316
-0.172669
-0.166552
-0.165061
-0.163788
-0.155024
-0.154888
-0.160060
-0.145843
-0.152369
-0.145062
-0.138540
-0.143370
-0.134437
-0.137484
-0.131388
-0.126754
-0.125761
-0.124187
-0.121665
-0.117153
-0.114773
-0.111331
-0.108422
-0.105901
-0.102658
-0.104161
-0.097051
-0.096467
-0.090594
-0.090854
-0.084851
-0.090966
-0.076189
-0.080908
-0.076359
-0.072246
-0.074688
-0.062670
-0.067012
-0.064563
-0.059200
-0.051501
-0.059604
-0.050670
-0.049259
-0.044955
-0.042608
-0.038760
-0.036326
-0.036637
-0.036328
-0.020359
-0.031536
-0.023021
-0.019984
-0.018755
-0.015322
-0.012383
-0.008284
-0.008814
-0.009683
0.005097
-0.000506
0.001942
0.008154
0.006732
0.013486
0.014669
0.017420
0.020787
0.022029
0.025012
0.029265
0.033297
0.028967
0.034171
0.039563
0.044637
0.043387
0.044470
0.048067
0.052338
0.054279
0.056038
0.064546
0.061721
0.061290
0.072903
0.070815
0.067585
0.077655
0.084790
0.077347
0.080431
0.088858
0.092624
0.090025
0.091623
0.097694
0.097191
0.101415
0.105914
0.109287
0.105412
0.112941
0.112577
0.116382
0.120145
0.121702
0.123429
0.133355
0.124025
0.129219
0.135322
0.138901
0.138471
0.140781
0.148157
0.143111
0.148875
0.151127
0.155701
0.157437
0.159571
0.161520
0.160170
0.168135
0.169549
0.170050
0.175451
0.174793
0.177157
0.179138
0.181561
0.189788
0.185869
0.187205
0.191185
0.198845
0.195248
0.193881
0.205928
0.204640
0.200390
0.209427
0.210976
0.212126
0.215716
0.215114
0.216814
0.220769
0.224843
0.225054
0.227128
0.230825
0.226219
0.236607
0.233889
0.239772
0.241174
0.240814
0.242047
0.248774
0.244218
0.252557
0.251462
0.254934
0.255528
0.258416
0.261428
0.261731
0.262920
0.266283
0.270827
0.269365
0.269490
0.274129
0.278075
0.275671
0.277767
0.284815
0.281403
0.287357
0.286788
0.286584
0.288937
0.298486
0.291890
0.294304
0.297444
0.300219
0.302966
0.301470
0.301989
0.309765
0.309435
0.309249
0.308582
0.314233
0.316179
0.315194
0.317115
0.322147
0.321590
0.320495
0.325175
0.326467
0.327803
0.330019
0.327055
0.335930
0.333406
0.331845
0.339260
0.337960
0.338029
0.338578
0.344398
0.344347
0.344227
0.350644
0.341634
0.350340
0.352577
0.353060
0.348429
0.357625
0.355878
0.353885
0.359042
0.362349
0.358850
0.361439
0.364720
0.360393
0.365344
0.370607
0.363205
0.374968
0.363779
0.371264
0.374094
0.373031
0.373200
0.375055
0.375448
0.376145
0.378588
0.382099
0.379378
0.379005
0.383334
0.377792
0.389426
0.383215
0.383894
0.387637
0.386101
0.391340
0.385173
0.389921
0.391772
0.390853
0.392102
0.389783
0.395308
0.395109
0.392389
0.396659
0.393878
0.399607
0.397761
0.395299
0.401307
0.396430
0.402839
0.400608
0.396291
0.404740
0.403152
0.402818
0.394849
0.410518
0.406717
0.399584
0.403015
0.407185
0.406314
0.407839
0.402437
0.408361
0.405702
0.411671
0.404738
0.405093
0.411334
0.409285
0.404670
0.407852
0.414689
0.406073
0.408330
0.408608
0.416428
0.404585
0.409409
0.409619
0.417786
0.401336
0.413544
0.409613
0.411972
0.409317
0.412584
0.409317
0.411972
0.409613
0.413544
0.401336
0.417786
0.409619
0.409409
0.404585
0.416428
0.408608
0.408330
0.406073
0.414689
0.407852
0.404670
0.409285
0.411334
0.405093
0.404738
0.411671
0.405702
0.408361
0.402437
0.407839
0.406314
0.407185
0.403015
0.399584
0.406717
0.410518
0.394849
0.402818
0.403152
0.404740
0.396291
0.400608
0.402839
0.396430
0.401307
0.395299
0.397761
0.399607
0.393878
0.396659
0.392389
0.395109
0.395308
0.389783
0.392102
0.390853
0.391772
0.389921
0.385173
0.391340
0.386101
0.387637
0.383894
0.383215
0.389426
0.377792
0.383334
0.379005
0.379378
0.382099
0.378588
0.376145
0.375448
0.375055
0.373200
0.373031
0.374094
0.371264
0.363779
0.374968
0.363205
0.370607
0.365344
0.360393
0.364720
0.361439
0.358850
0.362349
0.359042
0.353885
0.355878
0.357625
0.348429
0.353060
0.352577
0.350340
0.341634
0.350644
0.344227
0.344347
0.344398
0.338578
0.338029
0.337960
0.339260
0.331845
0.333406
0.335930
0.327055
0.330019
0.327803
0.326467
0.325175
0.320495
0.321590
0.322147
0.317115
0.315194
0.316179
0.314233
0.308582
0.309249
0.309435
0.309765
0.301989
0.301470
0.302966
0.300219
0.297444
0.294304
0.291890
0.298486
0.288937
0.286584
0.286788
0.287357
0.281403
0.284815
0.277767
0.275671
0.278075
0.274129
0.269490
0.269365
0.270827
0.266283
0.262920
0.261731
0.261428
0.258416
0.255528
0.254934
0.251462
0.252557
0.244218
0.248774
0.242047
0.240814
0.241174
0.239772
0.233889
0.236607
0.226219
0.230825
0.227128
0.225054
0.224843
0.220769
0.216814
0.215114
0.215716
0.212126
0.210976
0.209427
0.200390
0.204640
0.205928
0.193881
0.195248
0.198845
0.191185
0.187205
0.185869
0.189788
0.181561
0.179138
0.177157
0.174793
0.175451
0.170050
0.169549
0.168135
0.160170
0.161520
0.159571
0.157437
0.155701
0.151127
0.148875
0.143111
0.148157
0.140781
0.138471
0.138901
0.135322
0.129219
0.124025
0.133355
0.123429
0.121702
0.120145
0.116382
0.112577
0.112941
0.105412
0.109287
0.105914
0.101415
0.097191
0.097694
0.091623
0.090025
0.092624
0.088858
0.080431
0.077347
0.084790
0.077655
0.067585
0.070815
0.072903
0.061290
0.061721
0.064546
0.056038
0.054279
0.052338
0.048067
0.044470
0.043387
0.044637
0.039563
0.034171
0.028967
0.033297
0.029265
0.025012
0.022029
0.020787
0.017420
0.014669
0.013486
0.006732
0.008154
0.001942
-0.000506
0.005097
-0.009683
-0.008814
-0.008284
-0.012383
-0.015322
-0.018755
-0.019984
-0.023021
-0.031536
-0.020359
-0.036328
-0.036637
-0.036326
-0.038760
-0.042608
-0.044955
-0.049259
-0.050670
-0.059604
-0.051501
-0.059200
-0.064563
-0.067012
-0.062670
-0.074688
-0.072246
-0.076359
-0.080908
-0.076189
-0.090966
-0.084851
-0.090854
-0.090594
-0.096467
-0.097051
-0.104161
-0.102658
-0.105901
-0.108422
-0.111331
-0.114773
-0.117153
-0.121665
-0.124187
-0.125761
-0.126754
-0.131388
-0.137484
-0.134437
-0.143370
-0.138540
-0.145062
-0.152369
-0.145843
-0.160060
-0.154888
-0.155024
-0.163788
-0.165061
-0.166552
-0.172669
-0.171316
-0.176660
-0.177227
-0.180776
-0.182178
-0.189358
-0.186261
-0.193990
-0.194877
-0.194912
-0.199349
-0.204621
-0.208083
-0.204099
-0.212010
-0.212575
-0.218087
-0.218291
-0.220258
-0.225317
-0.225434
-0.230466
-0.228909
-0.240654
-0.233896
-0.243341
-0.237805
-0.246160
-0.251575
-0.249127
-0.251685
-0.258077
-0.256809
-0.264985
-0.260198
-0.269466
-0.268745
-0.270283
-0.275103
-0.278683
-0.277909
-0.279915
-0.288045
-0.287908
-0.288009
-0.293094
-0.295918
-0.296113
-0.301220
-0.302913
-0.303359
-0.308360
-0.310273
-0.311072
-0.318293
-0.315802
-0.318851
-0.323103
-0.325458
-0.327262
-0.331566
-0.328710
-0.335283
-0.341494
-0.335425
-0.342362
-0.342121
-0.350094
-0.350499
-0.348800
-0.353238
-0.355337
-0.359954
-0.359558
-0.366787
-0.362490
-0.367461
-0.372103
-0.371729
-0.374597
-0.379034
-0.374908
-0.382646
-0.385677
-0.389814
-0.382263
-0.392537
-0.394316
-0.394582
-0.395584
-0.399461
-0.404311
-0.403729
-0.405431
-0.408095
-0.407799
-0.417850
-0.414008
-0.411472
-0.423251
-0.422442
-0.419137
-0.423150
-0.431888
-0.428173
-0.432986
-0.432366
-0.432530
-0.438872
-0.440980
-0.442054
-0.443434
-0.445368
-0.446731
-0.451785
-0.451956
-0.450075
-0.456232
-0.456250
-0.462155
-0.458753
-0.465496
-0.464756
-0.468471
-0.463126
-0.474064
-0.473578
-0.474700
-0.473739
-0.476854
-0.480732
-0.483536
-0.482593
-0.484377
-0.487662
-0.487210
-0.490163
-0.494397
-0.490935
-0.493266
-0.501732
-0.493835
-0.503917
-0.499242
-0.507021
-0.501568
-0.504870
-0.514187
-0.509792
-0.506863
-0.514260
-0.516350
-0.517930
-0.515787
-0.517144
-0.521704
-0.523474
-0.521579
-0.526056
-0.526251
-0.526808
-0.526284
-0.534147
-0.531914
-0.534158
-0.532031
-0.537454
-0.538449
-0.537870
-0.539636
-0.544398
-0.539261
-0.545194
-0.544824
-0.544174
-0.550608
-0.547956
-0.548536
-0.553359
-0.551198
-0.552535
-0.554340
-0.555756
-0.557465
-0.555616
-0.562836
-0.554569
-0.563306
-0.564507
-0.561294
-0.565850
-0.563088
-0.567242
-0.566134
-0.568395
-0.570971
-0.571696
-0.569426
-0.573326
-0.570661
-0.574657
-0.574191
-0.576260
-0.577994
-0.575553
-0.575609
-0.580190
-0.584088
-0.574659
-0.584686
-0.581516
-0.580707
-0.585838
-0.582734
-0.587401
-0.582327
-0.586549
-0.587838
-0.590726
-0.586550
-0.584443
-0.595199
-0.585478
-0.592698
-0.588089
-0.596026
-0.593179
-0.589997
-0.591818
-0.593196
-0.597824
-0.592818
-0.597051
-0.590228
-0.598052
-0.598394
-0.593490
-0.597217
-0.599473
-0.596037
-0.597364
-0.599652
-0.596982
-0.599178
-0.600249
-0.597741
-0.602163
-0.596197
-0.603042
-0.598681
-0.597949
-0.604996
-0.597506
-0.601198
-0.601653
-0.601174
-0.600496
-0.601778
-0.601233
-0.598451
-0.601225
-0.605182
-0.598367
-0.603446
-0.600418
-0.600199
-0.599495
-0.603582
-0.599442
-0.598438
-0.607237
-0.597808
-0.598062
-0.596545
-0.608944
-0.596029
-0.598031
-0.601682
-0.599528
-0.595076
-0.599994
-0.596929
-0.603941
-0.593945
-0.595854
-0.598913
-0.592636
-0.600829
-0.594639
-0.594857
-0.594716
-0.596494
-0.591051
-0.599870
-0.589558
-0.588164
-0.600861
-0.589523
-0.589127
-0.589517
-0.592474
-0.593746
-0.585608
-0.584397
-0.591429
-0.585241
-0.591107
-0.584771
-0.585684
-0.582976
-0.580707
-0.584515
-0.587989
-0.579610
-0.579995
-0.577196
-0.582666
-0.578935
-0.576518
-0.578789
-0.574805
-0.576185
-0.573807
-0.574829
-0.569225
-0.575168
-0.568339
-0.571116
-0.566252
-0.570552
-0.566551
-0.566402
-0.565848
-0.562578
-0.563467
-0.558829
-0.566426
-0.556148
-0.557369
-0.562638
-0.549296
-0.560530
-0.551374
-0.557937
-0.550358
-0.549727
-0.548060
-0.548340
-0.550636
-0.542839
-0.545001
-0.544484
-0.540378
-0.538625
-0.542199
-0.537964
-0.535811
-0.536289
-0.528862
-0.537346
-0.535556
-0.523858
-0.526873
-0.524898
-0.534837
-0.518994
-0.521531
-0.523601
-0.518872
-0.513209
-0.523210
-0.514346
-0.511600
-0.511318
-0.510381
-0.511983
-0.506130
-0.503943
-0.506824
-0.502433
-0.500418
-0.498218
-0.499620
-0.499346
-0.489257
-0.493520
-0.492596
-0.490148
-0.487918
-0.486522
-0.482976
-0.484580
-0.480491
-0.479988
-0.477784
-0.473924
-0.475428
-0.471903
-0.474646
-0.463428
-0.470072
-0.464571
-0.460767
-0.466172
-0.457295
-0.458755
-0.457236
-0.453522
-0.448359
-0.457751
-0.446486
-0.443658
-0.442795
-0.447052
-0.436481
-0.439258
-0.438401
-0.433279
-0.426927
-0.433867
-0.425386
-0.426821
-0.424077
-0.419190
-0.419291
-0.418216
-0.412943
-0.409504
-0.416011
-0.414865
-0.402429
-0.405095
-0.403870
-0.402408
-0.399500
-0.399694
-0.388789
-0.395502
-0.388899
-0.389766
-0.380571
-0.381560
-0.384590
-0.377223
-0.380613
-0.369953
-0.372928
-0.373234
-0.361919
-0.366508
-0.364708
-0.359285
-0.359237
-0.355196
-0.354011
-0.356254
-0.343681
-0.343745
-0.347927
-0.342514
-0.340819
-0.335902
-0.332650
-0.335539
-0.330551
-0.326608
-0.321754
-0.327942
-0.316969
-0.322181
-0.313314
-0.313347
-0.307204
-0.312732
-0.307581
-0.298995
-0.300433
-0.301133
-0.293193
-0.300998
-0.287688
-0.285235
-0.288081
-0.280386
-0.282542
-0.281634
-0.272671
-0.273713
-0.270957
-0.268172
-0.263852
-0.265899
-0.260202
-0.257794
-0.255445
-0.250015
-0.254764
-0.247309
-0.243701
-0.245266
-0.239216
-0.234820
-0.236814
-0.234392
-0.228784
-0.227452
-0.224485
-0.222265
-0.219362
-0.215845
-0.217199
-0.211704
-0.205774
-0.202770
-0.210417
-0.201881
-0.193657
-0.195372
-0.192443
-0.191735
-0.193521
-0.177754
-0.180451
-0.181765
-0.180556
-0.170697
-0.166755
-0.175000
-0.164062
-0.163403
-0.159047
-0.158095
-0.154971
-0.154576
-0.150892
-0.143195
-0.147158
-0.141034
-0.140088
-0.136292
-0.131987
-0.134205
-0.127172
-0.122160
-0.125202
-0.118421
-0.120499
-0.116698
-0.107682
-0.110212
-0.106386
-0.105857
-0.101915
-0.095872
-0.094573
-0.094661
-0.093282
-0.086437
-0.086259
-0.077855
-0.079387
-0.080662
-0.075282
-0.070036
-0.067150
-0.065190
-0.066949
-0.057504
-0.056985
-0.056241
-0.051992
-0.052477
-0.043690
-0.045465
-0.037890
-0.043292
-0.032601
-0.034764
-0.029262
-0.030035
-0.018931
-0.027833
-0.017703
-0.015195
-0.016105
-0.010118
-0.008974
-0.005158
-0.002897
-0.000939
0.002597
0.002502
0.010278
0.009014
0.010628
0.019232
0.019441
0.018682
0.026328
0.019192
0.034552
0.032110
0.032150
0.039121
0.039292
0.041010
0.045708
0.048353
0.047878
0.055388
0.052006
0.061160
0.064852
0.059357
0.066241
0.065193
0.076684
0.072148
0.078922
0.078691
0.081642
0.078890
0.091532
0.091650
0.091091
0.095241
0.100412
0.091132
0.107942
0.105785
0.106929
0.110749
0.113076
0.113667
0.118898
0.121137
0.123771
0.126480
0.124472
0.130719
0.134545
0.137328
0.137041
0.140397
0.142727
0.147268
0.146696
0.152345
0.152056
0.159354
0.158318
0.156499
0.163318
0.167389
0.168684
0.170966
0.175038
0.174270
0.177285
0.179601
0.182255
0.187752
0.187568
0.192544
0.190595
0.193959
0.195317
0.200229
0.206673
0.205689
0.203033
0.208365
0.211184
0.213869
0.220193
0.218284
0.218719
0.220808
0.228337
0.231424
0.227390
0.230734
0.236881
0.234797
0.238653
0.244157
0.243277
0.246169
0.249286
0.247404
0.253189
0.256950
0.257137
0.261296
0.259135
0.263647
0.263555
0.269015
0.272158
0.272839
0.274484
0.275113
0.279055
0.280360
0.283325
0.284060
0.288422
0.289750
0.291942
0.290993
0.296184
0.296316
0.299084
0.303030
0.302746
0.309531
0.304521
0.306785
0.313443
0.313913
0.316956
0.316318
0.318404
0.321862
0.320703
0.326235
0.328119
0.327788
0.332559
0.332104
0.336950
0.335415
0.335914
0.341727
0.341172
0.345388
0.347083
0.345508
0.349924
0.351417
0.353232
0.353629
0.356280
0.358637
0.363447
0.361071
0.361304
0.365012
0.367979
0.369217
0.372229
0.370751
0.372006
0.377985
0.375336
0.379354
0.384127
0.380096
0.380722
0.387739
0.388022
0.387672
0.391138
0.389065
0.395633
0.396356
0.395934
0.397313
0.399817
0.400159
0.403069
0.404678
0.403155
0.409778
0.409250
0.407491
0.412104
0.413020
0.413678
0.417823
0.416983
0.416636
0.420058
0.423163
0.419976
0.424667
0.425379
0.427328
0.428468
0.428664
0.430531
0.431047
0.435085
0.437580
0.431460
0.435570
0.442388
0.439636
0.440911
0.442858
0.443219
0.444132
0.444873
0.450374
0.448866
0.446868
0.451996
0.450583
0.454442
0.452685
0.456949
0.454994
0.459840
0.456713
0.460568
0.459302
0.461194
0.464572
0.462204
0.465060
0.466435
0.467081
0.467277
0.468845
0.471102
0.468316
0.471368
0.475876
0.471969
0.474093
0.474949
0.475762
0.477601
0.478341
0.481195
0.476948
0.481574
0.480111
0.481477
0.483551
0.483446
0.486591
0.484891
0.485437
0.486622
0.486871
0.489518
0.490485
0.492393
0.487366
0.489696
0.495725
0.491913
0.492382
0.494180
0.495491
0.495609
0.494666
0.497070
0.497697
0.497167
0.499318
0.499052
0.500881
0.498617
0.500136
0.501045
0.502098
0.500203
0.504504
0.505826
0.499815
0.506231
0.503822
0.507329
0.504001
0.504889
0.507228
0.508138
0.505948
0.507583
0.510286
0.507094
0.506814
0.509659
0.510976
0.507726
0.508929
0.509212
0.512125
0.510422
0.510810
0.511820
0.509586
0.512125
0.512003
0.511052
0.511416
0.515162
0.512741
0.511258
0.511593
0.512632
0.513768
0.513020
0.514660
0.511320
0.515195
0.511134
0.514333
0.513274
0.512998
0.513971
0.512904
0.512670
0.512386
0.512960
0.512142
0.514736
0.513058
0.512399
0.511308
0.512308
0.513848
0.512678
0.512204
0.513602
0.512798
0.510501
0.515085
0.516512
0.516908
0.513336
0.513999
0.518143
0.521216
0.515655
0.510799
0.509111
0.511253
0.510375
0.506378
0.513767
0.513851
0.512715
0.512488
0.510951
0.508822
0.509522
0.509024
0.511020
0.508363
0.509409
0.511064
0.509161
0.506584
0.507734
0.507134
0.505780
0.508229
0.505845
0.508977
0.504674
0.503631
0.505414
0.505638
0.501762
0.502375
0.505427
0.503513
0.504379
0.500428
0.500366
0.498558
0.502590
0.500621
0.499384
0.501084
0.497199
0.496914
0.497496
0.498669
0.497026
0.494577
0.494504
0.493799
0.496456
0.492397
0.493155
0.490484
0.492464
0.492153
0.490748
0.489512
0.486999
0.489315
0.488036
0.489475
0.485166
0.486352
0.484377
0.485494
0.482942
0.484330
0.482082
0.482704
0.480684
0.481481
0.477359
0.480939
0.478371
0.476880
0.477371
0.473484
0.476804
0.474669
0.473422
0.471819
0.471199
0.473078
0.469185
0.468804
0.468891
0.469138
0.467714
0.464501
0.464701
0.464679
0.465838
0.461539
0.463268
0.459924
0.459867
0.460660
0.457080
0.456529
0.457839
0.459159
0.453660
0.451427
0.453226
0.451409
0.453101
0.451464
0.449519
0.447960
0.445804
0.447016
0.448204
0.441351
0.442973
0.444396
0.443871
0.439761
0.438019
0.437465
0.438589
0.438241
0.434122
0.434240
0.433380
0.433616
0.430667
0.430345
0.429052
0.428790
0.429830
0.424657
0.422975
0.425611
0.422083
0.421333
0.421862
0.421576
0.418579
0.416317
0.415965
0.414529
0.415725
0.413828
0.412646
0.411093
0.409626
0.409392
0.406290
0.405000
0.408280
0.405784
0.402434
0.400426
0.401917
0.399420
0.398801
0.398088
0.397387
0.395086
0.393033
0.395124
0.389835
0.389419
0.390719
0.390233
0.387362
0.385355
0.382994
0.384497
0.381060
0.382173
0.380545
0.379320
0.377834
0.375430
0.373519
0.374357
0.373088
0.372017
0.370339
0.369073
0.366965
0.366352
0.365023
0.365059
0.363900
0.359795
0.359994
0.359613
0.359153
0.356478
0.353242
0.355379
0.353445
0.355661
0.349795
0.346694
0.345657
0.349505
0.345976
0.344816
0.342198
0.340376
0.340685
0.340569
0.337140
0.336398
0.337824
0.334049
0.334001
0.327137
0.330544
0.331169
0.329419
0.325649
0.324758
0.323792
0.322361
0.320988
0.320345
0.320351
0.318706
0.315106
0.314769
0.313477
0.313141
0.310577
0.311667
0.309206
0.308769
0.304811
0.302519
0.304366
0.303807
0.304759
0.298065
0.296468
0.295756
0.298844
0.293071
0.294934
0.294044
0.291265
0.285576
0.289483
0.289478
0.286842
0.284771
0.282082
0.280134
0.280645
0.283477
0.280132
0.272977
0.274177
0.274900
0.273928
0.274702
0.269067
0.267983
0.264881
0.266312
0.267220
0.264288
0.264061
0.258180
0.258992
0.260251
0.257513
0.257479
0.254248
0.252630
0.253020
0.250955
0.251246
0.245954
0.248519
0.244911
0.245142
0.244521
0.240875
0.239967
0.237992
0.240227
0.238170
0.236517
0.232713
0.233184
0.234939
0.230270
0.228801
0.228718
0.225583
0.228015
0.225752
0.222494
0.219998
0.221187
0.221324
0.219450
0.218453
0.212896
0.211931
0.216389
0.215032
0.212473
0.207334
0.205518
0.208598
0.206929
0.206483
0.205319
0.200325
0.200300
0.201628
0.198700
0.197549
0.197354
0.195572
0.194145
0.190947
0.192632
0.192430
0.189759
0.187690
0.187946
0.186650
0.184605
0.183298
0.182852
0.181330
0.180395
0.179407
0.177921
0.176454
0.176661
0.174453
0.171419
0.171916
0.173160
0.169533
0.167966
0.166337
0.168974
0.163265
0.161761
0.163698
0.163740
0.162353
0.159524
0.155425
0.157630
0.156332
0.156377
0.155715
0.153365
0.150135
0.150487
0.148878
0.150187
0.148201
0.147665
0.144517
0.145326
0.141913
0.143493
0.139509
0.140949
0.140383
0.138272
0.135650
0.137467
0.134838
0.133095
0.133538
0.131331
0.132168
0.130348
0.129237
0.127598
0.126194
0.124006
0.126628
0.125722
0.122052
0.120794
0.119788
0.121111
0.119690
0.117116
0.115845
0.118254
0.115805
0.114014
0.111657
0.109592
0.112721
0.113479
0.109336
0.105324
0.108675
0.106388
0.104337
0.105827
0.104624
0.102480
0.100196
0.101314
0.100078
0.098802
0.099067
0.098553
0.094612
0.094150
0.096153
0.095917
0.091525
0.090570
0.092153
0.090859
0.089814
0.089451
0.087489
0.085239
0.087482
0.085475
0.082758
0.083408
0.084931
0.082195
0.079523
0.080203
0.081507
0.077845
0.077315
0.077671
0.076240
0.075569
0.073879
0.074757
0.073941
0.071773
0.071700
0.068421
0.072265
0.069472
0.069622
0.065736
0.065921
0.067264
0.066225
0.066051
0.063157
0.064132
0.062606
0.059922
0.061409
0.061704
0.060786
0.059681
0.057942
0.057104
0.053537
0.058763
0.057839
0.055653
0.054647
0.052077
0.052077
0.051853
0.052525
0.051993
0.051149
0.049242
0.047257
0.049918
0.047815
0.048495
0.046260
0.045360
0.046027
0.046453
0.044276
0.043059
0.044334
0.042600
0.040908
0.041061
0.044322
0.041266
0.041946
0.038007
0.039102
0.039800
0.037686
0.037062
0.046337
0.059713
0.068728
0.075398


