M_loss: 1, M_sym: 4300.0, M_power: 9000, M_bandwidth: 22.3872113856834
0.001931
0.003165
-0.002625
0.000997
0.000039
-0.000662
-0.000644
-0.000655
-0.003831
-0.001187
-0.002139
-0.000029
-0.001820
0.003504
0.001857
-0.000134
0.000806
0.001519
-0.000449
0.000070
0.000971
-0.000966
0.002578
-0.002974
0.001043
-0.000874
-0.002215
-0.004224
-0.004552
0.000864
-0.001443
0.002211
0.000932
0.000518
-0.001549
-0.002359
0.001479
-0.000812
0.001890
-0.001716
-0.000342
-0.001565
0.001683
0.000115
-0.000293
0.001173
0.001270
-0.004716
-0.002222
0.002937
0.002404
-0.000975
0.000706
0.001141
0.000243
0.000671
-0.000245
-0.002676
-0.003066
0.001076
-0.002103
0.002465
-0.000791
-0.001828
0.001907
-0.003525
-0.002329
-0.002702
-0.002577
-0.003276
-0.001190
-0.004992
0.001581
0.003694
-0.000667
0.006121
-0.001621
0.000506
0.000413
0.002743
0.001254
0.000822
-0.001072
-0.000921
0.000146
-0.002324
0.001137
-0.000580
0.000754
-0.001251
-0.000460
-0.000626
-0.000952
0.000732
-0.001788
0.000895
0.002898
0.000631
-0.000933
-0.000361
-0.001256
-0.002920
-0.001641
-0.000305
0.000320
-0.004531
-0.003250
-0.004219
-0.004398
0.000118
-0.001160
0.001402
-0.003552
-0.002799
0.002292
0.004077
-0.000160
-0.001704
0.001763
-0.001339
-0.000775
0.001388
0.002374
-0.000272
0.000910
-0.001093
0.002099
0.000027
-0.000233
-0.001106
0.002526
-0.000124
-0.002224
-0.001899
-0.000967
-0.002083
-0.001651
0.000283
-0.002026
-0.000788
-0.000178
-0.001227
0.000003
0.001019
0.000700
-0.000567
-0.000152
-0.002299
0.001044
0.001831
-0.000192
-0.000245
0.003092
0.003395
-0.000913
0.000473
-0.000204
-0.003516
-0.001481
-0.000999
-0.000476
0.000460
-0.001793
0.000221
0.001436
0.000009
-0.000324
-0.001895
0.001310
-0.000589
-0.001721
-0.004254
0.000084
-0.000453
-0.003369
-0.004849
-0.000422
-0.000791
-0.003583
-0.000856
0.001915
-0.003105
0.005137
0.001287
-0.000438
0.002440
0.003236
-0.002707
-0.000736
-0.001039
0.001265
-0.002906
-0.000313
-0.002223
0.000764
0.000660
0.003080
-0.004706
0.002952
-0.002122
-0.003060
-0.000095
-0.000104
0.002683
0.000228
-0.001839
-0.002754
-0.003078
-0.000423
0.000729
-0.005205
-0.002940
-0.003805
0.003697
-0.001865
0.002006
-0.003357
-0.000638
0.001125
-0.000910
-0.002513
-0.002751
-0.005670
-0.000162
-0.003350
0.001702
0.000875
0.002083
-0.001021
-0.002129
0.000486
-0.001425
-0.000702
-0.002286
0.000322
-0.004112
0.002826
-0.004217
0.003557
-0.002720
0.000296
0.000018
-0.003643
0.000129
-0.000110
0.000967
-0.002296
-0.001855
0.000152
-0.001747
-0.003371
0.003049
-0.000650
-0.000797
0.002668
-0.004107
-0.001681
-0.000430
-0.002694
-0.000850
-0.004079
0.001071
-0.000170
0.001186
-0.000962
-0.002478
0.001459
-0.000909
-0.000067
-0.002194
0.000031
0.000039
-0.004604
-0.003199
-0.003119
0.002143
-0.001859
-0.003428
-0.001247
-0.003287
-0.000471
-0.003292
0.000937
-0.000815
0.001917
-0.000506
0.000253
-0.001124
0.002744
-0.002566
0.004549
-0.000981
-0.001793
-0.001331
0.002022
-0.002499
0.003992
0.000658
0.000892
-0.001250
0.002821
-0.000030
-0.000174
-0.003379
-0.001947
0.003126
-0.001731
0.002774
0.000418
0.000727
-0.003310
-0.000227
-0.000292
0.003086
0.001586
0.000349
0.000364
-0.002104
-0.000638
-0.001922
0.003140
0.000593
-0.004784
-0.001898
0.000225
0.002586
-0.001384
0.003784
-0.005136
0.001350
-0.002984
0.000067
-0.001327
0.000707
0.000724
0.000618
-0.000370
-0.000569
0.002610
0.002612
-0.000007
0.001770
-0.001726
0.003198
-0.000142
-0.003702
-0.002536
0.000781
-0.001032
-0.001958
0.002541
-0.001555
-0.001632
-0.000511
-0.002341
0.003892
-0.004522
-0.002191
-0.000906
0.002972
0.000476
-0.002620
-0.003474
-0.000236
-0.001192
-0.003736
-0.001225
-0.001821
0.003576
0.000529
0.002662
0.003543
-0.001855
-0.000343
-0.001247
-0.001387
-0.003622
0.002413
-0.003878
0.000301
0.001014
-0.000820
-0.003938
0.000950
0.001792
-0.001585
-0.002729
-0.004152
0.001474
0.002688
0.000432
0.000134
-0.001901
0.003189
-0.001550
0.000646
-0.006365
0.002756
-0.002175
-0.003544
-0.001503
-0.003994
0.001359
0.004061
0.000294
-0.000235
-0.000046
-0.005373
0.001009
-0.001409
0.000651
0.001289
-0.003484
-0.002195
-0.001059
0.001879
0.000609
-0.000811
0.001578
0.001438
-0.000658
-0.001806
0.001021
-0.004917
-0.000484
0.002685
0.001108
0.000341
0.002748
-0.000102
0.003210
0.002985
0.005440
0.003209
0.001090
-0.001043
-0.002593
-0.003492
-0.002967
-0.000586
0.003002
-0.006435
0.003543
-0.001201
-0.000773
-0.000011
-0.000909
-0.005365
-0.001312
-0.001612
-0.002507
0.002554
0.002709
0.004193
0.000148
0.003726
0.000855
-0.000452
-0.000209
-0.001825
-0.001714
-0.002019
-0.000102
0.001884
0.002568
0.004180
-0.000417
0.002863
0.001368
0.001293
-0.000826
-0.000103
0.000701
-0.003176
0.003153
-0.002958
0.001219
-0.000904
-0.000654
-0.002446
0.000027
-0.001315
0.000856
-0.002788
-0.001418
0.002058
-0.000220
-0.000339
-0.002818
-0.000457
-0.004568
-0.001728
-0.003393
0.001634
0.001583
-0.000656
0.000398
-0.002181
0.001506
0.004322
0.003252
-0.000222
-0.003290
-0.001513
-0.003600
-0.003224
0.000918
-0.000766
-0.003387
-0.001670
-0.000834
-0.001789
0.001828
-0.003225
-0.002589
-0.000819
-0.003771
-0.002907
-0.001923
0.000517
-0.004009
0.000044
-0.000337
-0.000486
-0.001588
0.001131
-0.003080
0.000445
-0.004058
-0.002174
-0.000617
-0.001883
-0.002182
0.000106
0.006976
-0.000187
-0.001718
-0.001648
0.003992
-0.000387
0.001105
-0.006261
-0.001663
-0.005137
0.000553
-0.001321
-0.003764
-0.004299
-0.001391
-0.002432
0.001292
-0.003789
0.002246
-0.001616
-0.002714
0.003141
0.000157
-0.002965
-0.000862
-0.001073
-0.001018
-0.002951
-0.000010
0.000629
0.000244
0.001308
-0.000442
0.000436
0.000679
-0.002954
-0.007130
-0.003670
-0.003506
-0.000506
-0.004416
0.000756
-0.003705
0.001460
0.002273
0.001895
0.000047
-0.000169
-0.002376
-0.000636
-0.001309
-0.000447
-0.003897
0.000478
0.002065
-0.002095
0.001526
0.002364
0.004165
0.000689
0.003308
0.000372
-0.001487
-0.003874
0.001988
0.001070
-0.000398
-0.003195
-0.003623
-0.001221
-0.007903
-0.001704
-0.002538
0.002155
-0.001545
0.001135
-0.000219
-0.001689
-0.002050
-0.002263
0.000363
-0.000575
-0.002034
0.001263
0.000761
-0.000298
0.001373
-0.001190
-0.003284
-0.000674
-0.001276
-0.003117
0.005869
0.003296
-0.001137
-0.002845
0.000579
0.000099
0.000018
-0.000152
-0.000227
0.000812
0.000429
-0.002956
-0.000796
-0.000754
0.002018
-0.003257
0.002028
-0.000484
0.000535
0.003975
-0.002614
0.002979
0.000743
-0.001617
0.000222
-0.001401
-0.003750
0.000030
-0.001442
-0.001083
-0.002290
0.001007
-0.002910
-0.001630
0.002308
-0.000370
-0.000049
0.000955
0.001011
0.002174
-0.002602
0.000226
-0.002969
-0.002431
0.000908
0.001407
0.002879
-0.003031
-0.004054
-0.001198
0.000813
-0.000331
-0.002462
0.002345
-0.000322
-0.002309
0.000993
0.004493
0.005218
-0.003804
-0.001319
0.001191
0.000660
-0.003135
0.000964
0.002204
-0.002312
0.001834
-0.001335
0.000396
-0.004815
-0.000793
0.000849
-0.000028
-0.001345
-0.000033
-0.003688
0.000386
-0.000468
-0.000122
0.001744
-0.000554
0.001080
-0.000437
0.001894
0.000550
-0.000543
-0.003273
-0.002419
-0.003132
0.002258
-0.001739
0.002818
0.003437
-0.000255
-0.004795
0.000409
0.002889
-0.004135
-0.000563
-0.003674
-0.000147
-0.001935
-0.002027
-0.007073
-0.001233
-0.001163
0.002794
0.000640
0.004271
-0.001678
-0.000674
0.001307
0.003949
0.001593
0.001557
-0.002520
-0.001967
0.000777
-0.002880
0.000692
0.004249
-0.002566
0.001586
-0.000899
0.003414
0.000616
0.002676
0.003006
-0.001313
0.000694
0.003248
0.003148
0.000467
-0.003830
0.001693
-0.000910
-0.002981
0.000393
0.002342
0.000117
0.001756
0.004621
0.001723
0.001715
-0.001478
-0.000181
0.001130
-0.000260
-0.002783
0.002822
0.001234
-0.000490
-0.001905
-0.001663
0.001351
0.001026
0.002663
0.001652
0.001018
-0.000240
-0.001070
-0.001359
0.004103
-0.000492
0.001709
-0.002539
-0.004142
-0.001905
0.000690
0.001214
0.003290
0.008746
0.001378
0.001373
0.004034
-0.006254
0.001158
-0.003831
0.002163
0.000011
0.002932
-0.001914
0.002097
0.000906
-0.002324
-0.002976
-0.002498
0.000405
-0.000484
-0.000891
0.000494
0.003315
0.000473
0.000512
0.001832
0.003613
-0.000065
-0.000812
0.002139
0.000412
-0.001207
-0.000543
0.000639
-0.003882
0.001548
-0.001711
0.000455
-0.003129
0.001681
0.002958
-0.001138
-0.002483
-0.000273
0.000446
0.004876
-0.003438
-0.001987
0.000671
-0.000406
0.001294
-0.000620
-0.002513
0.001071
-0.001241
0.000754
-0.001650
-0.005391
-0.001157
0.004476
0.004455
0.006530
0.008127
0.000755
0.002795
-0.002350
-0.000519
0.003163
-0.001187
0.002086
0.001461
-0.007922
0.000460
-0.001430
-0.002759
-0.002259
0.004954
-0.002196
-0.003357
0.000118
-0.000541
0.003970
0.000598
0.000894
-0.000371
0.003490
0.003701
0.007222
-0.001218
-0.001452
0.004833
0.002412
-0.000509
0.003174
-0.002675
-0.000090
0.004176
-0.001102
0.000009
0.004094
-0.004350
0.000666
0.000515
-0.001654
-0.003369
0.002964
-0.001016
0.001147
0.000847
0.005125
-0.000446
0.000389
-0.001644
-0.002738
-0.001358
-0.001256
0.000179
-0.002961
-0.000122
0.001238
-0.000832
0.003803
0.000678
-0.000361
0.003173
0.005004
-0.002934
-0.001209
-0.003152
0.003591
-0.001818
-0.001767
0.002077
0.001253
0.000972
-0.003893
-0.000062
-0.000387
0.002082
-0.004849
0.001400
0.001860
0.005170
0.001148
0.000550
-0.000958
-0.005436
-0.001752
0.005468
0.002988
0.000028
-0.003594
-0.000387
0.002461
0.001083
-0.003327
0.004666
0.004792
-0.002237
-0.003009
0.001243
0.001556
0.004596
-0.002981
0.000239
0.000165
0.001516
-0.001778
-0.001798
0.001130
0.002963
0.001378
-0.003285
-0.000450
0.006810
0.000604
0.002231
-0.001153
0.006460
-0.000157
0.002783
0.001961
0.001659
0.001022
0.003446
0.002705
-0.001500
-0.001344
-0.002365
0.002962
-0.001289
-0.003421
-0.002702
0.000703
0.003566
0.003758
0.002317
-0.000442
0.001678
0.002730
0.002402
0.004044
0.005543
0.000072
0.000847
-0.001431
0.004526
0.002581
-0.003719
0.006007
0.000886
0.001904
0.001552
0.001334
0.003058
-0.003554
0.000067
0.000884
0.004273
0.003674
0.002225
0.002701
0.002507
0.003056
-0.000854
0.001061
-0.002887
-0.001531
0.000288
0.006213
-0.000234
0.002891
0.001564
0.004528
-0.001587
0.002882
0.001673
-0.006762
0.006115
0.001909
0.000757
0.003223
-0.001242
0.002831
-0.000097
0.001626
0.000230
0.001790
-0.002929
-0.000410
0.005559
0.000907
0.001429
-0.001015
0.000445
0.004809
0.007243
0.003471
-0.001375
0.001076
-0.004050
0.000987
-0.000050
-0.000084
0.003528
0.000955
-0.003560
0.001334
0.003507
0.000658
-0.002642
0.001051
-0.003181
0.000770
-0.000804
-0.006410
0.000923
0.000763
0.004051
0.000390
-0.002000
-0.002011
-0.002350
0.005381
-0.002346
-0.000646
0.004893
-0.001214
0.004999
0.000662
-0.000884
-0.001278
-0.002309
0.001889
0.001494
0.000452
0.001213
0.001676
0.003325
-0.001038
0.000137
-0.003189
0.002146
0.002998
0.002798
0.004770
-0.001089
0.001585
0.008055
-0.002074
-0.002761
0.002152
0.000534
0.000547
-0.000176
0.001009
0.000257
0.003757
-0.000639
0.001748
0.003433
0.001049
0.001671
0.002487
0.000697
0.001141
0.000303
-0.004613
0.000186
0.007753
0.002142
0.002595
0.003291
-0.003726
0.007829
-0.000419
-0.005458
0.003044
0.003270
0.002727
0.002273
-0.001433
0.004002
0.000415
0.001265
0.004383
0.000754
-0.000082
0.005466
-0.004116
0.000379
-0.001027
0.004076
-0.000920
0.006443
-0.001193
0.004458
-0.003323
-0.003403
0.002112
0.007433
-0.003906
0.002489
-0.009968
0.003702
-0.005547
-0.002175
0.003499
-0.001418
-0.001110
0.000400
0.001731
0.001973
-0.000749
-0.001904
-0.000603
-0.001423
-0.000220
-0.002193
-0.002081
0.000529
-0.001814
0.000814
-0.000804
0.004122
-0.000574
0.000927
-0.002029
-0.001782
-0.000260
-0.000432
0.002532
0.001101
-0.002418
0.001306
-0.003562
0.002526
0.004686
0.005803
-0.000367
0.000697
0.009608
0.006174
0.000172
0.002136
0.000655
0.003505
0.002067
0.000523
0.002492
0.002151
0.009024
-0.001383
-0.003307
-0.000670
0.004175
-0.006436
0.005765
0.004084
0.000155
0.004592
0.000611
-0.003738
-0.000792
0.002281
0.000004
0.007721
0.001267
-0.000278
-0.000967
0.003431
-0.003407
-0.000243
-0.000770
-0.002009
0.002467
0.001767
0.004136
-0.001774
0.000674
0.001167
-0.004347
0.000492
-0.003493
0.002147
0.004118
0.002158
0.004102
0.000734
0.004577
0.005088
-0.003787
-0.000800
0.005020
-0.001130
0.001625
0.007364
-0.004708
-0.001887
0.002246
0.004186
-0.003590
-0.004784
-0.000313
-0.000719
0.001539
0.004302
0.006169
-0.004452
-0.008642
0.004878
0.005517
-0.000677
-0.000084
-0.001958
0.001991
-0.003763
0.001933
0.002554
-0.007664
0.003529
0.006677
0.002034
0.003217
-0.000140
0.001901
0.006694
0.001843
0.005534
0.003144
0.001831
0.002563
-0.001124
-0.000639
0.003240
0.003726
0.001373
0.005900
0.002711
0.002439
-0.004968
0.001834
-0.001579
0.001003
0.004215
-0.004625
0.004356
-0.006672
-0.002057
0.002723
0.002803
0.002542
0.000905
0.000564
0.003498
-0.000138
-0.000500
0.004466
-0.002066
0.003666
-0.001803
0.002795
0.007718
-0.005131
-0.001515
-0.006509
0.000590
0.003668
-0.000572
0.002561
0.005122
-0.000782
-0.000571
-0.000149
0.000798
0.002888
0.002100
0.001782
0.004617
0.001617
-0.002531
0.002723
0.002999
0.003832
-0.001703
0.000670
-0.004383
0.000513
-0.001900
-0.001392
0.000261
0.000317
-0.001471
0.004541
0.002413
-0.005569
-0.000051
0.004635
0.002513
-0.005362
0.002325
-0.002094
-0.000361
0.002614
0.002237
0.002715
0.004077
0.004558
0.001061
-0.002271
-0.001426
-0.001754
0.001192
0.005984
-0.000921
0.001535
-0.000372
0.004988
0.000073
-0.003902
0.002549
0.001726
0.003034
-0.002646
0.009986
0.003697
-0.003046
0.002644
0.002338
0.001114
-0.002098
0.007837
0.001827
-0.002389
0.006209
0.001283
0.000294
0.002640
-0.003301
-0.001800
-0.001332
0.000666
-0.000557
-0.000377
0.005757
0.001171
-0.003977
0.001746
-0.003002
0.001185
0.001458
0.002829
-0.001749
0.001083
0.002788
-0.001640
-0.000492
0.006143
0.004561
-0.001433
0.004243
-0.001753
-0.002853
0.003057
0.001708
-0.004690
0.001836
-0.002729
0.001190
0.002781
-0.000568
0.002747
0.000929
0.000034
-0.002094
-0.003430
-0.000963
0.001051
0.004498
0.004604
0.001269
0.000828
0.001434
0.003537
0.002130
-0.000523
0.000847
-0.008026
0.004760
0.000810
-0.002257
0.000906
0.003760
-0.000071
0.001752
0.002119
0.000314
0.002133
-0.001318
0.000098
0.001087
0.002860
0.005471
0.003910
-0.001540
-0.004966
0.001071
0.009562
0.001093
-0.000021
0.001005
0.002172
0.001900
-0.000063
0.000457
-0.001527
-0.000834
-0.005281
-0.000469
0.004261
-0.000855
0.001871
0.003081
-0.003080
-0.004242
0.000246
0.000195
-0.001011
0.002847
-0.000002
0.004141
-0.001485
0.005627
-0.002426
-0.000303
0.000155
-0.000706
0.002490
-0.002904
0.002479
0.008637
0.003322
-0.001400
0.000612
-0.002146
0.001436
0.002683
0.006423
-0.000306
0.008123
0.002394
0.002628
0.000767
0.000445
0.009726
0.002259
0.007186
-0.000841
-0.000462
0.002290
0.008082
0.001007
0.003460
0.000528
-0.002635
0.001634
0.001345
0.000629
0.004650
0.003941
0.004513
0.000519
0.003649
0.001479
0.002755
0.001671
-0.007774
0.002731
0.002256
-0.003512
0.000454
0.002263
0.001809
0.002331
0.001783
0.001447
0.005057
0.001799
-0.004506
-0.004563
0.001279
-0.004155
-0.002303
0.005279
-0.004886
-0.002994
-0.007280
0.002489
0.005139
-0.000268
0.002341
-0.000859
0.004096
0.000451
0.001030
0.000273
0.000843
0.001707
0.006393
-0.002199
0.002204
0.005513
0.001977
0.007256
0.002932
-0.000846
0.004304
0.000548
0.006650
0.003687
-0.001274
0.001115
0.000373
-0.004498
-0.001294
0.001734
-0.002829
0.008199
0.005954
0.000877
0.004476
-0.005796
0.003095
0.001240
0.002088
0.000317
-0.000582
0.002482
0.004557
0.000524
0.001636
-0.002595
-0.005182
0.000097
0.001606
0.003436
0.000250
-0.001655
-0.002195
-0.001691
0.001925
0.002985
-0.001220
0.000904
0.003661
0.004004
-0.001302
0.004065
0.002842
-0.002129
0.008977
0.000037
0.000429
-0.000866
0.000526
0.003578
-0.001606
0.000240
-0.001469
-0.002395
-0.003115
0.006044
0.002787
-0.001034
0.005324
-0.002484
-0.000804
0.001519
-0.000394
0.002704
-0.000762
0.007031
0.004756
-0.000563
-0.000209
0.003049
0.004220
-0.002320
0.003658
0.004502
0.001764
-0.002961
-0.001308
-0.001098
0.000519
0.000927
-0.002402
0.000753
0.007674
0.001092
0.000663
-0.003989
0.002055
0.003695
-0.003444
0.006242
-0.000156
0.000975
-0.004225
-0.003052
-0.001989
0.002033
0.002190
0.003309
-0.000259
0.003655
-0.001696
0.000062
-0.003369
0.001115
0.001103
0.003402
0.001734
0.000903
0.002677
-0.000221
-0.003111
-0.006720
0.002725
0.006618
0.004123
0.003654
-0.004095
-0.000898
0.003434
0.002535
0.000752
0.001749
0.002595
0.001747
0.000533
0.001193
0.001548
-0.003217
0.003096
-0.000453
0.000843
0.002702
0.005122
-0.004415
-0.000574
0.000159
0.001029
0.000389
0.005116
0.002969
0.005776
-0.000105
-0.002879
0.005455
0.001645
-0.002837
0.003994
0.003978
-0.002556
-0.003000
0.008825
0.004170
0.004670
-0.002232
0.005591
0.005797
-0.000068
0.004773
0.001828
-0.000733
0.007516
0.001720
0.001435
-0.003901
0.003618
0.001471
-0.000963
0.005181
0.002334
-0.002075
-0.001902
-0.006367
0.000960
0.006811
0.001338
0.000890
0.000190
0.001518
0.003219
0.001518
0.000190
0.000890
0.001338
0.006811
0.000960
-0.006367
-0.001902
-0.002075
0.002334
0.005181
-0.000963
0.001471
0.003618
-0.003901
0.001435
0.001720
0.007516
-0.000733
0.001828
0.004773
-0.000068
0.005797
0.005591
-0.002232
0.004670
0.004170
0.008825
-0.003000
-0.002556
0.003978
0.003994
-0.002837
0.001645
0.005455
-0.002879
-0.000105
0.005776
0.002969
0.005116
0.000389
0.001029
0.000159
-0.000574
-0.004415
0.005122
0.002702
0.000843
-0.000453
0.003096
-0.003217
0.001548
0.001193
0.000533
0.001747
0.002595
0.001749
0.000752
0.002535
0.003434
-0.000898
-0.004095
0.003654
0.004123
0.006618
0.002725
-0.006720
-0.003111
-0.000221
0.002677
0.000903
0.001734
0.003402
0.001103
0.001115
-0.003369
0.000062
-0.001696
0.003655
-0.000259
0.003309
0.002190
0.002033
-0.001989
-0.003052
-0.004225
0.000975
-0.000156
0.006242
-0.003444
0.003695
0.002055
-0.003989
0.000663
0.001092
0.007674
0.000753
-0.002402
0.000927
0.000519
-0.001098
-0.001308
-0.002961
0.001764
0.004502
0.003658
-0.002320
0.004220
0.003049
-0.000209
-0.000563
0.004756
0.007031
-0.000762
0.002704
-0.000394
0.001519
-0.000804
-0.002484
0.005324
-0.001034
0.002787
0.006044
-0.003115
-0.002395
-0.001469
0.000240
-0.001606
0.003578
0.000526
-0.000866
0.000429
0.000037
0.008977
-0.002129
0.002842
0.004065
-0.001302
0.004004
0.003661
0.000904
-0.001220
0.002985
0.001925
-0.001691
-0.002195
-0.001655
0.000250
0.003436
0.001606
0.000097
-0.005182
-0.002595
0.001636
0.000524
0.004557
0.002482
-0.000582
0.000317
0.002088
0.001240
0.003095
-0.005796
0.004476
0.000877
0.005954
0.008199
-0.002829
0.001734
-0.001294
-0.004498
0.000373
0.001115
-0.001274
0.003687
0.006650
0.000548
0.004304
-0.000846
0.002932
0.007256
0.001977
0.005513
0.002204
-0.002199
0.006393
0.001707
0.000843
0.000273
0.001030
0.000451
0.004096
-0.000859
0.002341
-0.000268
0.005139
0.002489
-0.007280
-0.002994
-0.004886
0.005279
-0.002303
-0.004155
0.001279
-0.004563
-0.004506
0.001799
0.005057
0.001447
0.001783
0.002331
0.001809
0.002263
0.000454
-0.003512
0.002256
0.002731
-0.007774
0.001671
0.002755
0.001479
0.003649
0.000519
0.004513
0.003941
0.004650
0.000629
0.001345
0.001634
-0.002635
0.000528
0.003460
0.001007
0.008082
0.002290
-0.000462
-0.000841
0.007186
0.002259
0.009726
0.000445
0.000767
0.002628
0.002394
0.008123
-0.000306
0.006423
0.002683
0.001436
-0.002146
0.000612
-0.001400
0.003322
0.008637
0.002479
-0.002904
0.002490
-0.000706
0.000155
-0.000303
-0.002426
0.005627
-0.001485
0.004141
-0.000002
0.002847
-0.001011
0.000195
0.000246
-0.004242
-0.003080
0.003081
0.001871
-0.000855
0.004261
-0.000469
-0.005281
-0.000834
-0.001527
0.000457
-0.000063
0.001900
0.002172
0.001005
-0.000021
0.001093
0.009562
0.001071
-0.004966
-0.001540
0.003910
0.005471
0.002860
0.001087
0.000098
-0.001318
0.002133
0.000314
0.002119
0.001752
-0.000071
0.003760
0.000906
-0.002257
0.000810
0.004760
-0.008026
0.000847
-0.000523
0.002130
0.003537
0.001434
0.000828
0.001269
0.004604
0.004498
0.001051
-0.000963
-0.003430
-0.002094
0.000034
0.000929
0.002747
-0.000568
0.002781
0.001190
-0.002729
0.001836
-0.004690
0.001708
0.003057
-0.002853
-0.001753
0.004243
-0.001433
0.004561
0.006143
-0.000492
-0.001640
0.002788
0.001083
-0.001749
0.002829
0.001458
0.001185
-0.003002
0.001746
-0.003977
0.001171
0.005757
-0.000377
-0.000557
0.000666
-0.001332
-0.001800
-0.003301
0.002640
0.000294
0.001283
0.006209
-0.002389
0.001827
0.007837
-0.002098
0.001114
0.002338
0.002644
-0.003046
0.003697
0.009986
-0.002646
0.003034
0.001726
0.002549
-0.003902
0.000073
0.004988
-0.000372
0.001535
-0.000921
0.005984
0.001192
-0.001754
-0.001426
-0.002271
0.001061
0.004558
0.004077
0.002715
0.002237
0.002614
-0.000361
-0.002094
0.002325
-0.005362
0.002513
0.004635
-0.000051
-0.005569
0.002413
0.004541
-0.001471
0.000317
0.000261
-0.001392
-0.001900
0.000513
-0.004383
0.000670
-0.001703
0.003832
0.002999
0.002723
-0.002531
0.001617
0.004617
0.001782
0.002100
0.002888
0.000798
-0.000149
-0.000571
-0.000782
0.005122
0.002561
-0.000572
0.003668
0.000590
-0.006509
-0.001515
-0.005131
0.007718
0.002795
-0.001803
0.003666
-0.002066
0.004466
-0.000500
-0.000138
0.003498
0.000564
0.000905
0.002542
0.002803
0.002723
-0.002057
-0.006672
0.004356
-0.004625
0.004215
0.001003
-0.001579
0.001834
-0.004968
0.002439
0.002711
0.005900
0.001373
0.003726
0.003240
-0.000639
-0.001124
0.002563
0.001831
0.003144
0.005534
0.001843
0.006694
0.001901
-0.000140
0.003217
0.002034
0.006677
0.003529
-0.007664
0.002554
0.001933
-0.003763
0.001991
-0.001958
-0.000084
-0.000677
0.005517
0.004878
-0.008642
-0.004452
0.006169
0.004302
0.001539
-0.000719
-0.000313
-0.004784
-0.003590
0.004186
0.002246
-0.001887
-0.004708
0.007364
0.001625
-0.001130
0.005020
-0.000800
-0.003787
0.005088
0.004577
0.000734
0.004102
0.002158
0.004118
0.002147
-0.003493
0.000492
-0.004347
0.001167
0.000674
-0.001774
0.004136
0.001767
0.002467
-0.002009
-0.000770
-0.000243
-0.003407
0.003431
-0.000967
-0.000278
0.001267
0.007721
0.000004
0.002281
-0.000792
-0.003738
0.000611
0.004592
0.000155
0.004084
0.005765
-0.006436
0.004175
-0.000670
-0.003307
-0.001383
0.009024
0.002151
0.002492
0.000523
0.002067
0.003505
0.000655
0.002136
0.000172
0.006174
0.009608
0.000697
-0.000367
0.005803
0.004686
0.002526
-0.003562
0.001306
-0.002418
0.001101
0.002532
-0.000432
-0.000260
-0.001782
-0.002029
0.000927
-0.000574
0.004122
-0.000804
0.000814
-0.001814
0.000529
-0.002081
-0.002193
-0.000220
-0.001423
-0.000603
-0.001904
-0.000749
0.001973
0.001731
0.000400
-0.001110
-0.001418
0.003499
-0.002175
-0.005547
0.003702
-0.009968
0.002489
-0.003906
0.007433
0.002112
-0.003403
-0.003323
0.004458
-0.001193
0.006443
-0.000920
0.004076
-0.001027
0.000379
-0.004116
0.005466
-0.000082
0.000754
0.004383
0.001265
0.000415
0.004002
-0.001433
0.002273
0.002727
0.003270
0.003044
-0.005458
-0.000419
0.007829
-0.003726
0.003291
0.002595
0.002142
0.007753
0.000186
-0.004613
0.000303
0.001141
0.000697
0.002487
0.001671
0.001049
0.003433
0.001748
-0.000639
0.003757
0.000257
0.001009
-0.000176
0.000547
0.000534
0.002152
-0.002761
-0.002074
0.008055
0.001585
-0.001089
0.004770
0.002798
0.002998
0.002146
-0.003189
0.000137
-0.001038
0.003325
0.001676
0.001213
0.000452
0.001494
0.001889
-0.002309
-0.001278
-0.000884
0.000662
0.004999
-0.001214
0.004893
-0.000646
-0.002346
0.005381
-0.002350
-0.002011
-0.002000
0.000390
0.004051
0.000763
0.000923
-0.006410
-0.000804
0.000770
-0.003181
0.001051
-0.002642
0.000658
0.003507
0.001334
-0.003560
0.000955
0.003528
-0.000084
-0.000050
0.000987
-0.004050
0.001076
-0.001375
0.003471
0.007243
0.004809
0.000445
-0.001015
0.001429
0.000907
0.005559
-0.000410
-0.002929
0.001790
0.000230
0.001626
-0.000097
0.002831
-0.001242
0.003223
0.000757
0.001909
0.006115
-0.006762
0.001673
0.002882
-0.001587
0.004528
0.001564
0.002891
-0.000234
0.006213
0.000288
-0.001531
-0.002887
0.001061
-0.000854
0.003056
0.002507
0.002701
0.002225
0.003674
0.004273
0.000884
0.000067
-0.003554
0.003058
0.001334
0.001552
0.001904
0.000886
0.006007
-0.003719
0.002581
0.004526
-0.001431
0.000847
0.000072
0.005543
0.004044
0.002402
0.002730
0.001678
-0.000442
0.002317
0.003758
0.003566
0.000703
-0.002702
-0.003421
-0.001289
0.002962
-0.002365
-0.001344
-0.001500
0.002705
0.003446
0.001022
0.001659
0.001961
0.002783
-0.000157
0.006460
-0.001153
0.002231
0.000604
0.006810
-0.000450
-0.003285
0.001378
0.002963
0.001130
-0.001798
-0.001778
0.001516
0.000165
0.000239
-0.002981
0.004596
0.001556
0.001243
-0.003009
-0.002237
0.004792
0.004666
-0.003327
0.001083
0.002461
-0.000387
-0.003594
0.000028
0.002988
0.005468
-0.001752
-0.005436
-0.000958
0.000550
0.001148
0.005170
0.001860
0.001400
-0.004849
0.002082
-0.000387
-0.000062
-0.003893
0.000972
0.001253
0.002077
-0.001767
-0.001818
0.003591
-0.003152
-0.001209
-0.002934
0.005004
0.003173
-0.000361
0.000678
0.003803
-0.000832
0.001238
-0.000122
-0.002961
0.000179
-0.001256
-0.001358
-0.002738
-0.001644
0.000389
-0.000446
0.005125
0.000847
0.001147
-0.001016
0.002964
-0.003369
-0.001654
0.000515
0.000666
-0.004350
0.004094
0.000009
-0.001102
0.004176
-0.000090
-0.002675
0.003174
-0.000509
0.002412
0.004833
-0.001452
-0.001218
0.007222
0.003701
0.003490
-0.000371
0.000894
0.000598
0.003970
-0.000541
0.000118
-0.003357
-0.002196
0.004954
-0.002259
-0.002759
-0.001430
0.000460
-0.007922
0.001461
0.002086
-0.001187
0.003163
-0.000519
-0.002350
0.002795
0.000755
0.008127
0.006530
0.004455
0.004476
-0.001157
-0.005391
-0.001650
0.000754
-0.001241
0.001071
-0.002513
-0.000620
0.001294
-0.000406
0.000671
-0.001987
-0.003438
0.004876
0.000446
-0.000273
-0.002483
-0.001138
0.002958
0.001681
-0.003129
0.000455
-0.001711
0.001548
-0.003882
0.000639
-0.000543
-0.001207
0.000412
0.002139
-0.000812
-0.000065
0.003613
0.001832
0.000512
0.000473
0.003315
0.000494
-0.000891
-0.000484
0.000405
-0.002498
-0.002976
-0.002324
0.000906
0.002097
-0.001914
0.002932
0.000011
0.002163
-0.003831
0.001158
-0.006254
0.004034
0.001373
0.001378
0.008746
0.003290
0.001214
0.000690
-0.001905
-0.004142
-0.002539
0.001709
-0.000492
0.004103
-0.001359
-0.001070
-0.000240
0.001018
0.001652
0.002663
0.001026
0.001351
-0.001663
-0.001905
-0.000490
0.001234
0.002822
-0.002783
-0.000260
0.001130
-0.000181
-0.001478
0.001715
0.001723
0.004621
0.001756
0.000117
0.002342
0.000393
-0.002981
-0.000910
0.001693
-0.003830
0.000467
0.003148
0.003248
0.000694
-0.001313
0.003006
0.002676
0.000616
0.003414
-0.000899
0.001586
-0.002566
0.004249
0.000692
-0.002880
0.000777
-0.001967
-0.002520
0.001557
0.001593
0.003949
0.001307
-0.000674
-0.001678
0.004271
0.000640
0.002794
-0.001163
-0.001233
-0.007073
-0.002027
-0.001935
-0.000147
-0.003674
-0.000563
-0.004135
0.002889
0.000409
-0.004795
-0.000255
0.003437
0.002818
-0.001739
0.002258
-0.003132
-0.002419
-0.003273
-0.000543
0.000550
0.001894
-0.000437
0.001080
-0.000554
0.001744
-0.000122
-0.000468
0.000386
-0.003688
-0.000033
-0.001345
-0.000028
0.000849
-0.000793
-0.004815
0.000396
-0.001335
0.001834
-0.002312
0.002204
0.000964
-0.003135
0.000660
0.001191
-0.001319
-0.003804
0.005218
0.004493
0.000993
-0.002309
-0.000322
0.002345
-0.002462
-0.000331
0.000813
-0.001198
-0.004054
-0.003031
0.002879
0.001407
0.000908
-0.002431
-0.002969
0.000226
-0.002602
0.002174
0.001011
0.000955
-0.000049
-0.000370
0.002308
-0.001630
-0.002910
0.001007
-0.002290
-0.001083
-0.001442
0.000030
-0.003750
-0.001401
0.000222
-0.001617
0.000743
0.002979
-0.002614
0.003975
0.000535
-0.000484
0.002028
-0.003257
0.002018
-0.000754
-0.000796
-0.002956
0.000429
0.000812
-0.000227
-0.000152
0.000018
0.000099
0.000579
-0.002845
-0.001137
0.003296
0.005869
-0.003117
-0.001276
-0.000674
-0.003284
-0.001190
0.001373
-0.000298
0.000761
0.001263
-0.002034
-0.000575
0.000363
-0.002263
-0.002050
-0.001689
-0.000219
0.001135
-0.001545
0.002155
-0.002538
-0.001704
-0.007903
-0.001221
-0.003623
-0.003195
-0.000398
0.001070
0.001988
-0.003874
-0.001487
0.000372
0.003308
0.000689
0.004165
0.002364
0.001526
-0.002095
0.002065
0.000478
-0.003897
-0.000447
-0.001309
-0.000636
-0.002376
-0.000169
0.000047
0.001895
0.002273
0.001460
-0.003705
0.000756
-0.004416
-0.000506
-0.003506
-0.003670
-0.007130
-0.002954
0.000679
0.000436
-0.000442
0.001308
0.000244
0.000629
-0.000010
-0.002951
-0.001018
-0.001073
-0.000862
-0.002965
0.000157
0.003141
-0.002714
-0.001616
0.002246
-0.003789
0.001292
-0.002432
-0.001391
-0.004299
-0.003764
-0.001321
0.000553
-0.005137
-0.001663
-0.006261
0.001105
-0.000387
0.003992
-0.001648
-0.001718
-0.000187
0.006976
0.000106
-0.002182
-0.001883
-0.000617
-0.002174
-0.004058
0.000445
-0.003080
0.001131
-0.001588
-0.000486
-0.000337
0.000044
-0.004009
0.000517
-0.001923
-0.002907
-0.003771
-0.000819
-0.002589
-0.003225
0.001828
-0.001789
-0.000834
-0.001670
-0.003387
-0.000766
0.000918
-0.003224
-0.003600
-0.001513
-0.003290
-0.000222
0.003252
0.004322
0.001506
-0.002181
0.000398
-0.000656
0.001583
0.001634
-0.003393
-0.001728
-0.004568
-0.000457
-0.002818
-0.000339
-0.000220
0.002058
-0.001418
-0.002788
0.000856
-0.001315
0.000027
-0.002446
-0.000654
-0.000904
0.001219
-0.002958
0.003153
-0.003176
0.000701
-0.000103
-0.000826
0.001293
0.001368
0.002863
-0.000417
0.004180
0.002568
0.001884
-0.000102
-0.002019
-0.001714
-0.001825
-0.000209
-0.000452
0.000855
0.003726
0.000148
0.004193
0.002709
0.002554
-0.002507
-0.001612
-0.001312
-0.005365
-0.000909
-0.000011
-0.000773
-0.001201
0.003543
-0.006435
0.003002
-0.000586
-0.002967
-0.003492
-0.002593
-0.001043
0.001090
0.003209
0.005440
0.002985
0.003210
-0.000102
0.002748
0.000341
0.001108
0.002685
-0.000484
-0.004917
0.001021
-0.001806
-0.000658
0.001438
0.001578
-0.000811
0.000609
0.001879
-0.001059
-0.002195
-0.003484
0.001289
0.000651
-0.001409
0.001009
-0.005373
-0.000046
-0.000235
0.000294
0.004061
0.001359
-0.003994
-0.001503
-0.003544
-0.002175
0.002756
-0.006365
0.000646
-0.001550
0.003189
-0.001901
0.000134
0.000432
0.002688
0.001474
-0.004152
-0.002729
-0.001585
0.001792
0.000950
-0.003938
-0.000820
0.001014
0.000301
-0.003878
0.002413
-0.003622
-0.001387
-0.001247
-0.000343
-0.001855
0.003543
0.002662
0.000529
0.003576
-0.001821
-0.001225
-0.003736
-0.001192
-0.000236
-0.003474
-0.002620
0.000476
0.002972
-0.000906
-0.002191
-0.004522
0.003892
-0.002341
-0.000511
-0.001632
-0.001555
0.002541
-0.001958
-0.001032
0.000781
-0.002536
-0.003702
-0.000142
0.003198
-0.001726
0.001770
-0.000007
0.002612
0.002610
-0.000569
-0.000370
0.000618
0.000724
0.000707
-0.001327
0.000067
-0.002984
0.001350
-0.005136
0.003784
-0.001384
0.002586
0.000225
-0.001898
-0.004784
0.000593
0.003140
-0.001922
-0.000638
-0.002104
0.000364
0.000349
0.001586
0.003086
-0.000292
-0.000227
-0.003310
0.000727
0.000418
0.002774
-0.001731
0.003126
-0.001947
-0.003379
-0.000174
-0.000030
0.002821
-0.001250
0.000892
0.000658
0.003992
-0.002499
0.002022
-0.001331
-0.001793
-0.000981
0.004549
-0.002566
0.002744
-0.001124
0.000253
-0.000506
0.001917
-0.000815
0.000937
-0.003292
-0.000471
-0.003287
-0.001247
-0.003428
-0.001859
0.002143
-0.003119
-0.003199
-0.004604
0.000039
0.000031
-0.002194
-0.000067
-0.000909
0.001459
-0.002478
-0.000962
0.001186
-0.000170
0.001071
-0.004079
-0.000850
-0.002694
-0.000430
-0.001681
-0.004107
0.002668
-0.000797
-0.000650
0.003049
-0.003371
-0.001747
0.000152
-0.001855
-0.002296
0.000967
-0.000110
0.000129
-0.003643
0.000018
0.000296
-0.002720
0.003557
-0.004217
0.002826
-0.004112
0.000322
-0.002286
-0.000702
-0.001425
0.000486
-0.002129
-0.001021
0.002083
0.000875
0.001702
-0.003350
-0.000162
-0.005670
-0.002751
-0.002513
-0.000910
0.001125
-0.000638
-0.003357
0.002006
-0.001865
0.003697
-0.003805
-0.002940
-0.005205
0.000729
-0.000423
-0.003078
-0.002754
-0.001839
0.000228
0.002683
-0.000104
-0.000095
-0.003060
-0.002122
0.002952
-0.004706
0.003080
0.000660
0.000764
-0.002223
-0.000313
-0.002906
0.001265
-0.001039
-0.000736
-0.002707
0.003236
0.002440
-0.000438
0.001287
0.005137
-0.003105
0.001915
-0.000856
-0.003583
-0.000791
-0.000422
-0.004849
-0.003369
-0.000453
0.000084
-0.004254
-0.001721
-0.000589
0.001310
-0.001895
-0.000324
0.000009
0.001436
0.000221
-0.001793
0.000460
-0.000476
-0.000999
-0.001481
-0.003516
-0.000204
0.000473
-0.000913
0.003395
0.003092
-0.000245
-0.000192
0.001831
0.001044
-0.002299
-0.000152
-0.000567
0.000700
0.001019
0.000003
-0.001227
-0.000178
-0.000788
-0.002026
0.000283
-0.001651
-0.002083
-0.000967
-0.001899
-0.002224
-0.000124
0.002526
-0.001106
-0.000233
0.000027
0.002099
-0.001093
0.000910
-0.000272
0.002374
0.001388
-0.000775
-0.001339
0.001763
-0.001704
-0.000160
0.004077
0.002292
-0.002799
-0.003552
0.001402
-0.001160
0.000118
-0.004398
-0.004219
-0.003250
-0.004531
0.000320
-0.000305
-0.001641
-0.002920
-0.001256
-0.000361
-0.000933
0.000631
0.002898
0.000895
-0.001788
0.000732
-0.000952
-0.000626
-0.000460
-0.001251
0.000754
-0.000580
0.001137
-0.002324
0.000146
-0.000921
-0.001072
0.000822
0.001254
0.002743
0.000413
0.000506
-0.001621
0.006121
-0.000667
0.003694
0.001581
-0.004992
-0.001190
-0.003276
-0.002577
-0.002702
-0.002329
-0.003525
0.001907
-0.001828
-0.000791
0.002465
-0.002103
0.001076
-0.003066
-0.002676
-0.000245
0.000671
0.000243
0.001141
0.000706
-0.000975
0.002404
0.002937
-0.002222
-0.004716
0.001270
0.001173
-0.000293
0.000115
0.001683
-0.001565
-0.000342
-0.001716
0.001890
-0.000812
0.001479
-0.002359
-0.001549
0.000518
0.000932
0.002211
-0.001443
0.000864
-0.004552
-0.004224
-0.002215
-0.000874
0.001043
-0.002974
0.002578
-0.000966
0.000971
0.000070
-0.000449
0.001519
0.000806
-0.000134
0.001857
0.003504
-0.001820
-0.000029
-0.002139
-0.001187
-0.003831
-0.000655
-0.000644
-0.000662
0.000039
0.000997
-0.002625
0.003165
0.001931


