M_loss: 8, M_sym: 4300.0, M_power: 9000, M_bandwidth: 22.3872113856834
0.024390
0.019473
0.024726
0.022573
0.024244
0.023244
0.022981
0.018922
0.017234
0.016406
0.014689
0.016297
0.013148
0.016604
0.013334
0.011392
0.013590
0.014195
0.014923
0.013785
0.014802
0.015278
0.015192
0.015214
0.013913
0.015168
0.016053
0.017468
0.016778
0.016433
0.016836
0.017069
0.015819
0.016342
0.016374
0.016977
0.019186
0.018439
0.018061
0.019083
0.019204
0.017160
0.017441
0.018265
0.022107
0.019281
0.018874
0.019798
0.019522
0.020488
0.019558
0.017894
0.020895
0.020580
0.019674
0.023477
0.023526
0.023531
0.023320
0.021449
0.022371
0.023037
0.020747
0.023796
0.020419
0.023404
0.022033
0.023580
0.024474
0.023631
0.024053
0.024563
0.026007
0.027005
0.026285
0.024465
0.025369
0.025222
0.027897
0.028224
0.028154
0.027542
0.026323
0.029004
0.027814
0.025356
0.027283
0.024931
0.026943
0.027636
0.030097
0.029129
0.031367
0.029735
0.032903
0.031361
0.030984
0.030591
0.030898
0.032665
0.030633
0.031190
0.029973
0.032998
0.032661
0.033113
0.031380
0.033012
0.033544
0.034039
0.034078
0.032946
0.034656
0.034937
0.035862
0.032535
0.036058
0.033171
0.035605
0.036535
0.039542
0.036241
0.038245
0.038361
0.038234
0.038135
0.037013
0.036930
0.036409
0.037670
0.037008
0.040489
0.039808
0.038718
0.039144
0.039572
0.041461
0.040800
0.041163
0.042133
0.040002
0.042128
0.042438
0.042969
0.042500
0.044416
0.042449
0.044202
0.044117
0.042475
0.045581
0.042422
0.044094
0.042821
0.042810
0.044913
0.044717
0.047372
0.046074
0.046023
0.048855
0.048209
0.048980
0.049488
0.048149
0.048020
0.049331
0.046730
0.047301
0.046966
0.047306
0.045044
0.048553
0.048977
0.051017
0.051600
0.052246
0.052407
0.053963
0.052628
0.054065
0.052922
0.050314
0.052457
0.050454
0.050621
0.053365
0.054188
0.054165
0.054170
0.054909
0.056120
0.056589
0.054446
0.054795
0.053093
0.056365
0.055896
0.054677
0.057420
0.057061
0.056820
0.057099
0.058136
0.058895
0.059920
0.058890
0.059622
0.061286
0.059339
0.058880
0.058185
0.058871
0.060413
0.060728
0.059187
0.060303
0.061070
0.060718
0.063462
0.060131
0.066038
0.062302
0.066066
0.063906
0.062931
0.063164
0.064090
0.062284
0.064065
0.064897
0.064488
0.066671
0.066231
0.066830
0.064174
0.065790
0.064827
0.066068
0.067139
0.067145
0.067729
0.066640
0.068666
0.071044
0.069953
0.068716
0.070016
0.068937
0.070419
0.069445
0.067492
0.068180
0.068783
0.069569
0.072215
0.070531
0.071231
0.072895
0.070447
0.072351
0.072025
0.073301
0.074290
0.072994
0.072199
0.075711
0.073269
0.074026
0.075124
0.073339
0.073012
0.073093
0.075328
0.073108
0.074285
0.076240
0.074570
0.076528
0.077062
0.076472
0.076496
0.079535
0.075638
0.077623
0.077433
0.079657
0.076976
0.079220
0.079763
0.075917
0.079236
0.078550
0.078766
0.077113
0.078535
0.078925
0.081630
0.078405
0.081815
0.080370
0.077725
0.081656
0.078986
0.082203
0.080626
0.081677
0.081586
0.082572
0.081978
0.085402
0.081627
0.083197
0.081791
0.078869
0.083511
0.082962
0.083170
0.081878
0.082186
0.081903
0.082981
0.084980
0.085406
0.086756
0.085023
0.085154
0.085449
0.085122
0.083315
0.083848
0.083868
0.085226
0.085841
0.083575
0.088638
0.083961
0.086996
0.084132
0.086604
0.088199
0.087616
0.085364
0.085853
0.085713
0.086532
0.087859
0.087533
0.086994
0.086653
0.088889
0.085778
0.090049
0.085629
0.086787
0.086825
0.088029
0.086222
0.090138
0.086913
0.090158
0.086706
0.087116
0.089785
0.086730
0.089904
0.088161
0.091197
0.088576
0.087483
0.086341
0.090270
0.088352
0.089694
0.087435
0.090061
0.089776
0.088191
0.088880
0.088311
0.088922
0.087609
0.087964
0.088231
0.089797
0.091437
0.090767
0.088044
0.088766
0.089946
0.088904
0.090680
0.089233
0.090003
0.090321
0.087701
0.088174
0.085958
0.088496
0.087122
0.087420
0.090743
0.090096
0.087641
0.090854
0.088251
0.089703
0.090544
0.088337
0.089421
0.089460
0.089046
0.085781
0.087119
0.084928
0.086745
0.087231
0.089692
0.088651
0.090359
0.089562
0.089681
0.085269
0.086950
0.086328
0.085802
0.088039
0.087553
0.087980
0.089774
0.086985
0.086629
0.084262
0.085258
0.087576
0.084293
0.085154
0.085479
0.088147
0.085861
0.085448
0.086087
0.085567
0.083534
0.086008
0.085291
0.084357
0.083073
0.085020
0.082083
0.085323
0.084595
0.085335
0.084335
0.082286
0.081244
0.079238
0.082928
0.081839
0.081187
0.083128
0.079201
0.083139
0.082411
0.081494
0.080522
0.079831
0.079397
0.081860
0.082530
0.082578
0.077579
0.079450
0.077683
0.077990
0.077531
0.078755
0.078672
0.080673
0.077225
0.078151
0.077726
0.075741
0.076918
0.073487
0.075221
0.073443
0.072456
0.071971
0.072127
0.074570
0.072198
0.071806
0.072608
0.074237
0.074903
0.075019
0.074429
0.071538
0.074956
0.070282
0.071151
0.074554
0.070810
0.072321
0.071137
0.072012
0.070424
0.068005
0.066882
0.065092
0.066512
0.067066
0.065888
0.065852
0.068140
0.066917
0.065885
0.066137
0.064367
0.062437
0.064332
0.060704
0.062342
0.060790
0.058256
0.055912
0.060178
0.061220
0.063606
0.059625
0.061097
0.059229
0.059128
0.058470
0.056031
0.054760
0.055592
0.054335
0.055273
0.054653
0.055725
0.052347
0.052204
0.050437
0.051858
0.053634
0.051467
0.049951
0.049893
0.050396
0.051776
0.048731
0.048624
0.048690
0.047346
0.045173
0.048292
0.048739
0.046321
0.044281
0.046332
0.043895
0.044587
0.044130
0.041475
0.040383
0.042246
0.040347
0.037899
0.039927
0.041152
0.037130
0.041445
0.036164
0.036572
0.038359
0.035769
0.035655
0.036307
0.032005
0.035618
0.031914
0.032922
0.033062
0.031721
0.029768
0.027341
0.029151
0.030749
0.029795
0.026335
0.026845
0.027285
0.028008
0.026871
0.025294
0.022959
0.022032
0.024679
0.020595
0.024554
0.018274
0.016815
0.016835
0.016759
0.018094
0.018888
0.017580
0.015853
0.016252
0.018206
0.015988
0.013523
0.010230
0.011208
0.008101
0.010913
0.006706
0.008514
0.010232
0.007590
0.009801
0.004115
0.006959
0.005120
0.003848
0.000423
0.004431
0.000984
0.000556
-0.000805
0.001430
-0.002034
-0.000259
-0.004569
-0.002959
-0.004082
-0.004142
-0.005484
-0.008527
-0.008016
-0.008983
-0.007681
-0.009767
-0.009870
-0.010925
-0.009219
-0.013903
-0.014210
-0.011867
-0.015548
-0.019095
-0.017336
-0.019208
-0.015714
-0.018015
-0.019016
-0.021946
-0.019163
-0.022143
-0.025692
-0.020989
-0.026875
-0.022050
-0.028452
-0.029361
-0.027718
-0.029324
-0.029194
-0.028722
-0.027997
-0.032600
-0.029645
-0.036806
-0.032909
-0.039166
-0.036366
-0.036892
-0.039989
-0.038479
-0.038835
-0.038482
-0.039914
-0.042487
-0.042834
-0.044611
-0.046667
-0.045458
-0.046773
-0.047280
-0.045519
-0.052227
-0.047858
-0.050503
-0.048572
-0.054374
-0.053445
-0.054383
-0.054942
-0.056431
-0.054696
-0.057580
-0.058305
-0.062472
-0.061798
-0.059762
-0.060408
-0.063404
-0.064906
-0.063865
-0.063434
-0.067285
-0.069352
-0.067049
-0.068508
-0.068141
-0.072047
-0.070011
-0.071455
-0.073358
-0.075688
-0.077457
-0.074713
-0.077383
-0.080318
-0.078111
-0.078388
-0.082281
-0.079185
-0.083589
-0.081419
-0.085327
-0.082953
-0.088012
-0.086251
-0.088427
-0.088449
-0.090380
-0.090513
-0.091863
-0.092495
-0.093584
-0.093547
-0.094324
-0.097340
-0.096597
-0.095954
-0.097191
-0.098446
-0.101074
-0.098297
-0.103827
-0.104397
-0.104481
-0.105619
-0.104761
-0.105923
-0.110157
-0.107316
-0.108556
-0.110614
-0.110167
-0.111437
-0.113776
-0.113444
-0.113965
-0.115649
-0.115766
-0.118554
-0.118829
-0.120179
-0.119570
-0.115362
-0.121176
-0.123799
-0.124624
-0.124450
-0.125660
-0.126997
-0.127336
-0.127445
-0.129701
-0.129287
-0.130534
-0.129503
-0.132490
-0.132199
-0.137117
-0.135430
-0.133952
-0.137279
-0.137531
-0.135973
-0.137346
-0.140804
-0.141037
-0.143445
-0.140875
-0.145129
-0.141447
-0.147457
-0.147359
-0.145993
-0.147336
-0.148663
-0.149094
-0.150391
-0.149890
-0.151338
-0.152575
-0.157467
-0.153149
-0.155019
-0.154810
-0.157114
-0.155695
-0.161396
-0.159308
-0.157253
-0.160522
-0.161284
-0.163196
-0.163449
-0.165303
-0.166228
-0.165869
-0.169755
-0.169338
-0.163972
-0.166646
-0.170185
-0.169994
-0.173145
-0.169669
-0.176988
-0.169960
-0.177612
-0.176445
-0.176138
-0.178075
-0.176311
-0.173891
-0.182417
-0.179526
-0.180875
-0.180278
-0.183779
-0.184100
-0.181310
-0.184589
-0.183145
-0.186645
-0.187614
-0.189869
-0.188617
-0.191692
-0.186594
-0.189725
-0.190828
-0.192452
-0.193385
-0.190260
-0.192968
-0.196251
-0.196757
-0.199089
-0.196756
-0.195916
-0.194414
-0.203239
-0.196756
-0.204441
-0.197747
-0.203107
-0.198861
-0.201890
-0.201106
-0.204087
-0.207433
-0.206163
-0.207113
-0.206179
-0.208130
-0.206366
-0.207538
-0.207770
-0.211930
-0.207069
-0.213964
-0.214353
-0.213204
-0.215413
-0.206850
-0.211568
-0.216933
-0.212760
-0.213675
-0.213415
-0.219388
-0.222262
-0.218226
-0.219002
-0.218189
-0.219229
-0.219047
-0.217949
-0.219968
-0.221601
-0.222717
-0.228586
-0.220964
-0.222795
-0.222145
-0.223547
-0.225971
-0.223332
-0.225888
-0.228460
-0.228761
-0.228626
-0.228186
-0.227759
-0.229559
-0.225392
-0.229343
-0.232954
-0.232322
-0.227216
-0.230113
-0.232729
-0.230790
-0.230713
-0.238119
-0.233097
-0.234522
-0.236159
-0.233532
-0.234449
-0.233086
-0.234388
-0.237570
-0.234120
-0.238832
-0.239243
-0.237693
-0.238555
-0.237729
-0.234426
-0.235931
-0.236644
-0.241655
-0.239632
-0.239386
-0.244138
-0.236564
-0.243348
-0.241584
-0.242482
-0.238555
-0.237086
-0.239952
-0.242439
-0.243698
-0.244025
-0.241110
-0.241532
-0.242584
-0.244676
-0.244359
-0.243836
-0.241727
-0.243653
-0.247236
-0.243801
-0.247052
-0.241076
-0.243287
-0.244623
-0.243540
-0.243994
-0.244430
-0.245798
-0.245497
-0.243439
-0.242728
-0.242893
-0.241678
-0.244131
-0.247755
-0.245161
-0.246395
-0.244058
-0.248005
-0.244959
-0.245872
-0.244832
-0.245748
-0.249026
-0.247162
-0.242745
-0.241826
-0.245966
-0.247659
-0.243181
-0.244498
-0.242752
-0.246719
-0.245625
-0.246647
-0.238245
-0.247272
-0.244861
-0.244243
-0.244493
-0.244887
-0.244257
-0.241544
-0.239993
-0.242902
-0.241085
-0.238497
-0.244398
-0.243173
-0.246288
-0.239396
-0.238610
-0.241689
-0.241313
-0.238663
-0.241743
-0.237860
-0.240474
-0.240043
-0.240692
-0.239441
-0.238289
-0.238124
-0.238053
-0.235183
-0.232146
-0.236668
-0.233497
-0.237156
-0.239242
-0.234381
-0.239989
-0.232783
-0.232910
-0.230634
-0.233526
-0.234815
-0.230177
-0.231719
-0.233040
-0.233305
-0.232810
-0.230412
-0.228710
-0.229406
-0.231614
-0.227739
-0.222561
-0.223676
-0.233478
-0.222670
-0.223748
-0.222936
-0.218833
-0.225472
-0.225562
-0.231055
-0.223535
-0.219956
-0.220125
-0.219732
-0.215295
-0.219247
-0.215929
-0.214059
-0.215730
-0.216642
-0.218672
-0.218134
-0.211893
-0.208502
-0.213196
-0.213409
-0.209602
-0.204302
-0.212199
-0.211232
-0.207351
-0.213261
-0.202306
-0.204685
-0.201644
-0.204445
-0.197362
-0.205112
-0.199985
-0.194251
-0.201617
-0.199828
-0.203203
-0.195500
-0.197363
-0.191787
-0.193004
-0.195212
-0.190305
-0.188575
-0.184096
-0.191641
-0.191092
-0.185635
-0.187326
-0.183364
-0.186085
-0.180990
-0.183507
-0.184078
-0.181234
-0.178791
-0.176798
-0.174038
-0.175601
-0.179080
-0.169183
-0.171248
-0.171663
-0.169236
-0.168777
-0.167643
-0.171754
-0.162465
-0.164518
-0.166468
-0.159635
-0.159106
-0.163131
-0.160286
-0.160430
-0.156306
-0.149622
-0.148556
-0.152648
-0.154530
-0.146946
-0.150334
-0.149839
-0.147710
-0.141650
-0.145769
-0.145865
-0.142198
-0.137259
-0.135430
-0.138662
-0.136446
-0.131070
-0.132331
-0.133360
-0.131131
-0.128690
-0.129554
-0.124662
-0.126917
-0.122872
-0.119771
-0.124008
-0.119131
-0.116332
-0.117286
-0.108048
-0.112908
-0.111638
-0.110779
-0.108814
-0.106516
-0.108350
-0.106918
-0.102910
-0.103631
-0.092280
-0.095720
-0.092985
-0.095916
-0.093325
-0.094111
-0.089185
-0.090795
-0.086334
-0.081430
-0.085401
-0.082959
-0.077625
-0.075334
-0.076198
-0.071905
-0.071983
-0.074891
-0.077240
-0.070570
-0.059805
-0.066372
-0.061312
-0.062028
-0.054988
-0.054764
-0.061243
-0.053206
-0.055009
-0.050175
-0.047723
-0.047621
-0.043384
-0.041338
-0.042537
-0.044486
-0.034059
-0.037561
-0.034129
-0.033612
-0.028468
-0.029694
-0.026319
-0.028786
-0.017572
-0.018616
-0.017861
-0.015823
-0.014017
-0.016385
-0.008813
-0.011259
-0.008076
-0.005804
0.002178
-0.004302
0.000125
-0.001351
0.006010
0.009782
0.004069
0.010839
0.012115
0.018634
0.023020
0.016704
0.017401
0.022881
0.023944
0.022364
0.033341
0.032185
0.034399
0.037558
0.037485
0.039669
0.039749
0.045885
0.044531
0.051124
0.050008
0.050289
0.052288
0.058589
0.057595
0.061455
0.062619
0.064909
0.072964
0.069761
0.071378
0.078162
0.073142
0.079090
0.078255
0.086660
0.085151
0.092347
0.090928
0.088011
0.096868
0.092139
0.098617
0.098854
0.106366
0.107190
0.107589
0.107594
0.118034
0.116887
0.123991
0.114521
0.120569
0.120771
0.132984
0.129238
0.127922
0.136035
0.135708
0.137755
0.138182
0.143719
0.150091
0.147712
0.149887
0.149601
0.155523
0.158959
0.163253
0.165839
0.166073
0.165931
0.168229
0.170062
0.170590
0.176082
0.179733
0.187395
0.184799
0.180906
0.195013
0.193240
0.196161
0.193721
0.197065
0.202651
0.201509
0.207955
0.208845
0.211583
0.214994
0.222394
0.215120
0.223640
0.224161
0.218611
0.232177
0.231046
0.236547
0.236322
0.242003
0.241133
0.243643
0.244974
0.247201
0.249575
0.259707
0.255020
0.256935
0.259859
0.270024
0.268284
0.271316
0.274934
0.270122
0.279609
0.276666
0.283305
0.284736
0.290054
0.287868
0.296436
0.290239
0.298447
0.296919
0.304591
0.305885
0.308580
0.312233
0.315458
0.313756
0.314501
0.325124
0.329062
0.318452
0.339841
0.325559
0.330831
0.338441
0.338310
0.343524
0.345734
0.350658
0.345579
0.351455
0.351837
0.355841
0.358611
0.369958
0.366691
0.369461
0.361849
0.375283
0.385041
0.380697
0.378915
0.382710
0.383958
0.390804
0.386056
0.397448
0.399533
0.399732
0.398364
0.408179
0.400957
0.416228
0.414721
0.419189
0.412261
0.419714
0.425932
0.424018
0.427179
0.432611
0.436165
0.437024
0.444087
0.439389
0.435549
0.446801
0.449917
0.453085
0.456036
0.452659
0.467620
0.466474
0.462638
0.468309
0.465864
0.470640
0.478511
0.473404
0.484737
0.488259
0.482448
0.487847
0.493285
0.492545
0.497351
0.494559
0.503157
0.505373
0.507435
0.511619
0.514138
0.506195
0.518447
0.517927
0.514026
0.525573
0.528265
0.527821
0.536400
0.543310
0.538368
0.532899
0.546853
0.549466
0.544705
0.545687
0.546266
0.555248
0.560921
0.554282
0.569927
0.570635
0.569488
0.567144
0.574751
0.572069
0.575668
0.584413
0.586055
0.586537
0.587017
0.580242
0.590576
0.597916
0.604675
0.594952
0.603651
0.606684
0.608396
0.606819
0.616700
0.610161
0.620543
0.625859
0.618254
0.625376
0.627892
0.625542
0.628633
0.638853
0.642242
0.633250
0.644990
0.639184
0.644253
0.650563
0.655909
0.651925
0.656718
0.659160
0.665340
0.661690
0.659833
0.665128
0.668176
0.670922
0.675166
0.678727
0.682070
0.673049
0.690448
0.685102
0.690444
0.689289
0.691090
0.700345
0.700240
0.697435
0.704983
0.700443
0.709653
0.706786
0.702476
0.722123
0.710904
0.718553
0.715229
0.729517
0.715105
0.731140
0.729918
0.724070
0.733412
0.741391
0.737105
0.744500
0.738551
0.744724
0.740463
0.745252
0.755246
0.750864
0.757722
0.755082
0.762269
0.755854
0.760395
0.766350
0.766994
0.765037
0.773645
0.774488
0.773228
0.781813
0.778428
0.778971
0.776434
0.785486
0.788824
0.788845
0.791490
0.796509
0.789130
0.797517
0.799690
0.802350
0.801201
0.799127
0.802181
0.808041
0.804429
0.808724
0.825812
0.811943
0.829532
0.817903
0.817948
0.816268
0.820528
0.828504
0.827327
0.833756
0.831586
0.833803
0.826344
0.840822
0.837694
0.840609
0.836078
0.845408
0.850150
0.852724
0.852010
0.842163
0.844755
0.850106
0.857770
0.861446
0.857774
0.865370
0.862125
0.862487
0.865445
0.866059
0.859899
0.869969
0.879320
0.871479
0.869986
0.869247
0.870266
0.891603
0.884353
0.882581
0.882246
0.881870
0.885276
0.885947
0.889541
0.891662
0.894285
0.893532
0.896638
0.891960
0.888204
0.897704
0.901426
0.911242
0.898050
0.900573
0.902669
0.916216
0.905571
0.902807
0.912845
0.922823
0.911998
0.902041
0.909750
0.912658
0.919659
0.930047
0.917870
0.917016
0.932537
0.916317
0.923011
0.925502
0.928791
0.926821
0.929955
0.935601
0.910176
0.938302
0.943631
0.925197
0.934116
0.938795
0.937865
0.945106
0.938728
0.945353
0.942697
0.936593
0.923755
0.958402
0.941919
0.943436
0.950810
0.941339
0.945483
0.950656
0.951995
0.958073
0.947095
0.951448
0.955767
0.959588
0.944059
0.952882
0.959178
0.951628
0.962149
0.959994
0.962248
0.961706
0.957301
0.957382
0.964865
0.963051
0.953369
0.964690
0.965371
0.960370
0.972290
0.970801
0.967178
0.956248
0.957861
0.976794
0.972819
0.975871
0.968624
0.962215
0.971184
0.965333
0.972297
0.979662
0.976283
0.967284
0.967566
0.973511
0.971471
0.972478
0.977230
0.975303
0.975887
0.977121
0.980244
0.972720
0.973535
0.976358
0.974080
0.974252
0.978057
0.984900
0.974827
0.973087
0.977107
0.984165
0.976220
0.974484
0.993249
0.969724
0.970291
0.975886
0.982522
0.984657
0.971885
0.979311
0.982679
0.976188
0.982679
0.979311
0.971885
0.984657
0.982522
0.975886
0.970291
0.969724
0.993249
0.974484
0.976220
0.984165
0.977107
0.973087
0.974827
0.984900
0.978057
0.974252
0.974080
0.976358
0.973535
0.972720
0.980244
0.977121
0.975887
0.975303
0.977230
0.972478
0.971471
0.973511
0.967566
0.967284
0.976283
0.979662
0.972297
0.965333
0.971184
0.962215
0.968624
0.975871
0.972819
0.976794
0.957861
0.956248
0.967178
0.970801
0.972290
0.960370
0.965371
0.964690
0.953369
0.963051
0.964865
0.957382
0.957301
0.961706
0.962248
0.959994
0.962149
0.951628
0.959178
0.952882
0.944059
0.959588
0.955767
0.951448
0.947095
0.958073
0.951995
0.950656
0.945483
0.941339
0.950810
0.943436
0.941919
0.958402
0.923755
0.936593
0.942697
0.945353
0.938728
0.945106
0.937865
0.938795
0.934116
0.925197
0.943631
0.938302
0.910176
0.935601
0.929955
0.926821
0.928791
0.925502
0.923011
0.916317
0.932537
0.917016
0.917870
0.930047
0.919659
0.912658
0.909750
0.902041
0.911998
0.922823
0.912845
0.902807
0.905571
0.916216
0.902669
0.900573
0.898050
0.911242
0.901426
0.897704
0.888204
0.891960
0.896638
0.893532
0.894285
0.891662
0.889541
0.885947
0.885276
0.881870
0.882246
0.882581
0.884353
0.891603
0.870266
0.869247
0.869986
0.871479
0.879320
0.869969
0.859899
0.866059
0.865445
0.862487
0.862125
0.865370
0.857774
0.861446
0.857770
0.850106
0.844755
0.842163
0.852010
0.852724
0.850150
0.845408
0.836078
0.840609
0.837694
0.840822
0.826344
0.833803
0.831586
0.833756
0.827327
0.828504
0.820528
0.816268
0.817948
0.817903
0.829532
0.811943
0.825812
0.808724
0.804429
0.808041
0.802181
0.799127
0.801201
0.802350
0.799690
0.797517
0.789130
0.796509
0.791490
0.788845
0.788824
0.785486
0.776434
0.778971
0.778428
0.781813
0.773228
0.774488
0.773645
0.765037
0.766994
0.766350
0.760395
0.755854
0.762269
0.755082
0.757722
0.750864
0.755246
0.745252
0.740463
0.744724
0.738551
0.744500
0.737105
0.741391
0.733412
0.724070
0.729918
0.731140
0.715105
0.729517
0.715229
0.718553
0.710904
0.722123
0.702476
0.706786
0.709653
0.700443
0.704983
0.697435
0.700240
0.700345
0.691090
0.689289
0.690444
0.685102
0.690448
0.673049
0.682070
0.678727
0.675166
0.670922
0.668176
0.665128
0.659833
0.661690
0.665340
0.659160
0.656718
0.651925
0.655909
0.650563
0.644253
0.639184
0.644990
0.633250
0.642242
0.638853
0.628633
0.625542
0.627892
0.625376
0.618254
0.625859
0.620543
0.610161
0.616700
0.606819
0.608396
0.606684
0.603651
0.594952
0.604675
0.597916
0.590576
0.580242
0.587017
0.586537
0.586055
0.584413
0.575668
0.572069
0.574751
0.567144
0.569488
0.570635
0.569927
0.554282
0.560921
0.555248
0.546266
0.545687
0.544705
0.549466
0.546853
0.532899
0.538368
0.543310
0.536400
0.527821
0.528265
0.525573
0.514026
0.517927
0.518447
0.506195
0.514138
0.511619
0.507435
0.505373
0.503157
0.494559
0.497351
0.492545
0.493285
0.487847
0.482448
0.488259
0.484737
0.473404
0.478511
0.470640
0.465864
0.468309
0.462638
0.466474
0.467620
0.452659
0.456036
0.453085
0.449917
0.446801
0.435549
0.439389
0.444087
0.437024
0.436165
0.432611
0.427179
0.424018
0.425932
0.419714
0.412261
0.419189
0.414721
0.416228
0.400957
0.408179
0.398364
0.399732
0.399533
0.397448
0.386056
0.390804
0.383958
0.382710
0.378915
0.380697
0.385041
0.375283
0.361849
0.369461
0.366691
0.369958
0.358611
0.355841
0.351837
0.351455
0.345579
0.350658
0.345734
0.343524
0.338310
0.338441
0.330831
0.325559
0.339841
0.318452
0.329062
0.325124
0.314501
0.313756
0.315458
0.312233
0.308580
0.305885
0.304591
0.296919
0.298447
0.290239
0.296436
0.287868
0.290054
0.284736
0.283305
0.276666
0.279609
0.270122
0.274934
0.271316
0.268284
0.270024
0.259859
0.256935
0.255020
0.259707
0.249575
0.247201
0.244974
0.243643
0.241133
0.242003
0.236322
0.236547
0.231046
0.232177
0.218611
0.224161
0.223640
0.215120
0.222394
0.214994
0.211583
0.208845
0.207955
0.201509
0.202651
0.197065
0.193721
0.196161
0.193240
0.195013
0.180906
0.184799
0.187395
0.179733
0.176082
0.170590
0.170062
0.168229
0.165931
0.166073
0.165839
0.163253
0.158959
0.155523
0.149601
0.149887
0.147712
0.150091
0.143719
0.138182
0.137755
0.135708
0.136035
0.127922
0.129238
0.132984
0.120771
0.120569
0.114521
0.123991
0.116887
0.118034
0.107594
0.107589
0.107190
0.106366
0.098854
0.098617
0.092139
0.096868
0.088011
0.090928
0.092347
0.085151
0.086660
0.078255
0.079090
0.073142
0.078162
0.071378
0.069761
0.072964
0.064909
0.062619
0.061455
0.057595
0.058589
0.052288
0.050289
0.050008
0.051124
0.044531
0.045885
0.039749
0.039669
0.037485
0.037558
0.034399
0.032185
0.033341
0.022364
0.023944
0.022881
0.017401
0.016704
0.023020
0.018634
0.012115
0.010839
0.004069
0.009782
0.006010
-0.001351
0.000125
-0.004302
0.002178
-0.005804
-0.008076
-0.011259
-0.008813
-0.016385
-0.014017
-0.015823
-0.017861
-0.018616
-0.017572
-0.028786
-0.026319
-0.029694
-0.028468
-0.033612
-0.034129
-0.037561
-0.034059
-0.044486
-0.042537
-0.041338
-0.043384
-0.047621
-0.047723
-0.050175
-0.055009
-0.053206
-0.061243
-0.054764
-0.054988
-0.062028
-0.061312
-0.066372
-0.059805
-0.070570
-0.077240
-0.074891
-0.071983
-0.071905
-0.076198
-0.075334
-0.077625
-0.082959
-0.085401
-0.081430
-0.086334
-0.090795
-0.089185
-0.094111
-0.093325
-0.095916
-0.092985
-0.095720
-0.092280
-0.103631
-0.102910
-0.106918
-0.108350
-0.106516
-0.108814
-0.110779
-0.111638
-0.112908
-0.108048
-0.117286
-0.116332
-0.119131
-0.124008
-0.119771
-0.122872
-0.126917
-0.124662
-0.129554
-0.128690
-0.131131
-0.133360
-0.132331
-0.131070
-0.136446
-0.138662
-0.135430
-0.137259
-0.142198
-0.145865
-0.145769
-0.141650
-0.147710
-0.149839
-0.150334
-0.146946
-0.154530
-0.152648
-0.148556
-0.149622
-0.156306
-0.160430
-0.160286
-0.163131
-0.159106
-0.159635
-0.166468
-0.164518
-0.162465
-0.171754
-0.167643
-0.168777
-0.169236
-0.171663
-0.171248
-0.169183
-0.179080
-0.175601
-0.174038
-0.176798
-0.178791
-0.181234
-0.184078
-0.183507
-0.180990
-0.186085
-0.183364
-0.187326
-0.185635
-0.191092
-0.191641
-0.184096
-0.188575
-0.190305
-0.195212
-0.193004
-0.191787
-0.197363
-0.195500
-0.203203
-0.199828
-0.201617
-0.194251
-0.199985
-0.205112
-0.197362
-0.204445
-0.201644
-0.204685
-0.202306
-0.213261
-0.207351
-0.211232
-0.212199
-0.204302
-0.209602
-0.213409
-0.213196
-0.208502
-0.211893
-0.218134
-0.218672
-0.216642
-0.215730
-0.214059
-0.215929
-0.219247
-0.215295
-0.219732
-0.220125
-0.219956
-0.223535
-0.231055
-0.225562
-0.225472
-0.218833
-0.222936
-0.223748
-0.222670
-0.233478
-0.223676
-0.222561
-0.227739
-0.231614
-0.229406
-0.228710
-0.230412
-0.232810
-0.233305
-0.233040
-0.231719
-0.230177
-0.234815
-0.233526
-0.230634
-0.232910
-0.232783
-0.239989
-0.234381
-0.239242
-0.237156
-0.233497
-0.236668
-0.232146
-0.235183
-0.238053
-0.238124
-0.238289
-0.239441
-0.240692
-0.240043
-0.240474
-0.237860
-0.241743
-0.238663
-0.241313
-0.241689
-0.238610
-0.239396
-0.246288
-0.243173
-0.244398
-0.238497
-0.241085
-0.242902
-0.239993
-0.241544
-0.244257
-0.244887
-0.244493
-0.244243
-0.244861
-0.247272
-0.238245
-0.246647
-0.245625
-0.246719
-0.242752
-0.244498
-0.243181
-0.247659
-0.245966
-0.241826
-0.242745
-0.247162
-0.249026
-0.245748
-0.244832
-0.245872
-0.244959
-0.248005
-0.244058
-0.246395
-0.245161
-0.247755
-0.244131
-0.241678
-0.242893
-0.242728
-0.243439
-0.245497
-0.245798
-0.244430
-0.243994
-0.243540
-0.244623
-0.243287
-0.241076
-0.247052
-0.243801
-0.247236
-0.243653
-0.241727
-0.243836
-0.244359
-0.244676
-0.242584
-0.241532
-0.241110
-0.244025
-0.243698
-0.242439
-0.239952
-0.237086
-0.238555
-0.242482
-0.241584
-0.243348
-0.236564
-0.244138
-0.239386
-0.239632
-0.241655
-0.236644
-0.235931
-0.234426
-0.237729
-0.238555
-0.237693
-0.239243
-0.238832
-0.234120
-0.237570
-0.234388
-0.233086
-0.234449
-0.233532
-0.236159
-0.234522
-0.233097
-0.238119
-0.230713
-0.230790
-0.232729
-0.230113
-0.227216
-0.232322
-0.232954
-0.229343
-0.225392
-0.229559
-0.227759
-0.228186
-0.228626
-0.228761
-0.228460
-0.225888
-0.223332
-0.225971
-0.223547
-0.222145
-0.222795
-0.220964
-0.228586
-0.222717
-0.221601
-0.219968
-0.217949
-0.219047
-0.219229
-0.218189
-0.219002
-0.218226
-0.222262
-0.219388
-0.213415
-0.213675
-0.212760
-0.216933
-0.211568
-0.206850
-0.215413
-0.213204
-0.214353
-0.213964
-0.207069
-0.211930
-0.207770
-0.207538
-0.206366
-0.208130
-0.206179
-0.207113
-0.206163
-0.207433
-0.204087
-0.201106
-0.201890
-0.198861
-0.203107
-0.197747
-0.204441
-0.196756
-0.203239
-0.194414
-0.195916
-0.196756
-0.199089
-0.196757
-0.196251
-0.192968
-0.190260
-0.193385
-0.192452
-0.190828
-0.189725
-0.186594
-0.191692
-0.188617
-0.189869
-0.187614
-0.186645
-0.183145
-0.184589
-0.181310
-0.184100
-0.183779
-0.180278
-0.180875
-0.179526
-0.182417
-0.173891
-0.176311
-0.178075
-0.176138
-0.176445
-0.177612
-0.169960
-0.176988
-0.169669
-0.173145
-0.169994
-0.170185
-0.166646
-0.163972
-0.169338
-0.169755
-0.165869
-0.166228
-0.165303
-0.163449
-0.163196
-0.161284
-0.160522
-0.157253
-0.159308
-0.161396
-0.155695
-0.157114
-0.154810
-0.155019
-0.153149
-0.157467
-0.152575
-0.151338
-0.149890
-0.150391
-0.149094
-0.148663
-0.147336
-0.145993
-0.147359
-0.147457
-0.141447
-0.145129
-0.140875
-0.143445
-0.141037
-0.140804
-0.137346
-0.135973
-0.137531
-0.137279
-0.133952
-0.135430
-0.137117
-0.132199
-0.132490
-0.129503
-0.130534
-0.129287
-0.129701
-0.127445
-0.127336
-0.126997
-0.125660
-0.124450
-0.124624
-0.123799
-0.121176
-0.115362
-0.119570
-0.120179
-0.118829
-0.118554
-0.115766
-0.115649
-0.113965
-0.113444
-0.113776
-0.111437
-0.110167
-0.110614
-0.108556
-0.107316
-0.110157
-0.105923
-0.104761
-0.105619
-0.104481
-0.104397
-0.103827
-0.098297
-0.101074
-0.098446
-0.097191
-0.095954
-0.096597
-0.097340
-0.094324
-0.093547
-0.093584
-0.092495
-0.091863
-0.090513
-0.090380
-0.088449
-0.088427
-0.086251
-0.088012
-0.082953
-0.085327
-0.081419
-0.083589
-0.079185
-0.082281
-0.078388
-0.078111
-0.080318
-0.077383
-0.074713
-0.077457
-0.075688
-0.073358
-0.071455
-0.070011
-0.072047
-0.068141
-0.068508
-0.067049
-0.069352
-0.067285
-0.063434
-0.063865
-0.064906
-0.063404
-0.060408
-0.059762
-0.061798
-0.062472
-0.058305
-0.057580
-0.054696
-0.056431
-0.054942
-0.054383
-0.053445
-0.054374
-0.048572
-0.050503
-0.047858
-0.052227
-0.045519
-0.047280
-0.046773
-0.045458
-0.046667
-0.044611
-0.042834
-0.042487
-0.039914
-0.038482
-0.038835
-0.038479
-0.039989
-0.036892
-0.036366
-0.039166
-0.032909
-0.036806
-0.029645
-0.032600
-0.027997
-0.028722
-0.029194
-0.029324
-0.027718
-0.029361
-0.028452
-0.022050
-0.026875
-0.020989
-0.025692
-0.022143
-0.019163
-0.021946
-0.019016
-0.018015
-0.015714
-0.019208
-0.017336
-0.019095
-0.015548
-0.011867
-0.014210
-0.013903
-0.009219
-0.010925
-0.009870
-0.009767
-0.007681
-0.008983
-0.008016
-0.008527
-0.005484
-0.004142
-0.004082
-0.002959
-0.004569
-0.000259
-0.002034
0.001430
-0.000805
0.000556
0.000984
0.004431
0.000423
0.003848
0.005120
0.006959
0.004115
0.009801
0.007590
0.010232
0.008514
0.006706
0.010913
0.008101
0.011208
0.010230
0.013523
0.015988
0.018206
0.016252
0.015853
0.017580
0.018888
0.018094
0.016759
0.016835
0.016815
0.018274
0.024554
0.020595
0.024679
0.022032
0.022959
0.025294
0.026871
0.028008
0.027285
0.026845
0.026335
0.029795
0.030749
0.029151
0.027341
0.029768
0.031721
0.033062
0.032922
0.031914
0.035618
0.032005
0.036307
0.035655
0.035769
0.038359
0.036572
0.036164
0.041445
0.037130
0.041152
0.039927
0.037899
0.040347
0.042246
0.040383
0.041475
0.044130
0.044587
0.043895
0.046332
0.044281
0.046321
0.048739
0.048292
0.045173
0.047346
0.048690
0.048624
0.048731
0.051776
0.050396
0.049893
0.049951
0.051467
0.053634
0.051858
0.050437
0.052204
0.052347
0.055725
0.054653
0.055273
0.054335
0.055592
0.054760
0.056031
0.058470
0.059128
0.059229
0.061097
0.059625
0.063606
0.061220
0.060178
0.055912
0.058256
0.060790
0.062342
0.060704
0.064332
0.062437
0.064367
0.066137
0.065885
0.066917
0.068140
0.065852
0.065888
0.067066
0.066512
0.065092
0.066882
0.068005
0.070424
0.072012
0.071137
0.072321
0.070810
0.074554
0.071151
0.070282
0.074956
0.071538
0.074429
0.075019
0.074903
0.074237
0.072608
0.071806
0.072198
0.074570
0.072127
0.071971
0.072456
0.073443
0.075221
0.073487
0.076918
0.075741
0.077726
0.078151
0.077225
0.080673
0.078672
0.078755
0.077531
0.077990
0.077683
0.079450
0.077579
0.082578
0.082530
0.081860
0.079397
0.079831
0.080522
0.081494
0.082411
0.083139
0.079201
0.083128
0.081187
0.081839
0.082928
0.079238
0.081244
0.082286
0.084335
0.085335
0.084595
0.085323
0.082083
0.085020
0.083073
0.084357
0.085291
0.086008
0.083534
0.085567
0.086087
0.085448
0.085861
0.088147
0.085479
0.085154
0.084293
0.087576
0.085258
0.084262
0.086629
0.086985
0.089774
0.087980
0.087553
0.088039
0.085802
0.086328
0.086950
0.085269
0.089681
0.089562
0.090359
0.088651
0.089692
0.087231
0.086745
0.084928
0.087119
0.085781
0.089046
0.089460
0.089421
0.088337
0.090544
0.089703
0.088251
0.090854
0.087641
0.090096
0.090743
0.087420
0.087122
0.088496
0.085958
0.088174
0.087701
0.090321
0.090003
0.089233
0.090680
0.088904
0.089946
0.088766
0.088044
0.090767
0.091437
0.089797
0.088231
0.087964
0.087609
0.088922
0.088311
0.088880
0.088191
0.089776
0.090061
0.087435
0.089694
0.088352
0.090270
0.086341
0.087483
0.088576
0.091197
0.088161
0.089904
0.086730
0.089785
0.087116
0.086706
0.090158
0.086913
0.090138
0.086222
0.088029
0.086825
0.086787
0.085629
0.090049
0.085778
0.088889
0.086653
0.086994
0.087533
0.087859
0.086532
0.085713
0.085853
0.085364
0.087616
0.088199
0.086604
0.084132
0.086996
0.083961
0.088638
0.083575
0.085841
0.085226
0.083868
0.083848
0.083315
0.085122
0.085449
0.085154
0.085023
0.086756
0.085406
0.084980
0.082981
0.081903
0.082186
0.081878
0.083170
0.082962
0.083511
0.078869
0.081791
0.083197
0.081627
0.085402
0.081978
0.082572
0.081586
0.081677
0.080626
0.082203
0.078986
0.081656
0.077725
0.080370
0.081815
0.078405
0.081630
0.078925
0.078535
0.077113
0.078766
0.078550
0.079236
0.075917
0.079763
0.079220
0.076976
0.079657
0.077433
0.077623
0.075638
0.079535
0.076496
0.076472
0.077062
0.076528
0.074570
0.076240
0.074285
0.073108
0.075328
0.073093
0.073012
0.073339
0.075124
0.074026
0.073269
0.075711
0.072199
0.072994
0.074290
0.073301
0.072025
0.072351
0.070447
0.072895
0.071231
0.070531
0.072215
0.069569
0.068783
0.068180
0.067492
0.069445
0.070419
0.068937
0.070016
0.068716
0.069953
0.071044
0.068666
0.066640
0.067729
0.067145
0.067139
0.066068
0.064827
0.065790
0.064174
0.066830
0.066231
0.066671
0.064488
0.064897
0.064065
0.062284
0.064090
0.063164
0.062931
0.063906
0.066066
0.062302
0.066038
0.060131
0.063462
0.060718
0.061070
0.060303
0.059187
0.060728
0.060413
0.058871
0.058185
0.058880
0.059339
0.061286
0.059622
0.058890
0.059920
0.058895
0.058136
0.057099
0.056820
0.057061
0.057420
0.054677
0.055896
0.056365
0.053093
0.054795
0.054446
0.056589
0.056120
0.054909
0.054170
0.054165
0.054188
0.053365
0.050621
0.050454
0.052457
0.050314
0.052922
0.054065
0.052628
0.053963
0.052407
0.052246
0.051600
0.051017
0.048977
0.048553
0.045044
0.047306
0.046966
0.047301
0.046730
0.049331
0.048020
0.048149
0.049488
0.048980
0.048209
0.048855
0.046023
0.046074
0.047372
0.044717
0.044913
0.042810
0.042821
0.044094
0.042422
0.045581
0.042475
0.044117
0.044202
0.042449
0.044416
0.042500
0.042969
0.042438
0.042128
0.040002
0.042133
0.041163
0.040800
0.041461
0.039572
0.039144
0.038718
0.039808
0.040489
0.037008
0.037670
0.036409
0.036930
0.037013
0.038135
0.038234
0.038361
0.038245
0.036241
0.039542
0.036535
0.035605
0.033171
0.036058
0.032535
0.035862
0.034937
0.034656
0.032946
0.034078
0.034039
0.033544
0.033012
0.031380
0.033113
0.032661
0.032998
0.029973
0.031190
0.030633
0.032665
0.030898
0.030591
0.030984
0.031361
0.032903
0.029735
0.031367
0.029129
0.030097
0.027636
0.026943
0.024931
0.027283
0.025356
0.027814
0.029004
0.026323
0.027542
0.028154
0.028224
0.027897
0.025222
0.025369
0.024465
0.026285
0.027005
0.026007
0.024563
0.024053
0.023631
0.024474
0.023580
0.022033
0.023404
0.020419
0.023796
0.020747
0.023037
0.022371
0.021449
0.023320
0.023531
0.023526
0.023477
0.019674
0.020580
0.020895
0.017894
0.019558
0.020488
0.019522
0.019798
0.018874
0.019281
0.022107
0.018265
0.017441
0.017160
0.019204
0.019083
0.018061
0.018439
0.019186
0.016977
0.016374
0.016342
0.015819
0.017069
0.016836
0.016433
0.016778
0.017468
0.016053
0.015168
0.013913
0.015214
0.015192
0.015278
0.014802
0.013785
0.014923
0.014195
0.013590
0.011392
0.013334
0.016604
0.013148
0.016297
0.014689
0.016406
0.017234
0.018922
0.022981
0.023244
0.024244
0.022573
0.024726
0.019473
0.024390


