M_loss: 5, M_sym: 5, M_power: 9000, M_bandwidth: 22.3872113856834
0.008049
0.008399
0.008839
0.010789
0.009404
0.009504
0.008590
0.009169
0.008079
0.007004
0.007810
0.007293
0.007928
0.008237
0.007981
0.005868
0.006870
0.004201
0.006573
0.005699
0.004349
0.004924
0.004127
0.004353
0.004948
0.004969
0.004182
0.005466
0.005531
0.005756
0.006618
0.004070
0.005763
0.005260
0.005886
0.005005
0.004592
0.005694
0.006022
0.005270
0.005685
0.005488
0.005823
0.007025
0.004821
0.006131
0.004615
0.005334
0.005084
0.006852
0.008255
0.006284
0.007463
0.007607
0.007039
0.004998
0.005962
0.005670
0.006593
0.006323
0.006250
0.008422
0.005345
0.008307
0.007722
0.006000
0.006455
0.005020
0.007356
0.006246
0.006529
0.008624
0.006743
0.006761
0.008008
0.008192
0.008142
0.006559
0.008542
0.006725
0.006747
0.008488
0.007126
0.005779
0.008525
0.008403
0.005858
0.009551
0.009000
0.007787
0.008299
0.008618
0.008232
0.007867
0.007887
0.008293
0.007700
0.006302
0.007799
0.008404
0.008329
0.007576
0.008666
0.007764
0.009020
0.010167
0.007584
0.008360
0.008266
0.008277
0.008672
0.008285
0.007663
0.009602
0.007414
0.009059
0.008390
0.007709
0.009000
0.008477
0.008103
0.009372
0.008763
0.007181
0.008583
0.007883
0.009737
0.008162
0.009301
0.010356
0.008743
0.007947
0.009201
0.008655
0.010412
0.008208
0.009784
0.009148
0.009854
0.010619
0.008400
0.008402
0.008507
0.009414
0.008239
0.010121
0.009231
0.009569
0.010093
0.010728
0.011398
0.010440
0.009868
0.009930
0.009756
0.009249
0.010542
0.009278
0.008559
0.011007
0.009355
0.008735
0.010128
0.010546
0.010245
0.010046
0.009026
0.010567
0.010153
0.010077
0.010788
0.011341
0.011088
0.009534
0.010756
0.008219
0.010776
0.010625
0.010182
0.009932
0.009806
0.009801
0.009127
0.009994
0.009872
0.010652
0.009566
0.010695
0.009382
0.009678
0.010687
0.008982
0.009288
0.008325
0.009410
0.009091
0.010780
0.009694
0.010154
0.010389
0.009636
0.010523
0.007858
0.009955
0.009935
0.009171
0.009888
0.009671
0.009780
0.008662
0.011523
0.008916
0.009545
0.008105
0.009370
0.010015
0.009220
0.009551
0.010815
0.009784
0.009444
0.010987
0.011551
0.010077
0.010350
0.010300
0.010552
0.008906
0.009581
0.009479
0.008956
0.008978
0.010519
0.009021
0.011171
0.007879
0.008507
0.009571
0.008009
0.011226
0.008802
0.009391
0.009513
0.010632
0.009048
0.010171
0.007687
0.009012
0.006593
0.010582
0.010065
0.008916
0.009619
0.007759
0.008363
0.008095
0.009624
0.006407
0.007812
0.008111
0.007139
0.008536
0.008380
0.010000
0.007534
0.008838
0.008504
0.007491
0.007285
0.007423
0.007525
0.006383
0.006541
0.009569
0.005859
0.007715
0.008723
0.007176
0.006482
0.005729
0.007745
0.006791
0.006797
0.006202
0.005304
0.004466
0.005594
0.005086
0.007418
0.006184
0.005894
0.006615
0.006456
0.004797
0.005217
0.004998
0.004052
0.006042
0.003941
0.004434
0.005015
0.004972
0.003196
0.005983
0.004733
0.004782
0.004827
0.002718
0.002212
0.002819
0.003690
0.003448
0.002482
0.003032
0.004123
0.002994
0.003585
0.002676
0.003651
0.001665
0.000936
0.004084
0.000417
0.002216
0.000813
0.001752
-0.000899
-0.000137
0.001625
-0.000638
0.001755
0.001235
0.002647
0.000455
-0.001482
0.002285
-0.000494
-0.000151
-0.000120
0.001100
-0.000412
-0.000938
-0.000103
-0.000119
-0.000892
-0.001605
-0.002831
-0.002502
-0.003616
-0.001073
-0.000792
-0.001437
-0.002146
-0.002733
-0.002812
-0.004126
-0.002975
-0.001103
-0.002247
-0.003328
-0.004060
-0.005639
-0.003955
-0.005629
-0.003813
-0.006370
-0.004284
-0.006845
-0.005761
-0.005394
-0.007721
-0.005935
-0.006568
-0.004873
-0.004991
-0.008529
-0.007540
-0.007192
-0.008441
-0.007313
-0.008898
-0.008789
-0.007758
-0.008737
-0.007584
-0.009608
-0.008545
-0.009035
-0.008978
-0.009672
-0.009467
-0.009379
-0.011169
-0.010746
-0.012574
-0.011223
-0.012447
-0.010926
-0.010094
-0.012692
-0.013725
-0.012877
-0.013429
-0.012863
-0.012315
-0.011183
-0.014918
-0.014016
-0.014460
-0.014294
-0.016704
-0.015824
-0.014418
-0.016234
-0.016708
-0.015334
-0.017280
-0.015512
-0.018901
-0.017681
-0.017525
-0.018794
-0.015886
-0.018434
-0.018507
-0.018849
-0.020089
-0.020228
-0.018542
-0.019305
-0.020412
-0.020091
-0.022125
-0.021357
-0.020530
-0.021826
-0.023422
-0.020206
-0.023219
-0.021574
-0.022287
-0.024708
-0.022603
-0.024673
-0.024228
-0.026451
-0.026741
-0.024886
-0.027318
-0.025352
-0.026171
-0.026087
-0.025671
-0.026516
-0.026732
-0.027296
-0.027640
-0.029753
-0.029631
-0.030015
-0.031949
-0.030927
-0.029737
-0.032688
-0.031845
-0.033288
-0.032653
-0.032224
-0.032209
-0.033329
-0.031977
-0.031230
-0.033815
-0.034290
-0.032701
-0.034981
-0.036232
-0.035007
-0.039129
-0.035904
-0.037041
-0.036091
-0.037103
-0.036811
-0.041572
-0.039432
-0.040118
-0.040276
-0.037947
-0.041822
-0.039799
-0.041258
-0.042715
-0.039703
-0.040924
-0.041697
-0.040119
-0.044132
-0.043724
-0.044855
-0.043281
-0.042782
-0.045882
-0.047608
-0.046215
-0.047608
-0.044712
-0.047868
-0.045056
-0.048854
-0.047016
-0.048107
-0.045877
-0.047546
-0.051144
-0.048863
-0.051033
-0.049990
-0.051591
-0.051309
-0.051726
-0.051485
-0.050641
-0.055431
-0.052755
-0.055403
-0.056097
-0.054810
-0.053792
-0.057017
-0.056640
-0.054900
-0.057893
-0.057323
-0.056926
-0.059109
-0.055454
-0.060274
-0.058550
-0.060142
-0.061744
-0.062621
-0.059309
-0.062314
-0.065063
-0.062250
-0.062204
-0.064941
-0.064702
-0.066282
-0.063767
-0.064882
-0.066873
-0.067589
-0.068747
-0.066410
-0.066260
-0.068223
-0.066589
-0.068092
-0.070269
-0.069450
-0.071310
-0.070289
-0.069252
-0.074051
-0.072524
-0.072593
-0.072991
-0.072539
-0.073616
-0.075223
-0.076464
-0.075497
-0.079017
-0.076284
-0.073626
-0.075672
-0.077982
-0.077804
-0.077979
-0.081510
-0.077668
-0.082036
-0.080920
-0.081360
-0.083707
-0.080191
-0.084237
-0.083946
-0.085320
-0.084675
-0.083234
-0.085447
-0.082017
-0.087525
-0.085462
-0.086395
-0.088983
-0.087023
-0.092964
-0.086593
-0.089250
-0.089992
-0.091083
-0.088927
-0.090059
-0.091546
-0.092263
-0.093427
-0.095074
-0.094256
-0.095993
-0.094325
-0.094876
-0.097365
-0.094260
-0.096175
-0.097808
-0.097707
-0.101203
-0.099668
-0.098750
-0.099819
-0.099175
-0.099975
-0.101784
-0.101618
-0.103482
-0.102877
-0.105485
-0.102500
-0.103247
-0.103193
-0.105124
-0.104984
-0.105793
-0.105250
-0.106285
-0.108171
-0.109091
-0.107637
-0.108127
-0.107431
-0.111780
-0.109608
-0.108949
-0.113243
-0.113381
-0.112362
-0.112543
-0.112468
-0.113379
-0.112498
-0.114095
-0.118089
-0.111190
-0.113634
-0.117543
-0.117401
-0.118763
-0.120382
-0.116256
-0.119324
-0.119827
-0.122564
-0.119584
-0.119741
-0.123487
-0.121921
-0.124690
-0.121228
-0.126768
-0.124390
-0.124960
-0.126004
-0.123822
-0.126475
-0.123190
-0.126797
-0.127463
-0.128457
-0.132059
-0.130796
-0.131291
-0.130293
-0.129278
-0.130619
-0.131269
-0.131021
-0.131678
-0.133358
-0.133248
-0.132375
-0.138412
-0.138376
-0.134571
-0.134892
-0.137589
-0.136575
-0.142422
-0.139001
-0.139121
-0.138390
-0.140105
-0.140854
-0.139840
-0.141646
-0.140319
-0.141730
-0.144243
-0.140919
-0.145537
-0.143680
-0.145560
-0.148136
-0.143887
-0.145838
-0.144174
-0.147325
-0.146569
-0.150721
-0.147259
-0.147153
-0.151080
-0.148242
-0.151269
-0.150080
-0.149666
-0.149807
-0.156815
-0.149664
-0.154764
-0.154031
-0.152603
-0.151925
-0.156730
-0.155333
-0.155504
-0.156608
-0.155424
-0.153935
-0.155200
-0.160157
-0.158232
-0.159302
-0.159086
-0.158540
-0.160065
-0.158392
-0.160480
-0.159533
-0.161238
-0.165615
-0.162994
-0.161431
-0.161550
-0.164478
-0.162688
-0.163764
-0.159736
-0.167770
-0.166728
-0.167124
-0.167561
-0.165598
-0.168762
-0.168437
-0.166425
-0.165632
-0.166371
-0.169732
-0.170332
-0.169892
-0.169373
-0.172044
-0.167779
-0.170589
-0.172711
-0.173515
-0.172996
-0.173873
-0.174575
-0.173123
-0.171770
-0.172907
-0.172981
-0.177751
-0.175845
-0.176376
-0.176139
-0.176607
-0.180958
-0.177577
-0.180282
-0.174949
-0.175748
-0.180539
-0.175050
-0.178378
-0.179011
-0.181196
-0.178435
-0.181147
-0.180045
-0.183380
-0.179909
-0.179723
-0.180317
-0.178960
-0.185047
-0.184173
-0.179035
-0.183389
-0.183684
-0.181890
-0.186254
-0.183647
-0.181297
-0.181461
-0.187286
-0.188676
-0.182898
-0.183907
-0.186791
-0.183684
-0.184107
-0.188476
-0.191393
-0.186415
-0.187288
-0.186267
-0.187177
-0.186483
-0.188158
-0.187703
-0.188777
-0.187736
-0.189546
-0.185897
-0.189281
-0.189843
-0.187704
-0.191502
-0.191772
-0.188667
-0.189420
-0.196524
-0.190047
-0.193155
-0.191157
-0.190863
-0.191329
-0.192560
-0.189018
-0.194504
-0.193226
-0.188017
-0.195100
-0.193323
-0.190065
-0.194026
-0.186913
-0.192820
-0.193786
-0.194006
-0.191894
-0.192975
-0.195247
-0.195309
-0.190884
-0.193616
-0.192886
-0.189732
-0.193214
-0.198942
-0.202449
-0.191286
-0.194877
-0.191486
-0.192616
-0.191473
-0.192621
-0.197545
-0.192586
-0.193979
-0.195101
-0.194499
-0.197553
-0.195200
-0.190346
-0.189590
-0.194681
-0.197861
-0.196162
-0.203610
-0.192267
-0.197061
-0.196702
-0.194847
-0.193713
-0.193754
-0.194449
-0.190877
-0.188261
-0.191731
-0.190452
-0.194513
-0.200246
-0.193843
-0.196150
-0.194842
-0.192147
-0.191199
-0.192359
-0.206456
-0.187878
-0.187714
-0.196183
-0.191789
-0.193121
-0.191241
-0.190178
-0.193120
-0.192749
-0.189883
-0.190608
-0.192401
-0.193891
-0.191037
-0.190757
-0.190705
-0.187252
-0.191094
-0.190200
-0.187936
-0.189584
-0.190234
-0.189705
-0.189041
-0.188494
-0.191143
-0.189074
-0.190606
-0.188020
-0.185055
-0.189736
-0.186719
-0.187394
-0.189526
-0.183940
-0.185027
-0.188010
-0.181531
-0.183047
-0.184370
-0.180839
-0.187660
-0.181816
-0.187868
-0.183034
-0.187196
-0.184095
-0.180254
-0.183957
-0.181935
-0.179669
-0.183264
-0.183023
-0.178848
-0.178164
-0.181361
-0.177801
-0.177715
-0.176530
-0.180989
-0.177750
-0.174812
-0.180721
-0.173913
-0.172605
-0.172954
-0.174267
-0.176002
-0.180229
-0.175993
-0.172552
-0.170324
-0.169520
-0.175596
-0.170629
-0.173991
-0.172380
-0.172541
-0.169974
-0.166013
-0.168720
-0.168525
-0.169207
-0.162316
-0.170177
-0.164914
-0.162445
-0.162151
-0.159517
-0.162048
-0.169798
-0.163477
-0.167524
-0.162148
-0.157131
-0.159428
-0.158292
-0.160374
-0.155809
-0.158069
-0.156807
-0.155396
-0.154103
-0.153997
-0.155192
-0.156918
-0.156498
-0.152999
-0.148088
-0.153407
-0.147657
-0.151378
-0.146525
-0.146120
-0.148323
-0.148121
-0.147332
-0.145610
-0.143146
-0.144970
-0.140094
-0.143298
-0.143808
-0.135446
-0.143883
-0.137952
-0.134819
-0.137905
-0.131979
-0.135457
-0.135289
-0.136086
-0.138479
-0.130888
-0.131116
-0.132481
-0.132082
-0.130249
-0.129889
-0.127305
-0.126697
-0.123934
-0.122952
-0.124128
-0.125747
-0.124392
-0.121288
-0.117508
-0.121357
-0.116222
-0.117175
-0.120634
-0.120366
-0.110178
-0.116004
-0.108519
-0.115478
-0.109064
-0.108918
-0.111480
-0.114752
-0.103622
-0.106624
-0.103086
-0.104246
-0.102235
-0.103678
-0.101067
-0.099009
-0.097882
-0.096936
-0.102536
-0.095275
-0.093918
-0.090509
-0.095917
-0.094973
-0.092309
-0.085772
-0.088155
-0.088395
-0.082287
-0.082958
-0.079886
-0.085723
-0.078708
-0.083332
-0.082573
-0.075680
-0.077258
-0.077267
-0.073636
-0.073154
-0.072120
-0.072852
-0.070014
-0.068682
-0.070240
-0.063557
-0.065478
-0.063887
-0.063560
-0.062678
-0.058623
-0.055039
-0.059543
-0.056730
-0.052809
-0.047562
-0.055189
-0.051154
-0.051213
-0.052708
-0.043521
-0.045688
-0.047378
-0.043616
-0.045018
-0.041089
-0.038431
-0.040198
-0.035464
-0.034352
-0.030256
-0.034305
-0.031329
-0.030427
-0.025688
-0.027299
-0.028833
-0.022957
-0.023694
-0.018541
-0.021538
-0.015747
-0.020643
-0.018519
-0.014556
-0.011952
-0.014946
-0.013214
-0.007773
-0.008715
-0.011468
-0.003735
-0.000321
0.001195
-0.000236
-0.001688
0.004006
0.001595
0.002336
0.006585
0.008410
0.010927
0.010725
0.011546
0.013105
0.019017
0.019523
0.020500
0.016224
0.022765
0.023778
0.027237
0.024945
0.028094
0.028369
0.030383
0.033386
0.038936
0.036784
0.038114
0.042358
0.040262
0.040919
0.046448
0.046293
0.048587
0.045802
0.052378
0.052162
0.055059
0.054512
0.062838
0.059499
0.058035
0.060636
0.064075
0.066032
0.071089
0.074847
0.069413
0.075523
0.076456
0.076800
0.080161
0.080311
0.080154
0.085682
0.082452
0.088388
0.088153
0.090893
0.087012
0.100907
0.097730
0.097701
0.097335
0.100269
0.108389
0.102151
0.106048
0.109891
0.114290
0.110444
0.111000
0.113254
0.114593
0.114762
0.125965
0.121031
0.129801
0.125129
0.131632
0.128495
0.129018
0.136988
0.136691
0.137879
0.136081
0.139573
0.143904
0.145622
0.145677
0.144655
0.149646
0.151623
0.159634
0.154607
0.158228
0.161955
0.163251
0.162323
0.164876
0.167892
0.171705
0.170686
0.170513
0.179090
0.176496
0.180937
0.183117
0.184210
0.182291
0.186973
0.189949
0.193024
0.193688
0.197728
0.192740
0.197659
0.201893
0.201233
0.209543
0.207194
0.206620
0.206007
0.215627
0.212987
0.218479
0.223648
0.216701
0.218193
0.221480
0.226515
0.227537
0.231458
0.233655
0.236332
0.238800
0.240857
0.242583
0.243647
0.245302
0.247392
0.247996
0.250811
0.247943
0.257993
0.255204
0.261771
0.263467
0.267389
0.269144
0.266679
0.264589
0.274565
0.269768
0.276729
0.276899
0.283416
0.281461
0.282454
0.286301
0.288252
0.289218
0.293544
0.295178
0.294172
0.294813
0.300430
0.304681
0.304805
0.306966
0.309853
0.312084
0.314542
0.312991
0.323513
0.319404
0.316576
0.323773
0.326653
0.326318
0.328980
0.333047
0.332477
0.335018
0.341197
0.345844
0.344305
0.345407
0.343253
0.351333
0.350434
0.350550
0.357640
0.356048
0.359896
0.359345
0.364856
0.362952
0.371491
0.368251
0.373827
0.377403
0.379451
0.377009
0.383360
0.381040
0.386706
0.384452
0.396757
0.396712
0.389250
0.395920
0.389906
0.400805
0.404439
0.407155
0.404122
0.402265
0.408050
0.416202
0.421711
0.413551
0.421959
0.417114
0.427668
0.426196
0.425718
0.431870
0.431403
0.434243
0.444714
0.436237
0.438093
0.440094
0.443791
0.453731
0.451584
0.448580
0.455432
0.454156
0.457183
0.456429
0.460919
0.465626
0.467238
0.471293
0.467384
0.474575
0.475621
0.476331
0.480005
0.481688
0.483391
0.481424
0.484770
0.491562
0.487455
0.494293
0.497747
0.494273
0.497630
0.504555
0.506591
0.502735
0.506362
0.514308
0.511847
0.521464
0.518328
0.512890
0.519521
0.521659
0.525521
0.521774
0.530580
0.529737
0.525203
0.538588
0.540023
0.538539
0.540114
0.543511
0.546530
0.552232
0.547207
0.550750
0.556179
0.555651
0.558874
0.557126
0.563433
0.564161
0.557594
0.568416
0.569863
0.569741
0.574663
0.579298
0.581696
0.574174
0.581693
0.584727
0.589679
0.586203
0.588025
0.590379
0.598266
0.597213
0.596891
0.596576
0.604161
0.602767
0.604912
0.602577
0.611815
0.609598
0.614524
0.612381
0.616588
0.622975
0.622010
0.616425
0.626485
0.630183
0.633083
0.630625
0.629072
0.632458
0.637531
0.634085
0.641647
0.640677
0.645431
0.641677
0.647853
0.652923
0.653416
0.648166
0.658472
0.661124
0.658669
0.662343
0.663079
0.666318
0.668815
0.667149
0.672849
0.671418
0.675275
0.672332
0.674978
0.675725
0.685776
0.681536
0.686893
0.688151
0.692215
0.685396
0.690292
0.688053
0.693614
0.694652
0.698641
0.697346
0.700044
0.708019
0.702111
0.713979
0.706114
0.713973
0.715766
0.707811
0.712667
0.721459
0.715592
0.720438
0.728981
0.725177
0.725660
0.731455
0.728984
0.725857
0.732613
0.734748
0.736690
0.733398
0.738177
0.743656
0.742686
0.748681
0.743409
0.745509
0.742715
0.753888
0.747869
0.751723
0.754731
0.755548
0.761728
0.756144
0.761189
0.764277
0.766338
0.766409
0.772032
0.766148
0.770304
0.772288
0.773089
0.774926
0.780865
0.777471
0.774049
0.778809
0.783523
0.781856
0.784894
0.786593
0.789851
0.784481
0.800105
0.791977
0.794858
0.791608
0.796301
0.794554
0.800067
0.798998
0.796962
0.803249
0.802561
0.805843
0.806532
0.809081
0.816282
0.811331
0.811426
0.814345
0.817464
0.817828
0.814852
0.818268
0.811869
0.818280
0.820595
0.826163
0.826337
0.824369
0.825506
0.830697
0.819380
0.829971
0.836345
0.834782
0.839218
0.835198
0.833740
0.836820
0.839744
0.840335
0.843019
0.839871
0.839341
0.848562
0.849535
0.844698
0.848974
0.848140
0.842590
0.851663
0.850234
0.844616
0.859638
0.858571
0.860197
0.853367
0.859171
0.857993
0.856381
0.864406
0.862788
0.861141
0.870494
0.866395
0.861853
0.855931
0.860361
0.864620
0.867412
0.870587
0.868956
0.878086
0.876901
0.873430
0.872087
0.879732
0.875905
0.878014
0.879613
0.880052
0.886510
0.878169
0.875663
0.880713
0.879829
0.882155
0.879590
0.886007
0.885190
0.886339
0.888542
0.880168
0.887388
0.885787
0.884165
0.888247
0.897864
0.892481
0.897011
0.891020
0.894079
0.898769
0.899986
0.891720
0.897089
0.892530
0.897167
0.899699
0.895738
0.898110
0.899795
0.901896
0.902218
0.902105
0.901418
0.897649
0.903041
0.896960
0.905681
0.903630
0.898697
0.903453
0.899961
0.911331
0.907480
0.907577
0.906687
0.903812
0.907971
0.909912
0.905769
0.906258
0.907601
0.915630
0.907750
0.910367
0.913016
0.906441
0.909317
0.909909
0.914046
0.910472
0.909660
0.907030
0.906784
0.915839
0.908920
0.917219
0.914738
0.913301
0.909551
0.914674
0.912869
0.910689
0.912381
0.912756
0.915166
0.917423
0.911867
0.919498
0.916070
0.918365
0.909145
0.916062
0.917750
0.916640
0.912660
0.910425
0.917129
0.913662
0.917129
0.910425
0.912660
0.916640
0.917750
0.916062
0.909145
0.918365
0.916070
0.919498
0.911867
0.917423
0.915166
0.912756
0.912381
0.910689
0.912869
0.914674
0.909551
0.913301
0.914738
0.917219
0.908920
0.915839
0.906784
0.907030
0.909660
0.910472
0.914046
0.909909
0.909317
0.906441
0.913016
0.910367
0.907750
0.915630
0.907601
0.906258
0.905769
0.909912
0.907971
0.903812
0.906687
0.907577
0.907480
0.911331
0.899961
0.903453
0.898697
0.903630
0.905681
0.896960
0.903041
0.897649
0.901418
0.902105
0.902218
0.901896
0.899795
0.898110
0.895738
0.899699
0.897167
0.892530
0.897089
0.891720
0.899986
0.898769
0.894079
0.891020
0.897011
0.892481
0.897864
0.888247
0.884165
0.885787
0.887388
0.880168
0.888542
0.886339
0.885190
0.886007
0.879590
0.882155
0.879829
0.880713
0.875663
0.878169
0.886510
0.880052
0.879613
0.878014
0.875905
0.879732
0.872087
0.873430
0.876901
0.878086
0.868956
0.870587
0.867412
0.864620
0.860361
0.855931
0.861853
0.866395
0.870494
0.861141
0.862788
0.864406
0.856381
0.857993
0.859171
0.853367
0.860197
0.858571
0.859638
0.844616
0.850234
0.851663
0.842590
0.848140
0.848974
0.844698
0.849535
0.848562
0.839341
0.839871
0.843019
0.840335
0.839744
0.836820
0.833740
0.835198
0.839218
0.834782
0.836345
0.829971
0.819380
0.830697
0.825506
0.824369
0.826337
0.826163
0.820595
0.818280
0.811869
0.818268
0.814852
0.817828
0.817464
0.814345
0.811426
0.811331
0.816282
0.809081
0.806532
0.805843
0.802561
0.803249
0.796962
0.798998
0.800067
0.794554
0.796301
0.791608
0.794858
0.791977
0.800105
0.784481
0.789851
0.786593
0.784894
0.781856
0.783523
0.778809
0.774049
0.777471
0.780865
0.774926
0.773089
0.772288
0.770304
0.766148
0.772032
0.766409
0.766338
0.764277
0.761189
0.756144
0.761728
0.755548
0.754731
0.751723
0.747869
0.753888
0.742715
0.745509
0.743409
0.748681
0.742686
0.743656
0.738177
0.733398
0.736690
0.734748
0.732613
0.725857
0.728984
0.731455
0.725660
0.725177
0.728981
0.720438
0.715592
0.721459
0.712667
0.707811
0.715766
0.713973
0.706114
0.713979
0.702111
0.708019
0.700044
0.697346
0.698641
0.694652
0.693614
0.688053
0.690292
0.685396
0.692215
0.688151
0.686893
0.681536
0.685776
0.675725
0.674978
0.672332
0.675275
0.671418
0.672849
0.667149
0.668815
0.666318
0.663079
0.662343
0.658669
0.661124
0.658472
0.648166
0.653416
0.652923
0.647853
0.641677
0.645431
0.640677
0.641647
0.634085
0.637531
0.632458
0.629072
0.630625
0.633083
0.630183
0.626485
0.616425
0.622010
0.622975
0.616588
0.612381
0.614524
0.609598
0.611815
0.602577
0.604912
0.602767
0.604161
0.596576
0.596891
0.597213
0.598266
0.590379
0.588025
0.586203
0.589679
0.584727
0.581693
0.574174
0.581696
0.579298
0.574663
0.569741
0.569863
0.568416
0.557594
0.564161
0.563433
0.557126
0.558874
0.555651
0.556179
0.550750
0.547207
0.552232
0.546530
0.543511
0.540114
0.538539
0.540023
0.538588
0.525203
0.529737
0.530580
0.521774
0.525521
0.521659
0.519521
0.512890
0.518328
0.521464
0.511847
0.514308
0.506362
0.502735
0.506591
0.504555
0.497630
0.494273
0.497747
0.494293
0.487455
0.491562
0.484770
0.481424
0.483391
0.481688
0.480005
0.476331
0.475621
0.474575
0.467384
0.471293
0.467238
0.465626
0.460919
0.456429
0.457183
0.454156
0.455432
0.448580
0.451584
0.453731
0.443791
0.440094
0.438093
0.436237
0.444714
0.434243
0.431403
0.431870
0.425718
0.426196
0.427668
0.417114
0.421959
0.413551
0.421711
0.416202
0.408050
0.402265
0.404122
0.407155
0.404439
0.400805
0.389906
0.395920
0.389250
0.396712
0.396757
0.384452
0.386706
0.381040
0.383360
0.377009
0.379451
0.377403
0.373827
0.368251
0.371491
0.362952
0.364856
0.359345
0.359896
0.356048
0.357640
0.350550
0.350434
0.351333
0.343253
0.345407
0.344305
0.345844
0.341197
0.335018
0.332477
0.333047
0.328980
0.326318
0.326653
0.323773
0.316576
0.319404
0.323513
0.312991
0.314542
0.312084
0.309853
0.306966
0.304805
0.304681
0.300430
0.294813
0.294172
0.295178
0.293544
0.289218
0.288252
0.286301
0.282454
0.281461
0.283416
0.276899
0.276729
0.269768
0.274565
0.264589
0.266679
0.269144
0.267389
0.263467
0.261771
0.255204
0.257993
0.247943
0.250811
0.247996
0.247392
0.245302
0.243647
0.242583
0.240857
0.238800
0.236332
0.233655
0.231458
0.227537
0.226515
0.221480
0.218193
0.216701
0.223648
0.218479
0.212987
0.215627
0.206007
0.206620
0.207194
0.209543
0.201233
0.201893
0.197659
0.192740
0.197728
0.193688
0.193024
0.189949
0.186973
0.182291
0.184210
0.183117
0.180937
0.176496
0.179090
0.170513
0.170686
0.171705
0.167892
0.164876
0.162323
0.163251
0.161955
0.158228
0.154607
0.159634
0.151623
0.149646
0.144655
0.145677
0.145622
0.143904
0.139573
0.136081
0.137879
0.136691
0.136988
0.129018
0.128495
0.131632
0.125129
0.129801
0.121031
0.125965
0.114762
0.114593
0.113254
0.111000
0.110444
0.114290
0.109891
0.106048
0.102151
0.108389
0.100269
0.097335
0.097701
0.097730
0.100907
0.087012
0.090893
0.088153
0.088388
0.082452
0.085682
0.080154
0.080311
0.080161
0.076800
0.076456
0.075523
0.069413
0.074847
0.071089
0.066032
0.064075
0.060636
0.058035
0.059499
0.062838
0.054512
0.055059
0.052162
0.052378
0.045802
0.048587
0.046293
0.046448
0.040919
0.040262
0.042358
0.038114
0.036784
0.038936
0.033386
0.030383
0.028369
0.028094
0.024945
0.027237
0.023778
0.022765
0.016224
0.020500
0.019523
0.019017
0.013105
0.011546
0.010725
0.010927
0.008410
0.006585
0.002336
0.001595
0.004006
-0.001688
-0.000236
0.001195
-0.000321
-0.003735
-0.011468
-0.008715
-0.007773
-0.013214
-0.014946
-0.011952
-0.014556
-0.018519
-0.020643
-0.015747
-0.021538
-0.018541
-0.023694
-0.022957
-0.028833
-0.027299
-0.025688
-0.030427
-0.031329
-0.034305
-0.030256
-0.034352
-0.035464
-0.040198
-0.038431
-0.041089
-0.045018
-0.043616
-0.047378
-0.045688
-0.043521
-0.052708
-0.051213
-0.051154
-0.055189
-0.047562
-0.052809
-0.056730
-0.059543
-0.055039
-0.058623
-0.062678
-0.063560
-0.063887
-0.065478
-0.063557
-0.070240
-0.068682
-0.070014
-0.072852
-0.072120
-0.073154
-0.073636
-0.077267
-0.077258
-0.075680
-0.082573
-0.083332
-0.078708
-0.085723
-0.079886
-0.082958
-0.082287
-0.088395
-0.088155
-0.085772
-0.092309
-0.094973
-0.095917
-0.090509
-0.093918
-0.095275
-0.102536
-0.096936
-0.097882
-0.099009
-0.101067
-0.103678
-0.102235
-0.104246
-0.103086
-0.106624
-0.103622
-0.114752
-0.111480
-0.108918
-0.109064
-0.115478
-0.108519
-0.116004
-0.110178
-0.120366
-0.120634
-0.117175
-0.116222
-0.121357
-0.117508
-0.121288
-0.124392
-0.125747
-0.124128
-0.122952
-0.123934
-0.126697
-0.127305
-0.129889
-0.130249
-0.132082
-0.132481
-0.131116
-0.130888
-0.138479
-0.136086
-0.135289
-0.135457
-0.131979
-0.137905
-0.134819
-0.137952
-0.143883
-0.135446
-0.143808
-0.143298
-0.140094
-0.144970
-0.143146
-0.145610
-0.147332
-0.148121
-0.148323
-0.146120
-0.146525
-0.151378
-0.147657
-0.153407
-0.148088
-0.152999
-0.156498
-0.156918
-0.155192
-0.153997
-0.154103
-0.155396
-0.156807
-0.158069
-0.155809
-0.160374
-0.158292
-0.159428
-0.157131
-0.162148
-0.167524
-0.163477
-0.169798
-0.162048
-0.159517
-0.162151
-0.162445
-0.164914
-0.170177
-0.162316
-0.169207
-0.168525
-0.168720
-0.166013
-0.169974
-0.172541
-0.172380
-0.173991
-0.170629
-0.175596
-0.169520
-0.170324
-0.172552
-0.175993
-0.180229
-0.176002
-0.174267
-0.172954
-0.172605
-0.173913
-0.180721
-0.174812
-0.177750
-0.180989
-0.176530
-0.177715
-0.177801
-0.181361
-0.178164
-0.178848
-0.183023
-0.183264
-0.179669
-0.181935
-0.183957
-0.180254
-0.184095
-0.187196
-0.183034
-0.187868
-0.181816
-0.187660
-0.180839
-0.184370
-0.183047
-0.181531
-0.188010
-0.185027
-0.183940
-0.189526
-0.187394
-0.186719
-0.189736
-0.185055
-0.188020
-0.190606
-0.189074
-0.191143
-0.188494
-0.189041
-0.189705
-0.190234
-0.189584
-0.187936
-0.190200
-0.191094
-0.187252
-0.190705
-0.190757
-0.191037
-0.193891
-0.192401
-0.190608
-0.189883
-0.192749
-0.193120
-0.190178
-0.191241
-0.193121
-0.191789
-0.196183
-0.187714
-0.187878
-0.206456
-0.192359
-0.191199
-0.192147
-0.194842
-0.196150
-0.193843
-0.200246
-0.194513
-0.190452
-0.191731
-0.188261
-0.190877
-0.194449
-0.193754
-0.193713
-0.194847
-0.196702
-0.197061
-0.192267
-0.203610
-0.196162
-0.197861
-0.194681
-0.189590
-0.190346
-0.195200
-0.197553
-0.194499
-0.195101
-0.193979
-0.192586
-0.197545
-0.192621
-0.191473
-0.192616
-0.191486
-0.194877
-0.191286
-0.202449
-0.198942
-0.193214
-0.189732
-0.192886
-0.193616
-0.190884
-0.195309
-0.195247
-0.192975
-0.191894
-0.194006
-0.193786
-0.192820
-0.186913
-0.194026
-0.190065
-0.193323
-0.195100
-0.188017
-0.193226
-0.194504
-0.189018
-0.192560
-0.191329
-0.190863
-0.191157
-0.193155
-0.190047
-0.196524
-0.189420
-0.188667
-0.191772
-0.191502
-0.187704
-0.189843
-0.189281
-0.185897
-0.189546
-0.187736
-0.188777
-0.187703
-0.188158
-0.186483
-0.187177
-0.186267
-0.187288
-0.186415
-0.191393
-0.188476
-0.184107
-0.183684
-0.186791
-0.183907
-0.182898
-0.188676
-0.187286
-0.181461
-0.181297
-0.183647
-0.186254
-0.181890
-0.183684
-0.183389
-0.179035
-0.184173
-0.185047
-0.178960
-0.180317
-0.179723
-0.179909
-0.183380
-0.180045
-0.181147
-0.178435
-0.181196
-0.179011
-0.178378
-0.175050
-0.180539
-0.175748
-0.174949
-0.180282
-0.177577
-0.180958
-0.176607
-0.176139
-0.176376
-0.175845
-0.177751
-0.172981
-0.172907
-0.171770
-0.173123
-0.174575
-0.173873
-0.172996
-0.173515
-0.172711
-0.170589
-0.167779
-0.172044
-0.169373
-0.169892
-0.170332
-0.169732
-0.166371
-0.165632
-0.166425
-0.168437
-0.168762
-0.165598
-0.167561
-0.167124
-0.166728
-0.167770
-0.159736
-0.163764
-0.162688
-0.164478
-0.161550
-0.161431
-0.162994
-0.165615
-0.161238
-0.159533
-0.160480
-0.158392
-0.160065
-0.158540
-0.159086
-0.159302
-0.158232
-0.160157
-0.155200
-0.153935
-0.155424
-0.156608
-0.155504
-0.155333
-0.156730
-0.151925
-0.152603
-0.154031
-0.154764
-0.149664
-0.156815
-0.149807
-0.149666
-0.150080
-0.151269
-0.148242
-0.151080
-0.147153
-0.147259
-0.150721
-0.146569
-0.147325
-0.144174
-0.145838
-0.143887
-0.148136
-0.145560
-0.143680
-0.145537
-0.140919
-0.144243
-0.141730
-0.140319
-0.141646
-0.139840
-0.140854
-0.140105
-0.138390
-0.139121
-0.139001
-0.142422
-0.136575
-0.137589
-0.134892
-0.134571
-0.138376
-0.138412
-0.132375
-0.133248
-0.133358
-0.131678
-0.131021
-0.131269
-0.130619
-0.129278
-0.130293
-0.131291
-0.130796
-0.132059
-0.128457
-0.127463
-0.126797
-0.123190
-0.126475
-0.123822
-0.126004
-0.124960
-0.124390
-0.126768
-0.121228
-0.124690
-0.121921
-0.123487
-0.119741
-0.119584
-0.122564
-0.119827
-0.119324
-0.116256
-0.120382
-0.118763
-0.117401
-0.117543
-0.113634
-0.111190
-0.118089
-0.114095
-0.112498
-0.113379
-0.112468
-0.112543
-0.112362
-0.113381
-0.113243
-0.108949
-0.109608
-0.111780
-0.107431
-0.108127
-0.107637
-0.109091
-0.108171
-0.106285
-0.105250
-0.105793
-0.104984
-0.105124
-0.103193
-0.103247
-0.102500
-0.105485
-0.102877
-0.103482
-0.101618
-0.101784
-0.099975
-0.099175
-0.099819
-0.098750
-0.099668
-0.101203
-0.097707
-0.097808
-0.096175
-0.094260
-0.097365
-0.094876
-0.094325
-0.095993
-0.094256
-0.095074
-0.093427
-0.092263
-0.091546
-0.090059
-0.088927
-0.091083
-0.089992
-0.089250
-0.086593
-0.092964
-0.087023
-0.088983
-0.086395
-0.085462
-0.087525
-0.082017
-0.085447
-0.083234
-0.084675
-0.085320
-0.083946
-0.084237
-0.080191
-0.083707
-0.081360
-0.080920
-0.082036
-0.077668
-0.081510
-0.077979
-0.077804
-0.077982
-0.075672
-0.073626
-0.076284
-0.079017
-0.075497
-0.076464
-0.075223
-0.073616
-0.072539
-0.072991
-0.072593
-0.072524
-0.074051
-0.069252
-0.070289
-0.071310
-0.069450
-0.070269
-0.068092
-0.066589
-0.068223
-0.066260
-0.066410
-0.068747
-0.067589
-0.066873
-0.064882
-0.063767
-0.066282
-0.064702
-0.064941
-0.062204
-0.062250
-0.065063
-0.062314
-0.059309
-0.062621
-0.061744
-0.060142
-0.058550
-0.060274
-0.055454
-0.059109
-0.056926
-0.057323
-0.057893
-0.054900
-0.056640
-0.057017
-0.053792
-0.054810
-0.056097
-0.055403
-0.052755
-0.055431
-0.050641
-0.051485
-0.051726
-0.051309
-0.051591
-0.049990
-0.051033
-0.048863
-0.051144
-0.047546
-0.045877
-0.048107
-0.047016
-0.048854
-0.045056
-0.047868
-0.044712
-0.047608
-0.046215
-0.047608
-0.045882
-0.042782
-0.043281
-0.044855
-0.043724
-0.044132
-0.040119
-0.041697
-0.040924
-0.039703
-0.042715
-0.041258
-0.039799
-0.041822
-0.037947
-0.040276
-0.040118
-0.039432
-0.041572
-0.036811
-0.037103
-0.036091
-0.037041
-0.035904
-0.039129
-0.035007
-0.036232
-0.034981
-0.032701
-0.034290
-0.033815
-0.031230
-0.031977
-0.033329
-0.032209
-0.032224
-0.032653
-0.033288
-0.031845
-0.032688
-0.029737
-0.030927
-0.031949
-0.030015
-0.029631
-0.029753
-0.027640
-0.027296
-0.026732
-0.026516
-0.025671
-0.026087
-0.026171
-0.025352
-0.027318
-0.024886
-0.026741
-0.026451
-0.024228
-0.024673
-0.022603
-0.024708
-0.022287
-0.021574
-0.023219
-0.020206
-0.023422
-0.021826
-0.020530
-0.021357
-0.022125
-0.020091
-0.020412
-0.019305
-0.018542
-0.020228
-0.020089
-0.018849
-0.018507
-0.018434
-0.015886
-0.018794
-0.017525
-0.017681
-0.018901
-0.015512
-0.017280
-0.015334
-0.016708
-0.016234
-0.014418
-0.015824
-0.016704
-0.014294
-0.014460
-0.014016
-0.014918
-0.011183
-0.012315
-0.012863
-0.013429
-0.012877
-0.013725
-0.012692
-0.010094
-0.010926
-0.012447
-0.011223
-0.012574
-0.010746
-0.011169
-0.009379
-0.009467
-0.009672
-0.008978
-0.009035
-0.008545
-0.009608
-0.007584
-0.008737
-0.007758
-0.008789
-0.008898
-0.007313
-0.008441
-0.007192
-0.007540
-0.008529
-0.004991
-0.004873
-0.006568
-0.005935
-0.007721
-0.005394
-0.005761
-0.006845
-0.004284
-0.006370
-0.003813
-0.005629
-0.003955
-0.005639
-0.004060
-0.003328
-0.002247
-0.001103
-0.002975
-0.004126
-0.002812
-0.002733
-0.002146
-0.001437
-0.000792
-0.001073
-0.003616
-0.002502
-0.002831
-0.001605
-0.000892
-0.000119
-0.000103
-0.000938
-0.000412
0.001100
-0.000120
-0.000151
-0.000494
0.002285
-0.001482
0.000455
0.002647
0.001235
0.001755
-0.000638
0.001625
-0.000137
-0.000899
0.001752
0.000813
0.002216
0.000417
0.004084
0.000936
0.001665
0.003651
0.002676
0.003585
0.002994
0.004123
0.003032
0.002482
0.003448
0.003690
0.002819
0.002212
0.002718
0.004827
0.004782
0.004733
0.005983
0.003196
0.004972
0.005015
0.004434
0.003941
0.006042
0.004052
0.004998
0.005217
0.004797
0.006456
0.006615
0.005894
0.006184
0.007418
0.005086
0.005594
0.004466
0.005304
0.006202
0.006797
0.006791
0.007745
0.005729
0.006482
0.007176
0.008723
0.007715
0.005859
0.009569
0.006541
0.006383
0.007525
0.007423
0.007285
0.007491
0.008504
0.008838
0.007534
0.010000
0.008380
0.008536
0.007139
0.008111
0.007812
0.006407
0.009624
0.008095
0.008363
0.007759
0.009619
0.008916
0.010065
0.010582
0.006593
0.009012
0.007687
0.010171
0.009048
0.010632
0.009513
0.009391
0.008802
0.011226
0.008009
0.009571
0.008507
0.007879
0.011171
0.009021
0.010519
0.008978
0.008956
0.009479
0.009581
0.008906
0.010552
0.010300
0.010350
0.010077
0.011551
0.010987
0.009444
0.009784
0.010815
0.009551
0.009220
0.010015
0.009370
0.008105
0.009545
0.008916
0.011523
0.008662
0.009780
0.009671
0.009888
0.009171
0.009935
0.009955
0.007858
0.010523
0.009636
0.010389
0.010154
0.009694
0.010780
0.009091
0.009410
0.008325
0.009288
0.008982
0.010687
0.009678
0.009382
0.010695
0.009566
0.010652
0.009872
0.009994
0.009127
0.009801
0.009806
0.009932
0.010182
0.010625
0.010776
0.008219
0.010756
0.009534
0.011088
0.011341
0.010788
0.010077
0.010153
0.010567
0.009026
0.010046
0.010245
0.010546
0.010128
0.008735
0.009355
0.011007
0.008559
0.009278
0.010542
0.009249
0.009756
0.009930
0.009868
0.010440
0.011398
0.010728
0.010093
0.009569
0.009231
0.010121
0.008239
0.009414
0.008507
0.008402
0.008400
0.010619
0.009854
0.009148
0.009784
0.008208
0.010412
0.008655
0.009201
0.007947
0.008743
0.010356
0.009301
0.008162
0.009737
0.007883
0.008583
0.007181
0.008763
0.009372
0.008103
0.008477
0.009000
0.007709
0.008390
0.009059
0.007414
0.009602
0.007663
0.008285
0.008672
0.008277
0.008266
0.008360
0.007584
0.010167
0.009020
0.007764
0.008666
0.007576
0.008329
0.008404
0.007799
0.006302
0.007700
0.008293
0.007887
0.007867
0.008232
0.008618
0.008299
0.007787
0.009000
0.009551
0.005858
0.008403
0.008525
0.005779
0.007126
0.008488
0.006747
0.006725
0.008542
0.006559
0.008142
0.008192
0.008008
0.006761
0.006743
0.008624
0.006529
0.006246
0.007356
0.005020
0.006455
0.006000
0.007722
0.008307
0.005345
0.008422
0.006250
0.006323
0.006593
0.005670
0.005962
0.004998
0.007039
0.007607
0.007463
0.006284
0.008255
0.006852
0.005084
0.005334
0.004615
0.006131
0.004821
0.007025
0.005823
0.005488
0.005685
0.005270
0.006022
0.005694
0.004592
0.005005
0.005886
0.005260
0.005763
0.004070
0.006618
0.005756
0.005531
0.005466
0.004182
0.004969
0.004948
0.004353
0.004127
0.004924
0.004349
0.005699
0.006573
0.004201
0.006870
0.005868
0.007981
0.008237
0.007928
0.007293
0.007810
0.007004
0.008079
0.009169
0.008590
0.009504
0.009404
0.010789
0.008839
0.008399
0.008049


