M_loss: 18, M_sym: 4300.0, M_power: 9000, M_bandwidth: 22.3872113856834
0.016273
0.013061
0.009400
0.012473
0.011870
0.012929
0.013688
0.012484
0.013680
0.010745
0.010503
0.011476
0.012128
0.012231
0.009575
0.010566
0.008536
0.009396
0.007899
0.007707
0.005831
0.005505
0.004587
0.007497
0.006818
0.008492
0.006387
0.009544
0.006576
0.008488
0.008699
0.007703
0.007378
0.007921
0.008089
0.008994
0.008982
0.008929
0.007857
0.007956
0.010565
0.008331
0.009757
0.010378
0.009757
0.008588
0.008677
0.011316
0.007385
0.012819
0.008536
0.009749
0.011483
0.011070
0.009511
0.010364
0.010188
0.012395
0.012081
0.011179
0.011280
0.011425
0.009525
0.009967
0.012323
0.009578
0.012449
0.011359
0.012466
0.011182
0.013338
0.012749
0.011561
0.014099
0.011437
0.014014
0.013791
0.012727
0.011601
0.015953
0.012733
0.014227
0.014671
0.013534
0.013947
0.013690
0.013468
0.014722
0.012530
0.015139
0.014025
0.012202
0.014748
0.013072
0.015034
0.016701
0.014391
0.015273
0.016965
0.015298
0.015697
0.016831
0.014533
0.016116
0.014374
0.017472
0.017080
0.017090
0.018353
0.015280
0.018773
0.016439
0.016288
0.017412
0.016797
0.016810
0.016470
0.017259
0.017255
0.019569
0.018296
0.020157
0.019343
0.018613
0.018323
0.021397
0.018637
0.020373
0.019920
0.018687
0.018383
0.021042
0.019611
0.020415
0.020691
0.019741
0.020179
0.020488
0.019727
0.019390
0.021830
0.020673
0.021472
0.021284
0.020962
0.022870
0.022024
0.022696
0.021830
0.022992
0.024989
0.024072
0.022002
0.023352
0.023324
0.024494
0.024446
0.022829
0.023713
0.022644
0.025897
0.023334
0.025900
0.023507
0.022990
0.024502
0.024115
0.024947
0.026680
0.025043
0.026565
0.027091
0.026450
0.027945
0.028054
0.027969
0.024424
0.028165
0.027395
0.028936
0.028284
0.029322
0.028647
0.028632
0.028519
0.028623
0.028244
0.028379
0.028334
0.027498
0.027358
0.028986
0.029757
0.028617
0.029613
0.028787
0.030061
0.032230
0.032056
0.030926
0.032476
0.031720
0.030778
0.030772
0.031332
0.033065
0.032645
0.033979
0.032363
0.033791
0.033075
0.032695
0.033244
0.031063
0.033862
0.032616
0.031952
0.031192
0.034982
0.033579
0.033749
0.035197
0.035416
0.035207
0.034627
0.035764
0.035561
0.034980
0.035205
0.036996
0.035854
0.034839
0.036065
0.033775
0.036065
0.037925
0.036244
0.037679
0.036632
0.036383
0.039181
0.038422
0.036567
0.034182
0.036076
0.035562
0.035947
0.036950
0.036987
0.039605
0.037643
0.037673
0.039872
0.038929
0.038567
0.038834
0.038782
0.038250
0.037696
0.038504
0.041453
0.038263
0.037168
0.040371
0.037942
0.040312
0.039035
0.038991
0.038309
0.036964
0.038032
0.037740
0.040434
0.038281
0.037520
0.041043
0.040362
0.036692
0.041651
0.041085
0.040683
0.038159
0.040456
0.038816
0.037989
0.039650
0.040955
0.040793
0.038130
0.040138
0.040945
0.038506
0.039908
0.041490
0.039088
0.041848
0.039215
0.037703
0.040341
0.041850
0.039255
0.038876
0.038985
0.039983
0.042083
0.039205
0.039632
0.039414
0.037120
0.041395
0.038053
0.037365
0.040680
0.037527
0.038905
0.039106
0.041231
0.037427
0.040822
0.040152
0.039899
0.039667
0.039870
0.040777
0.038923
0.038703
0.040115
0.038808
0.040288
0.037829
0.039380
0.038884
0.038715
0.039219
0.037656
0.039517
0.036462
0.040093
0.036980
0.038849
0.037190
0.036811
0.041345
0.038215
0.039640
0.037753
0.040332
0.036946
0.038565
0.039531
0.041706
0.039104
0.037247
0.040609
0.036388
0.039376
0.038193
0.036444
0.034096
0.036198
0.036731
0.037344
0.036262
0.034942
0.037315
0.037878
0.037746
0.039377
0.040032
0.035537
0.037687
0.036419
0.037570
0.036041
0.036713
0.036319
0.036350
0.034881
0.034423
0.036822
0.035058
0.032796
0.035257
0.036294
0.036495
0.035430
0.035261
0.035440
0.035863
0.033965
0.033750
0.032369
0.034597
0.035493
0.035574
0.034914
0.036444
0.032946
0.033257
0.033282
0.032224
0.033296
0.033042
0.031027
0.030464
0.032987
0.034688
0.034196
0.034309
0.034946
0.032781
0.031607
0.029117
0.031864
0.030792
0.029618
0.031228
0.027682
0.029995
0.032183
0.032564
0.030966
0.031526
0.031384
0.027844
0.026382
0.028620
0.028803
0.027592
0.028545
0.028022
0.029158
0.030536
0.027413
0.027052
0.028520
0.028971
0.028057
0.028390
0.027606
0.024177
0.025756
0.025485
0.025605
0.028310
0.024730
0.022378
0.024513
0.025308
0.023378
0.027271
0.022933
0.019552
0.025371
0.024085
0.024326
0.022199
0.021485
0.023412
0.022451
0.023456
0.020998
0.022668
0.021602
0.022062
0.022421
0.022380
0.019912
0.017428
0.020482
0.018411
0.018262
0.019051
0.016476
0.019309
0.013658
0.018740
0.017816
0.014126
0.014448
0.014707
0.015423
0.014324
0.013226
0.013049
0.014034
0.011673
0.015452
0.015549
0.012533
0.014045
0.014965
0.014056
0.014048
0.013995
0.012348
0.011239
0.011666
0.010153
0.012060
0.009543
0.009972
0.011453
0.007992
0.009172
0.009778
0.008625
0.008626
0.006875
0.006924
0.006531
0.009022
0.006014
0.006401
0.004263
0.006490
0.006821
0.000793
0.002684
-0.000806
0.002379
0.002372
0.000657
0.003915
0.001506
0.002277
-0.001434
0.000239
0.000924
0.000088
-0.000584
-0.002962
-0.002399
-0.003413
-0.003628
-0.005995
-0.006665
-0.005263
-0.004868
-0.006458
-0.004624
-0.002935
-0.007139
-0.007063
-0.009364
-0.007923
-0.009917
-0.011501
-0.007464
-0.010308
-0.009280
-0.012745
-0.012782
-0.011879
-0.012602
-0.010675
-0.012393
-0.014167
-0.012883
-0.015516
-0.016697
-0.016423
-0.018443
-0.013857
-0.015627
-0.019934
-0.020781
-0.019841
-0.019889
-0.018580
-0.020011
-0.020241
-0.021842
-0.020747
-0.019696
-0.025353
-0.024721
-0.026774
-0.025316
-0.026572
-0.026352
-0.025259
-0.027700
-0.025419
-0.028067
-0.029140
-0.028452
-0.027681
-0.032213
-0.030142
-0.030203
-0.031264
-0.032831
-0.033196
-0.031760
-0.033148
-0.030704
-0.033616
-0.034389
-0.034378
-0.037340
-0.037522
-0.038024
-0.040093
-0.034775
-0.042837
-0.040154
-0.039808
-0.044338
-0.041744
-0.040583
-0.046268
-0.044220
-0.046158
-0.047172
-0.045670
-0.043208
-0.045389
-0.046514
-0.046251
-0.045238
-0.048181
-0.048402
-0.048478
-0.050014
-0.051411
-0.049846
-0.053098
-0.052187
-0.052123
-0.053093
-0.055293
-0.058226
-0.057175
-0.057155
-0.057955
-0.057154
-0.061453
-0.060086
-0.059532
-0.061280
-0.063637
-0.061284
-0.063439
-0.058677
-0.062028
-0.062614
-0.060510
-0.061452
-0.065181
-0.064322
-0.066035
-0.068121
-0.065167
-0.068129
-0.070570
-0.071255
-0.070061
-0.072104
-0.073956
-0.074830
-0.074014
-0.075208
-0.076053
-0.078704
-0.074215
-0.078364
-0.077888
-0.074268
-0.079363
-0.078473
-0.074792
-0.078285
-0.079220
-0.079810
-0.080301
-0.084200
-0.079945
-0.084221
-0.085730
-0.084949
-0.088312
-0.087736
-0.085155
-0.086952
-0.088349
-0.090528
-0.089203
-0.088874
-0.092010
-0.088918
-0.087238
-0.094129
-0.093848
-0.091442
-0.094111
-0.094923
-0.095069
-0.098842
-0.095948
-0.101721
-0.095289
-0.097572
-0.099869
-0.099528
-0.099963
-0.101472
-0.104366
-0.101149
-0.104638
-0.099438
-0.103834
-0.104299
-0.104493
-0.102151
-0.105661
-0.110134
-0.106854
-0.108690
-0.109079
-0.111511
-0.113630
-0.115245
-0.109992
-0.113520
-0.112861
-0.114171
-0.115295
-0.114894
-0.112634
-0.114483
-0.113267
-0.116362
-0.119322
-0.119466
-0.119176
-0.117130
-0.121868
-0.122343
-0.126176
-0.124115
-0.124741
-0.124971
-0.123241
-0.125013
-0.127090
-0.126775
-0.125258
-0.128658
-0.129533
-0.132147
-0.127598
-0.131113
-0.133408
-0.132018
-0.131184
-0.134250
-0.134899
-0.134126
-0.132240
-0.133877
-0.134896
-0.139386
-0.138560
-0.139348
-0.137888
-0.141131
-0.142167
-0.143941
-0.139174
-0.144599
-0.143600
-0.143646
-0.142942
-0.146607
-0.143885
-0.142962
-0.146900
-0.146781
-0.149610
-0.148786
-0.150147
-0.152164
-0.156285
-0.151792
-0.150502
-0.154301
-0.153143
-0.152633
-0.155492
-0.154834
-0.155718
-0.159121
-0.160820
-0.158281
-0.159950
-0.162541
-0.159842
-0.159471
-0.159670
-0.160299
-0.166395
-0.163005
-0.159290
-0.165244
-0.169048
-0.167269
-0.171471
-0.162781
-0.168564
-0.165593
-0.167847
-0.168052
-0.172675
-0.168373
-0.171036
-0.172108
-0.176435
-0.174831
-0.176411
-0.176713
-0.175134
-0.179827
-0.178250
-0.174306
-0.176042
-0.177898
-0.179502
-0.179859
-0.179426
-0.177479
-0.178188
-0.181282
-0.180645
-0.184885
-0.185396
-0.182074
-0.183273
-0.186084
-0.188717
-0.186633
-0.187751
-0.185579
-0.183397
-0.190315
-0.188305
-0.190901
-0.191931
-0.187865
-0.192970
-0.189991
-0.191054
-0.189521
-0.195331
-0.191145
-0.190817
-0.191146
-0.195724
-0.192518
-0.196663
-0.197131
-0.196333
-0.199255
-0.199945
-0.195230
-0.193796
-0.198115
-0.196904
-0.201711
-0.196340
-0.199829
-0.201182
-0.199544
-0.201307
-0.197891
-0.202421
-0.201596
-0.205127
-0.204528
-0.206897
-0.202230
-0.202810
-0.200259
-0.205501
-0.206032
-0.205887
-0.204658
-0.206770
-0.206052
-0.205164
-0.207358
-0.207184
-0.208344
-0.205943
-0.208695
-0.209803
-0.214226
-0.206077
-0.212565
-0.207357
-0.207234
-0.213316
-0.213193
-0.207511
-0.211359
-0.212215
-0.208635
-0.215914
-0.208324
-0.209725
-0.213839
-0.212606
-0.217388
-0.208067
-0.213583
-0.214596
-0.212852
-0.216474
-0.214552
-0.216849
-0.219919
-0.215808
-0.213011
-0.211261
-0.215048
-0.214735
-0.212273
-0.216288
-0.216612
-0.215395
-0.212960
-0.218007
-0.219605
-0.216025
-0.217171
-0.214714
-0.217308
-0.217717
-0.220638
-0.216798
-0.216761
-0.217670
-0.218712
-0.212817
-0.220064
-0.219233
-0.209272
-0.215992
-0.219333
-0.216527
-0.220618
-0.215918
-0.219115
-0.217853
-0.219540
-0.220130
-0.219328
-0.217357
-0.214028
-0.218007
-0.216380
-0.218713
-0.219749
-0.212729
-0.219190
-0.216618
-0.210649
-0.219561
-0.217620
-0.213727
-0.213002
-0.214909
-0.221946
-0.216974
-0.218044
-0.217792
-0.215272
-0.217204
-0.213559
-0.210306
-0.214584
-0.214215
-0.212415
-0.213558
-0.216941
-0.212733
-0.217083
-0.216970
-0.215166
-0.212623
-0.209296
-0.211370
-0.212337
-0.211619
-0.215038
-0.209832
-0.215357
-0.213507
-0.213310
-0.211852
-0.213291
-0.206109
-0.207222
-0.202899
-0.214445
-0.205092
-0.207940
-0.208785
-0.209863
-0.211482
-0.203086
-0.211099
-0.206011
-0.205895
-0.207879
-0.206144
-0.202772
-0.202134
-0.202913
-0.210136
-0.203912
-0.202386
-0.198921
-0.206729
-0.197356
-0.197492
-0.204796
-0.199625
-0.199875
-0.194561
-0.198019
-0.198369
-0.198389
-0.193976
-0.193333
-0.199344
-0.196365
-0.195318
-0.196558
-0.187819
-0.193055
-0.196621
-0.195070
-0.193662
-0.190762
-0.188648
-0.190634
-0.186716
-0.187777
-0.186837
-0.190683
-0.186142
-0.183521
-0.182507
-0.184134
-0.184225
-0.186084
-0.188117
-0.184378
-0.177807
-0.179478
-0.178355
-0.179581
-0.173809
-0.177609
-0.175839
-0.177312
-0.178307
-0.171670
-0.177284
-0.175861
-0.170204
-0.171737
-0.167905
-0.170259
-0.169126
-0.168894
-0.169128
-0.161182
-0.168611
-0.166409
-0.162689
-0.168986
-0.159535
-0.162908
-0.164658
-0.157920
-0.161063
-0.154196
-0.156362
-0.152447
-0.155659
-0.154163
-0.156755
-0.153062
-0.149112
-0.147890
-0.143570
-0.150958
-0.150853
-0.148599
-0.145769
-0.149637
-0.141639
-0.148983
-0.142532
-0.138802
-0.142566
-0.134412
-0.137537
-0.133504
-0.133265
-0.132559
-0.133183
-0.131353
-0.132818
-0.132708
-0.132912
-0.127949
-0.124618
-0.123620
-0.124293
-0.124495
-0.121012
-0.119158
-0.121900
-0.119158
-0.112484
-0.112891
-0.118496
-0.114314
-0.111857
-0.111214
-0.110557
-0.107945
-0.108845
-0.105793
-0.109197
-0.104264
-0.095587
-0.098358
-0.101838
-0.098899
-0.099224
-0.091778
-0.097012
-0.098849
-0.088586
-0.090534
-0.089173
-0.089988
-0.082952
-0.085157
-0.079628
-0.086101
-0.078650
-0.080755
-0.075569
-0.075604
-0.069075
-0.072873
-0.068248
-0.070423
-0.065041
-0.071009
-0.067210
-0.059872
-0.066058
-0.063814
-0.061751
-0.060129
-0.061829
-0.052963
-0.050288
-0.054503
-0.048244
-0.047774
-0.047081
-0.040312
-0.039618
-0.041899
-0.045700
-0.041272
-0.039695
-0.035103
-0.033364
-0.032641
-0.026816
-0.030264
-0.026235
-0.030936
-0.028089
-0.021308
-0.018105
-0.022953
-0.010581
-0.016642
-0.014595
-0.010317
-0.007143
-0.008878
-0.014955
-0.001897
-0.001720
-0.003615
-0.002169
0.005839
0.002634
0.007703
0.011755
0.000011
0.012886
0.013905
0.021823
0.015037
0.017695
0.019031
0.025170
0.023850
0.023371
0.027492
0.032429
0.026744
0.034476
0.032157
0.042978
0.042236
0.040063
0.037504
0.047823
0.049287
0.052322
0.052438
0.048702
0.050587
0.054605
0.056606
0.064558
0.065701
0.063491
0.063511
0.062507
0.075358
0.073106
0.073397
0.077006
0.077145
0.080376
0.082441
0.087012
0.090159
0.085288
0.093291
0.093413
0.092653
0.094115
0.101339
0.098286
0.102646
0.106649
0.104991
0.110607
0.108962
0.107148
0.114540
0.113104
0.122571
0.119831
0.120905
0.123937
0.130289
0.129192
0.131545
0.135406
0.138094
0.135232
0.135115
0.140461
0.146402
0.148527
0.148391
0.153188
0.152548
0.154972
0.159392
0.156057
0.157473
0.160067
0.170091
0.165230
0.164579
0.167530
0.168289
0.182059
0.181632
0.179680
0.189823
0.186168
0.179980
0.188299
0.193978
0.193965
0.197630
0.196795
0.199621
0.196766
0.202445
0.206891
0.207010
0.215142
0.216361
0.212896
0.216482
0.218248
0.221297
0.226231
0.225827
0.231534
0.232989
0.242834
0.231007
0.240694
0.234611
0.238336
0.240708
0.241746
0.252048
0.252554
0.256344
0.253290
0.267747
0.262061
0.266538
0.257601
0.274677
0.270054
0.270921
0.272114
0.285627
0.276577
0.280066
0.278365
0.288264
0.290593
0.289888
0.295877
0.297864
0.300279
0.297319
0.303064
0.303164
0.305967
0.312905
0.309107
0.318466
0.310110
0.324580
0.321762
0.328197
0.324827
0.325449
0.331937
0.338274
0.337806
0.335925
0.342939
0.344666
0.343890
0.351884
0.351473
0.348613
0.347663
0.358088
0.361151
0.357234
0.363174
0.367012
0.372016
0.374172
0.377339
0.376020
0.377741
0.378459
0.385387
0.395157
0.391226
0.390097
0.392784
0.392843
0.392560
0.404297
0.401356
0.408528
0.407776
0.408346
0.417056
0.413073
0.420758
0.415829
0.421022
0.416968
0.426064
0.431601
0.435303
0.443710
0.443244
0.444428
0.438444
0.444047
0.449174
0.442619
0.449350
0.454329
0.456014
0.456746
0.454347
0.460819
0.470713
0.468512
0.468671
0.479611
0.476277
0.481001
0.478041
0.484927
0.484591
0.486531
0.490030
0.488621
0.501697
0.498194
0.496543
0.491483
0.506755
0.506031
0.507192
0.518079
0.514831
0.526282
0.513539
0.518492
0.524837
0.524496
0.531824
0.536941
0.533632
0.537635
0.532206
0.538053
0.542058
0.544570
0.535947
0.553684
0.550825
0.559183
0.555452
0.559039
0.566611
0.562218
0.566121
0.566455
0.567727
0.577678
0.571623
0.579445
0.581084
0.587596
0.578621
0.587095
0.589151
0.598559
0.592222
0.594153
0.594560
0.600285
0.601891
0.613600
0.604123
0.604913
0.606846
0.615157
0.619064
0.623379
0.622087
0.626511
0.618795
0.635359
0.624292
0.632726
0.634883
0.639063
0.644164
0.642451
0.636972
0.648249
0.650455
0.648077
0.659262
0.654554
0.652406
0.653123
0.661212
0.660061
0.671918
0.661334
0.666049
0.673675
0.681025
0.677508
0.683831
0.679764
0.683041
0.687880
0.687054
0.683458
0.694845
0.684782
0.700728
0.689990
0.704953
0.700938
0.706790
0.702303
0.702896
0.717577
0.716977
0.711436
0.706267
0.722336
0.713736
0.725757
0.725312
0.727944
0.726768
0.737985
0.735361
0.729827
0.737090
0.739669
0.731703
0.745538
0.741432
0.747661
0.753224
0.740912
0.752288
0.759235
0.750459
0.754218
0.760421
0.761178
0.770678
0.759160
0.770440
0.769871
0.768574
0.769126
0.777059
0.771152
0.775692
0.783518
0.785031
0.782310
0.788758
0.785836
0.787234
0.795190
0.781186
0.786576
0.803511
0.802177
0.805459
0.801676
0.806630
0.798970
0.806910
0.797161
0.811449
0.818912
0.810493
0.825199
0.813821
0.812127
0.813182
0.823879
0.827004
0.822106
0.823389
0.822890
0.831774
0.839361
0.832847
0.835285
0.841640
0.838748
0.841592
0.835913
0.836919
0.838444
0.849307
0.850730
0.839115
0.849874
0.852855
0.852799
0.857181
0.864471
0.859691
0.860517
0.859784
0.861754
0.858586
0.859248
0.863778
0.864929
0.873966
0.869873
0.865651
0.868646
0.873001
0.883954
0.875182
0.881631
0.880003
0.885144
0.888724
0.874958
0.881016
0.895724
0.884340
0.886178
0.886721
0.890279
0.889035
0.896386
0.901133
0.890980
0.893767
0.898062
0.909322
0.900759
0.896638
0.909952
0.892610
0.898321
0.912316
0.914388
0.908086
0.908537
0.909446
0.906973
0.903053
0.917212
0.921681
0.918186
0.920852
0.916254
0.921453
0.912306
0.914321
0.919570
0.918493
0.927076
0.929496
0.927986
0.924417
0.933429
0.927687
0.920476
0.922999
0.941652
0.932428
0.932454
0.939327
0.923208
0.931259
0.944124
0.931879
0.938429
0.924266
0.934788
0.942884
0.936786
0.954293
0.940635
0.944460
0.955708
0.944501
0.935314
0.940786
0.943487
0.947525
0.953216
0.947192
0.940970
0.951560
0.951141
0.952704
0.945119
0.950647
0.946480
0.957557
0.951745
0.946739
0.962853
0.951155
0.951185
0.949175
0.972122
0.957838
0.950568
0.954477
0.953223
0.952611
0.962819
0.955781
0.956359
0.964764
0.967012
0.961017
0.954403
0.957982
0.961633
0.959604
0.962775
0.960880
0.967338
0.961523
0.960897
0.963910
0.960741
0.959787
0.961396
0.964037
0.963391
0.961756
0.963836
0.972012
0.960945
0.962665
0.962128
0.966121
0.966677
0.960393
0.970683
0.965466
0.965091
0.961086
0.964239
0.964677
0.966734
0.964677
0.964239
0.961086
0.965091
0.965466
0.970683
0.960393
0.966677
0.966121
0.962128
0.962665
0.960945
0.972012
0.963836
0.961756
0.963391
0.964037
0.961396
0.959787
0.960741
0.963910
0.960897
0.961523
0.967338
0.960880
0.962775
0.959604
0.961633
0.957982
0.954403
0.961017
0.967012
0.964764
0.956359
0.955781
0.962819
0.952611
0.953223
0.954477
0.950568
0.957838
0.972122
0.949175
0.951185
0.951155
0.962853
0.946739
0.951745
0.957557
0.946480
0.950647
0.945119
0.952704
0.951141
0.951560
0.940970
0.947192
0.953216
0.947525
0.943487
0.940786
0.935314
0.944501
0.955708
0.944460
0.940635
0.954293
0.936786
0.942884
0.934788
0.924266
0.938429
0.931879
0.944124
0.931259
0.923208
0.939327
0.932454
0.932428
0.941652
0.922999
0.920476
0.927687
0.933429
0.924417
0.927986
0.929496
0.927076
0.918493
0.919570
0.914321
0.912306
0.921453
0.916254
0.920852
0.918186
0.921681
0.917212
0.903053
0.906973
0.909446
0.908537
0.908086
0.914388
0.912316
0.898321
0.892610
0.909952
0.896638
0.900759
0.909322
0.898062
0.893767
0.890980
0.901133
0.896386
0.889035
0.890279
0.886721
0.886178
0.884340
0.895724
0.881016
0.874958
0.888724
0.885144
0.880003
0.881631
0.875182
0.883954
0.873001
0.868646
0.865651
0.869873
0.873966
0.864929
0.863778
0.859248
0.858586
0.861754
0.859784
0.860517
0.859691
0.864471
0.857181
0.852799
0.852855
0.849874
0.839115
0.850730
0.849307
0.838444
0.836919
0.835913
0.841592
0.838748
0.841640
0.835285
0.832847
0.839361
0.831774
0.822890
0.823389
0.822106
0.827004
0.823879
0.813182
0.812127
0.813821
0.825199
0.810493
0.818912
0.811449
0.797161
0.806910
0.798970
0.806630
0.801676
0.805459
0.802177
0.803511
0.786576
0.781186
0.795190
0.787234
0.785836
0.788758
0.782310
0.785031
0.783518
0.775692
0.771152
0.777059
0.769126
0.768574
0.769871
0.770440
0.759160
0.770678
0.761178
0.760421
0.754218
0.750459
0.759235
0.752288
0.740912
0.753224
0.747661
0.741432
0.745538
0.731703
0.739669
0.737090
0.729827
0.735361
0.737985
0.726768
0.727944
0.725312
0.725757
0.713736
0.722336
0.706267
0.711436
0.716977
0.717577
0.702896
0.702303
0.706790
0.700938
0.704953
0.689990
0.700728
0.684782
0.694845
0.683458
0.687054
0.687880
0.683041
0.679764
0.683831
0.677508
0.681025
0.673675
0.666049
0.661334
0.671918
0.660061
0.661212
0.653123
0.652406
0.654554
0.659262
0.648077
0.650455
0.648249
0.636972
0.642451
0.644164
0.639063
0.634883
0.632726
0.624292
0.635359
0.618795
0.626511
0.622087
0.623379
0.619064
0.615157
0.606846
0.604913
0.604123
0.613600
0.601891
0.600285
0.594560
0.594153
0.592222
0.598559
0.589151
0.587095
0.578621
0.587596
0.581084
0.579445
0.571623
0.577678
0.567727
0.566455
0.566121
0.562218
0.566611
0.559039
0.555452
0.559183
0.550825
0.553684
0.535947
0.544570
0.542058
0.538053
0.532206
0.537635
0.533632
0.536941
0.531824
0.524496
0.524837
0.518492
0.513539
0.526282
0.514831
0.518079
0.507192
0.506031
0.506755
0.491483
0.496543
0.498194
0.501697
0.488621
0.490030
0.486531
0.484591
0.484927
0.478041
0.481001
0.476277
0.479611
0.468671
0.468512
0.470713
0.460819
0.454347
0.456746
0.456014
0.454329
0.449350
0.442619
0.449174
0.444047
0.438444
0.444428
0.443244
0.443710
0.435303
0.431601
0.426064
0.416968
0.421022
0.415829
0.420758
0.413073
0.417056
0.408346
0.407776
0.408528
0.401356
0.404297
0.392560
0.392843
0.392784
0.390097
0.391226
0.395157
0.385387
0.378459
0.377741
0.376020
0.377339
0.374172
0.372016
0.367012
0.363174
0.357234
0.361151
0.358088
0.347663
0.348613
0.351473
0.351884
0.343890
0.344666
0.342939
0.335925
0.337806
0.338274
0.331937
0.325449
0.324827
0.328197
0.321762
0.324580
0.310110
0.318466
0.309107
0.312905
0.305967
0.303164
0.303064
0.297319
0.300279
0.297864
0.295877
0.289888
0.290593
0.288264
0.278365
0.280066
0.276577
0.285627
0.272114
0.270921
0.270054
0.274677
0.257601
0.266538
0.262061
0.267747
0.253290
0.256344
0.252554
0.252048
0.241746
0.240708
0.238336
0.234611
0.240694
0.231007
0.242834
0.232989
0.231534
0.225827
0.226231
0.221297
0.218248
0.216482
0.212896
0.216361
0.215142
0.207010
0.206891
0.202445
0.196766
0.199621
0.196795
0.197630
0.193965
0.193978
0.188299
0.179980
0.186168
0.189823
0.179680
0.181632
0.182059
0.168289
0.167530
0.164579
0.165230
0.170091
0.160067
0.157473
0.156057
0.159392
0.154972
0.152548
0.153188
0.148391
0.148527
0.146402
0.140461
0.135115
0.135232
0.138094
0.135406
0.131545
0.129192
0.130289
0.123937
0.120905
0.119831
0.122571
0.113104
0.114540
0.107148
0.108962
0.110607
0.104991
0.106649
0.102646
0.098286
0.101339
0.094115
0.092653
0.093413
0.093291
0.085288
0.090159
0.087012
0.082441
0.080376
0.077145
0.077006
0.073397
0.073106
0.075358
0.062507
0.063511
0.063491
0.065701
0.064558
0.056606
0.054605
0.050587
0.048702
0.052438
0.052322
0.049287
0.047823
0.037504
0.040063
0.042236
0.042978
0.032157
0.034476
0.026744
0.032429
0.027492
0.023371
0.023850
0.025170
0.019031
0.017695
0.015037
0.021823
0.013905
0.012886
0.000011
0.011755
0.007703
0.002634
0.005839
-0.002169
-0.003615
-0.001720
-0.001897
-0.014955
-0.008878
-0.007143
-0.010317
-0.014595
-0.016642
-0.010581
-0.022953
-0.018105
-0.021308
-0.028089
-0.030936
-0.026235
-0.030264
-0.026816
-0.032641
-0.033364
-0.035103
-0.039695
-0.041272
-0.045700
-0.041899
-0.039618
-0.040312
-0.047081
-0.047774
-0.048244
-0.054503
-0.050288
-0.052963
-0.061829
-0.060129
-0.061751
-0.063814
-0.066058
-0.059872
-0.067210
-0.071009
-0.065041
-0.070423
-0.068248
-0.072873
-0.069075
-0.075604
-0.075569
-0.080755
-0.078650
-0.086101
-0.079628
-0.085157
-0.082952
-0.089988
-0.089173
-0.090534
-0.088586
-0.098849
-0.097012
-0.091778
-0.099224
-0.098899
-0.101838
-0.098358
-0.095587
-0.104264
-0.109197
-0.105793
-0.108845
-0.107945
-0.110557
-0.111214
-0.111857
-0.114314
-0.118496
-0.112891
-0.112484
-0.119158
-0.121900
-0.119158
-0.121012
-0.124495
-0.124293
-0.123620
-0.124618
-0.127949
-0.132912
-0.132708
-0.132818
-0.131353
-0.133183
-0.132559
-0.133265
-0.133504
-0.137537
-0.134412
-0.142566
-0.138802
-0.142532
-0.148983
-0.141639
-0.149637
-0.145769
-0.148599
-0.150853
-0.150958
-0.143570
-0.147890
-0.149112
-0.153062
-0.156755
-0.154163
-0.155659
-0.152447
-0.156362
-0.154196
-0.161063
-0.157920
-0.164658
-0.162908
-0.159535
-0.168986
-0.162689
-0.166409
-0.168611
-0.161182
-0.169128
-0.168894
-0.169126
-0.170259
-0.167905
-0.171737
-0.170204
-0.175861
-0.177284
-0.171670
-0.178307
-0.177312
-0.175839
-0.177609
-0.173809
-0.179581
-0.178355
-0.179478
-0.177807
-0.184378
-0.188117
-0.186084
-0.184225
-0.184134
-0.182507
-0.183521
-0.186142
-0.190683
-0.186837
-0.187777
-0.186716
-0.190634
-0.188648
-0.190762
-0.193662
-0.195070
-0.196621
-0.193055
-0.187819
-0.196558
-0.195318
-0.196365
-0.199344
-0.193333
-0.193976
-0.198389
-0.198369
-0.198019
-0.194561
-0.199875
-0.199625
-0.204796
-0.197492
-0.197356
-0.206729
-0.198921
-0.202386
-0.203912
-0.210136
-0.202913
-0.202134
-0.202772
-0.206144
-0.207879
-0.205895
-0.206011
-0.211099
-0.203086
-0.211482
-0.209863
-0.208785
-0.207940
-0.205092
-0.214445
-0.202899
-0.207222
-0.206109
-0.213291
-0.211852
-0.213310
-0.213507
-0.215357
-0.209832
-0.215038
-0.211619
-0.212337
-0.211370
-0.209296
-0.212623
-0.215166
-0.216970
-0.217083
-0.212733
-0.216941
-0.213558
-0.212415
-0.214215
-0.214584
-0.210306
-0.213559
-0.217204
-0.215272
-0.217792
-0.218044
-0.216974
-0.221946
-0.214909
-0.213002
-0.213727
-0.217620
-0.219561
-0.210649
-0.216618
-0.219190
-0.212729
-0.219749
-0.218713
-0.216380
-0.218007
-0.214028
-0.217357
-0.219328
-0.220130
-0.219540
-0.217853
-0.219115
-0.215918
-0.220618
-0.216527
-0.219333
-0.215992
-0.209272
-0.219233
-0.220064
-0.212817
-0.218712
-0.217670
-0.216761
-0.216798
-0.220638
-0.217717
-0.217308
-0.214714
-0.217171
-0.216025
-0.219605
-0.218007
-0.212960
-0.215395
-0.216612
-0.216288
-0.212273
-0.214735
-0.215048
-0.211261
-0.213011
-0.215808
-0.219919
-0.216849
-0.214552
-0.216474
-0.212852
-0.214596
-0.213583
-0.208067
-0.217388
-0.212606
-0.213839
-0.209725
-0.208324
-0.215914
-0.208635
-0.212215
-0.211359
-0.207511
-0.213193
-0.213316
-0.207234
-0.207357
-0.212565
-0.206077
-0.214226
-0.209803
-0.208695
-0.205943
-0.208344
-0.207184
-0.207358
-0.205164
-0.206052
-0.206770
-0.204658
-0.205887
-0.206032
-0.205501
-0.200259
-0.202810
-0.202230
-0.206897
-0.204528
-0.205127
-0.201596
-0.202421
-0.197891
-0.201307
-0.199544
-0.201182
-0.199829
-0.196340
-0.201711
-0.196904
-0.198115
-0.193796
-0.195230
-0.199945
-0.199255
-0.196333
-0.197131
-0.196663
-0.192518
-0.195724
-0.191146
-0.190817
-0.191145
-0.195331
-0.189521
-0.191054
-0.189991
-0.192970
-0.187865
-0.191931
-0.190901
-0.188305
-0.190315
-0.183397
-0.185579
-0.187751
-0.186633
-0.188717
-0.186084
-0.183273
-0.182074
-0.185396
-0.184885
-0.180645
-0.181282
-0.178188
-0.177479
-0.179426
-0.179859
-0.179502
-0.177898
-0.176042
-0.174306
-0.178250
-0.179827
-0.175134
-0.176713
-0.176411
-0.174831
-0.176435
-0.172108
-0.171036
-0.168373
-0.172675
-0.168052
-0.167847
-0.165593
-0.168564
-0.162781
-0.171471
-0.167269
-0.169048
-0.165244
-0.159290
-0.163005
-0.166395
-0.160299
-0.159670
-0.159471
-0.159842
-0.162541
-0.159950
-0.158281
-0.160820
-0.159121
-0.155718
-0.154834
-0.155492
-0.152633
-0.153143
-0.154301
-0.150502
-0.151792
-0.156285
-0.152164
-0.150147
-0.148786
-0.149610
-0.146781
-0.146900
-0.142962
-0.143885
-0.146607
-0.142942
-0.143646
-0.143600
-0.144599
-0.139174
-0.143941
-0.142167
-0.141131
-0.137888
-0.139348
-0.138560
-0.139386
-0.134896
-0.133877
-0.132240
-0.134126
-0.134899
-0.134250
-0.131184
-0.132018
-0.133408
-0.131113
-0.127598
-0.132147
-0.129533
-0.128658
-0.125258
-0.126775
-0.127090
-0.125013
-0.123241
-0.124971
-0.124741
-0.124115
-0.126176
-0.122343
-0.121868
-0.117130
-0.119176
-0.119466
-0.119322
-0.116362
-0.113267
-0.114483
-0.112634
-0.114894
-0.115295
-0.114171
-0.112861
-0.113520
-0.109992
-0.115245
-0.113630
-0.111511
-0.109079
-0.108690
-0.106854
-0.110134
-0.105661
-0.102151
-0.104493
-0.104299
-0.103834
-0.099438
-0.104638
-0.101149
-0.104366
-0.101472
-0.099963
-0.099528
-0.099869
-0.097572
-0.095289
-0.101721
-0.095948
-0.098842
-0.095069
-0.094923
-0.094111
-0.091442
-0.093848
-0.094129
-0.087238
-0.088918
-0.092010
-0.088874
-0.089203
-0.090528
-0.088349
-0.086952
-0.085155
-0.087736
-0.088312
-0.084949
-0.085730
-0.084221
-0.079945
-0.084200
-0.080301
-0.079810
-0.079220
-0.078285
-0.074792
-0.078473
-0.079363
-0.074268
-0.077888
-0.078364
-0.074215
-0.078704
-0.076053
-0.075208
-0.074014
-0.074830
-0.073956
-0.072104
-0.070061
-0.071255
-0.070570
-0.068129
-0.065167
-0.068121
-0.066035
-0.064322
-0.065181
-0.061452
-0.060510
-0.062614
-0.062028
-0.058677
-0.063439
-0.061284
-0.063637
-0.061280
-0.059532
-0.060086
-0.061453
-0.057154
-0.057955
-0.057155
-0.057175
-0.058226
-0.055293
-0.053093
-0.052123
-0.052187
-0.053098
-0.049846
-0.051411
-0.050014
-0.048478
-0.048402
-0.048181
-0.045238
-0.046251
-0.046514
-0.045389
-0.043208
-0.045670
-0.047172
-0.046158
-0.044220
-0.046268
-0.040583
-0.041744
-0.044338
-0.039808
-0.040154
-0.042837
-0.034775
-0.040093
-0.038024
-0.037522
-0.037340
-0.034378
-0.034389
-0.033616
-0.030704
-0.033148
-0.031760
-0.033196
-0.032831
-0.031264
-0.030203
-0.030142
-0.032213
-0.027681
-0.028452
-0.029140
-0.028067
-0.025419
-0.027700
-0.025259
-0.026352
-0.026572
-0.025316
-0.026774
-0.024721
-0.025353
-0.019696
-0.020747
-0.021842
-0.020241
-0.020011
-0.018580
-0.019889
-0.019841
-0.020781
-0.019934
-0.015627
-0.013857
-0.018443
-0.016423
-0.016697
-0.015516
-0.012883
-0.014167
-0.012393
-0.010675
-0.012602
-0.011879
-0.012782
-0.012745
-0.009280
-0.010308
-0.007464
-0.011501
-0.009917
-0.007923
-0.009364
-0.007063
-0.007139
-0.002935
-0.004624
-0.006458
-0.004868
-0.005263
-0.006665
-0.005995
-0.003628
-0.003413
-0.002399
-0.002962
-0.000584
0.000088
0.000924
0.000239
-0.001434
0.002277
0.001506
0.003915
0.000657
0.002372
0.002379
-0.000806
0.002684
0.000793
0.006821
0.006490
0.004263
0.006401
0.006014
0.009022
0.006531
0.006924
0.006875
0.008626
0.008625
0.009778
0.009172
0.007992
0.011453
0.009972
0.009543
0.012060
0.010153
0.011666
0.011239
0.012348
0.013995
0.014048
0.014056
0.014965
0.014045
0.012533
0.015549
0.015452
0.011673
0.014034
0.013049
0.013226
0.014324
0.015423
0.014707
0.014448
0.014126
0.017816
0.018740
0.013658
0.019309
0.016476
0.019051
0.018262
0.018411
0.020482
0.017428
0.019912
0.022380
0.022421
0.022062
0.021602
0.022668
0.020998
0.023456
0.022451
0.023412
0.021485
0.022199
0.024326
0.024085
0.025371
0.019552
0.022933
0.027271
0.023378
0.025308
0.024513
0.022378
0.024730
0.028310
0.025605
0.025485
0.025756
0.024177
0.027606
0.028390
0.028057
0.028971
0.028520
0.027052
0.027413
0.030536
0.029158
0.028022
0.028545
0.027592
0.028803
0.028620
0.026382
0.027844
0.031384
0.031526
0.030966
0.032564
0.032183
0.029995
0.027682
0.031228
0.029618
0.030792
0.031864
0.029117
0.031607
0.032781
0.034946
0.034309
0.034196
0.034688
0.032987
0.030464
0.031027
0.033042
0.033296
0.032224
0.033282
0.033257
0.032946
0.036444
0.034914
0.035574
0.035493
0.034597
0.032369
0.033750
0.033965
0.035863
0.035440
0.035261
0.035430
0.036495
0.036294
0.035257
0.032796
0.035058
0.036822
0.034423
0.034881
0.036350
0.036319
0.036713
0.036041
0.037570
0.036419
0.037687
0.035537
0.040032
0.039377
0.037746
0.037878
0.037315
0.034942
0.036262
0.037344
0.036731
0.036198
0.034096
0.036444
0.038193
0.039376
0.036388
0.040609
0.037247
0.039104
0.041706
0.039531
0.038565
0.036946
0.040332
0.037753
0.039640
0.038215
0.041345
0.036811
0.037190
0.038849
0.036980
0.040093
0.036462
0.039517
0.037656
0.039219
0.038715
0.038884
0.039380
0.037829
0.040288
0.038808
0.040115
0.038703
0.038923
0.040777
0.039870
0.039667
0.039899
0.040152
0.040822
0.037427
0.041231
0.039106
0.038905
0.037527
0.040680
0.037365
0.038053
0.041395
0.037120
0.039414
0.039632
0.039205
0.042083
0.039983
0.038985
0.038876
0.039255
0.041850
0.040341
0.037703
0.039215
0.041848
0.039088
0.041490
0.039908
0.038506
0.040945
0.040138
0.038130
0.040793
0.040955
0.039650
0.037989
0.038816
0.040456
0.038159
0.040683
0.041085
0.041651
0.036692
0.040362
0.041043
0.037520
0.038281
0.040434
0.037740
0.038032
0.036964
0.038309
0.038991
0.039035
0.040312
0.037942
0.040371
0.037168
0.038263
0.041453
0.038504
0.037696
0.038250
0.038782
0.038834
0.038567
0.038929
0.039872
0.037673
0.037643
0.039605
0.036987
0.036950
0.035947
0.035562
0.036076
0.034182
0.036567
0.038422
0.039181
0.036383
0.036632
0.037679
0.036244
0.037925
0.036065
0.033775
0.036065
0.034839
0.035854
0.036996
0.035205
0.034980
0.035561
0.035764
0.034627
0.035207
0.035416
0.035197
0.033749
0.033579
0.034982
0.031192
0.031952
0.032616
0.033862
0.031063
0.033244
0.032695
0.033075
0.033791
0.032363
0.033979
0.032645
0.033065
0.031332
0.030772
0.030778
0.031720
0.032476
0.030926
0.032056
0.032230
0.030061
0.028787
0.029613
0.028617
0.029757
0.028986
0.027358
0.027498
0.028334
0.028379
0.028244
0.028623
0.028519
0.028632
0.028647
0.029322
0.028284
0.028936
0.027395
0.028165
0.024424
0.027969
0.028054
0.027945
0.026450
0.027091
0.026565
0.025043
0.026680
0.024947
0.024115
0.024502
0.022990
0.023507
0.025900
0.023334
0.025897
0.022644
0.023713
0.022829
0.024446
0.024494
0.023324
0.023352
0.022002
0.024072
0.024989
0.022992
0.021830
0.022696
0.022024
0.022870
0.020962
0.021284
0.021472
0.020673
0.021830
0.019390
0.019727
0.020488
0.020179
0.019741
0.020691
0.020415
0.019611
0.021042
0.018383
0.018687
0.019920
0.020373
0.018637
0.021397
0.018323
0.018613
0.019343
0.020157
0.018296
0.019569
0.017255
0.017259
0.016470
0.016810
0.016797
0.017412
0.016288
0.016439
0.018773
0.015280
0.018353
0.017090
0.017080
0.017472
0.014374
0.016116
0.014533
0.016831
0.015697
0.015298
0.016965
0.015273
0.014391
0.016701
0.015034
0.013072
0.014748
0.012202
0.014025
0.015139
0.012530
0.014722
0.013468
0.013690
0.013947
0.013534
0.014671
0.014227
0.012733
0.015953
0.011601
0.012727
0.013791
0.014014
0.011437
0.014099
0.011561
0.012749
0.013338
0.011182
0.012466
0.011359
0.012449
0.009578
0.012323
0.009967
0.009525
0.011425
0.011280
0.011179
0.012081
0.012395
0.010188
0.010364
0.009511
0.011070
0.011483
0.009749
0.008536
0.012819
0.007385
0.011316
0.008677
0.008588
0.009757
0.010378
0.009757
0.008331
0.010565
0.007956
0.007857
0.008929
0.008982
0.008994
0.008089
0.007921
0.007378
0.007703
0.008699
0.008488
0.006576
0.009544
0.006387
0.008492
0.006818
0.007497
0.004587
0.005505
0.005831
0.007707
0.007899
0.009396
0.008536
0.010566
0.009575
0.012231
0.012128
0.011476
0.010503
0.010745
0.013680
0.012484
0.013688
0.012929
0.011870
0.012473
0.009400
0.013061
0.016273


