M_loss: 4, M_sym: 4300.0, M_power: 9000, M_bandwidth: 22.3872113856834
0.023950
0.018227
0.019170
0.017246
0.017789
0.017066
0.016824
0.018491
0.015993
0.014745
0.013875
0.012186
0.014104
0.012075
0.012193
0.010594
0.011296
0.011991
0.010893
0.011338
0.011749
0.010607
0.011218
0.011543
0.012225
0.011808
0.012286
0.012862
0.012992
0.013776
0.014494
0.013691
0.012552
0.011597
0.014136
0.013856
0.013963
0.013478
0.014368
0.013129
0.012893
0.014870
0.014285
0.016177
0.017030
0.015314
0.016096
0.015112
0.014933
0.013861
0.016280
0.017151
0.014928
0.014687
0.014925
0.016995
0.018228
0.018179
0.018691
0.018336
0.017544
0.017393
0.019099
0.018225
0.018244
0.018015
0.019512
0.017352
0.018715
0.018496
0.017760
0.019054
0.020473
0.020341
0.019861
0.022136
0.019884
0.020477
0.022121
0.021602
0.021818
0.020125
0.021934
0.020630
0.022335
0.020731
0.018150
0.021908
0.021284
0.022618
0.025510
0.024444
0.023282
0.022109
0.022311
0.023165
0.024299
0.024302
0.023481
0.026143
0.024973
0.022887
0.024168
0.025990
0.024711
0.026218
0.028052
0.026279
0.025765
0.026068
0.026974
0.024357
0.026891
0.026420
0.025909
0.026519
0.028622
0.026447
0.028382
0.030155
0.029330
0.029584
0.029671
0.027417
0.028409
0.029065
0.027876
0.029702
0.030179
0.028857
0.029857
0.029629
0.031493
0.032114
0.031665
0.029925
0.032437
0.032156
0.032041
0.029808
0.030252
0.033065
0.032524
0.033633
0.033954
0.033607
0.035743
0.033536
0.031163
0.034533
0.033906
0.031990
0.033696
0.033026
0.035657
0.034008
0.037315
0.034495
0.036195
0.036093
0.035860
0.037521
0.036782
0.037652
0.036282
0.037548
0.038538
0.037699
0.035253
0.038340
0.036327
0.039008
0.037958
0.039214
0.037361
0.039801
0.039429
0.039339
0.039928
0.040986
0.040308
0.039226
0.038993
0.040312
0.038515
0.040895
0.041237
0.042537
0.041283
0.042196
0.042174
0.042328
0.043147
0.044888
0.043017
0.043098
0.042305
0.043250
0.042047
0.043133
0.045462
0.044909
0.044087
0.043136
0.045339
0.043177
0.041974
0.045512
0.043971
0.044862
0.044972
0.047219
0.047887
0.046694
0.048234
0.047732
0.047856
0.046601
0.045129
0.048069
0.047146
0.047555
0.047628
0.047231
0.049845
0.047884
0.049077
0.047231
0.047933
0.049705
0.050407
0.050941
0.049754
0.048997
0.050824
0.050850
0.051506
0.052619
0.049274
0.051162
0.050169
0.050772
0.048991
0.048873
0.051726
0.051216
0.052979
0.053281
0.052769
0.053388
0.054215
0.053957
0.052792
0.052914
0.054653
0.053392
0.055053
0.052784
0.053477
0.055379
0.051908
0.053801
0.054309
0.054166
0.055791
0.054419
0.055065
0.053582
0.059397
0.056574
0.055665
0.056468
0.055505
0.056415
0.056178
0.057291
0.056448
0.055500
0.055704
0.056289
0.057128
0.058309
0.055843
0.056982
0.055238
0.060405
0.056683
0.058541
0.059667
0.059416
0.060353
0.060280
0.058870
0.056963
0.057804
0.058339
0.057347
0.059964
0.057826
0.058823
0.058316
0.060790
0.060823
0.061007
0.060508
0.059924
0.059019
0.059076
0.059769
0.060488
0.059632
0.060586
0.061568
0.061372
0.061625
0.060380
0.064226
0.062817
0.061084
0.060720
0.060851
0.060600
0.060735
0.061309
0.061020
0.059107
0.059446
0.062024
0.061311
0.063844
0.061729
0.061144
0.063550
0.063798
0.061691
0.061256
0.063490
0.058651
0.062610
0.064128
0.062436
0.064147
0.064415
0.064265
0.062154
0.064411
0.064273
0.062524
0.061114
0.059639
0.059145
0.062662
0.062429
0.061368
0.063700
0.064591
0.062075
0.064486
0.062759
0.064893
0.065246
0.062643
0.060723
0.063997
0.062949
0.063471
0.061537
0.062052
0.062079
0.061829
0.064556
0.061194
0.062412
0.065542
0.060168
0.061699
0.062856
0.065086
0.063811
0.064467
0.064086
0.060674
0.063371
0.061949
0.062857
0.060921
0.061633
0.061016
0.063599
0.061897
0.062259
0.063692
0.059577
0.060333
0.061671
0.062706
0.059754
0.062282
0.061167
0.062337
0.063463
0.062919
0.062542
0.063231
0.060326
0.061120
0.057799
0.061231
0.058839
0.059853
0.060618
0.061675
0.058523
0.059890
0.061038
0.060498
0.059590
0.058311
0.058672
0.058865
0.059144
0.059108
0.059109
0.064523
0.057487
0.057837
0.058387
0.057830
0.057514
0.058523
0.057669
0.054778
0.058993
0.056598
0.057378
0.059948
0.054457
0.054972
0.052435
0.055731
0.052852
0.056968
0.055179
0.057588
0.058155
0.053776
0.054529
0.055226
0.056573
0.055196
0.054137
0.056157
0.052580
0.052349
0.051275
0.049885
0.052596
0.052369
0.053935
0.051712
0.054173
0.051582
0.047887
0.051263
0.051643
0.051734
0.051341
0.046963
0.049132
0.048017
0.049934
0.044737
0.049574
0.050268
0.049854
0.048175
0.049067
0.047504
0.049777
0.048328
0.043973
0.044505
0.044909
0.045964
0.042100
0.044605
0.043215
0.043440
0.040580
0.039704
0.039915
0.041345
0.042298
0.042494
0.041446
0.044319
0.040377
0.042721
0.046443
0.043411
0.042624
0.043660
0.040000
0.040039
0.039090
0.040980
0.037769
0.038538
0.036308
0.037447
0.034192
0.033648
0.034527
0.037441
0.036065
0.037909
0.033604
0.031922
0.030198
0.033476
0.033900
0.031072
0.032621
0.031491
0.031560
0.029528
0.028692
0.027252
0.027958
0.027673
0.027194
0.028872
0.029511
0.024578
0.025697
0.024496
0.025693
0.023868
0.024680
0.026671
0.021582
0.024280
0.024195
0.023379
0.022056
0.019236
0.018806
0.021160
0.019510
0.017329
0.017265
0.019911
0.014466
0.018448
0.017282
0.017217
0.020001
0.016628
0.012624
0.012754
0.011201
0.015315
0.010138
0.014437
0.012564
0.013828
0.011460
0.008473
0.009122
0.010143
0.009021
0.005911
0.007051
0.007140
0.007311
0.004179
0.008205
0.007001
0.004764
0.003979
0.005328
0.003827
0.001107
0.002147
0.004950
-0.000899
0.000061
-0.003055
0.000287
-0.000791
-0.002427
-0.003042
-0.004285
-0.003532
-0.005478
-0.005049
-0.005204
-0.006149
-0.008295
-0.007214
-0.008434
-0.010067
-0.008210
-0.009633
-0.009341
-0.010229
-0.011208
-0.011520
-0.013824
-0.014592
-0.014416
-0.017525
-0.013512
-0.016626
-0.015495
-0.019783
-0.019765
-0.020160
-0.019097
-0.016531
-0.022861
-0.022224
-0.021946
-0.018840
-0.021359
-0.023790
-0.026232
-0.025305
-0.025501
-0.028687
-0.025409
-0.029933
-0.029425
-0.031996
-0.031958
-0.029917
-0.031234
-0.032006
-0.037287
-0.032291
-0.033527
-0.033830
-0.034833
-0.036398
-0.035959
-0.038652
-0.038346
-0.039187
-0.038532
-0.042499
-0.040161
-0.041499
-0.043588
-0.043560
-0.044580
-0.044133
-0.049066
-0.045939
-0.045648
-0.048457
-0.049602
-0.050338
-0.050313
-0.049608
-0.052125
-0.052265
-0.056169
-0.052443
-0.057877
-0.053335
-0.055392
-0.055280
-0.058006
-0.057173
-0.059399
-0.062463
-0.060371
-0.061165
-0.058769
-0.062886
-0.063122
-0.065277
-0.063973
-0.066026
-0.065431
-0.066801
-0.070512
-0.071718
-0.069571
-0.072848
-0.073887
-0.069928
-0.071142
-0.073009
-0.072876
-0.077173
-0.073727
-0.075175
-0.076983
-0.078661
-0.079828
-0.079441
-0.077332
-0.081838
-0.085466
-0.081196
-0.081091
-0.085590
-0.083747
-0.087413
-0.087735
-0.087690
-0.086617
-0.089038
-0.089730
-0.088570
-0.094590
-0.094211
-0.090006
-0.090938
-0.091477
-0.100546
-0.095981
-0.096166
-0.094876
-0.101694
-0.099136
-0.099376
-0.099147
-0.104055
-0.101383
-0.103808
-0.100203
-0.107467
-0.106427
-0.104612
-0.105091
-0.108055
-0.108956
-0.107964
-0.108176
-0.110903
-0.110384
-0.109662
-0.112946
-0.113809
-0.116636
-0.120075
-0.115186
-0.115563
-0.116068
-0.120156
-0.121490
-0.116690
-0.120281
-0.117450
-0.123562
-0.123376
-0.123612
-0.125480
-0.125100
-0.124597
-0.124525
-0.132203
-0.130704
-0.130432
-0.128324
-0.128956
-0.130770
-0.135193
-0.133944
-0.134083
-0.132228
-0.130109
-0.134002
-0.136937
-0.138618
-0.136754
-0.138230
-0.141145
-0.137690
-0.143769
-0.143464
-0.142443
-0.147446
-0.148366
-0.145081
-0.146161
-0.144988
-0.148981
-0.146560
-0.147260
-0.145244
-0.149345
-0.149598
-0.147707
-0.151491
-0.152088
-0.157680
-0.155527
-0.153636
-0.157094
-0.155049
-0.155840
-0.160008
-0.161529
-0.162476
-0.161643
-0.161031
-0.160524
-0.158394
-0.162743
-0.165278
-0.163116
-0.165691
-0.167029
-0.168707
-0.166585
-0.168926
-0.165151
-0.169115
-0.170643
-0.169066
-0.167970
-0.170591
-0.173651
-0.171439
-0.174260
-0.174402
-0.173478
-0.178908
-0.177502
-0.177460
-0.179879
-0.177492
-0.180189
-0.179502
-0.180765
-0.177286
-0.185546
-0.182330
-0.184677
-0.182030
-0.182170
-0.181996
-0.186339
-0.186956
-0.184091
-0.186521
-0.190716
-0.187914
-0.189171
-0.188810
-0.192773
-0.188069
-0.192810
-0.191722
-0.192321
-0.191096
-0.194651
-0.192811
-0.194818
-0.192549
-0.193988
-0.192372
-0.198681
-0.198561
-0.199190
-0.202203
-0.196470
-0.200373
-0.197566
-0.202576
-0.205989
-0.202318
-0.202920
-0.203625
-0.200162
-0.201184
-0.205926
-0.201011
-0.204699
-0.205778
-0.201920
-0.203128
-0.205399
-0.208951
-0.209292
-0.213392
-0.208712
-0.209097
-0.209521
-0.206171
-0.210601
-0.214607
-0.213173
-0.212081
-0.209670
-0.215020
-0.208948
-0.213615
-0.213001
-0.212191
-0.219500
-0.216835
-0.214441
-0.210152
-0.217591
-0.212924
-0.215158
-0.219396
-0.222624
-0.220006
-0.214799
-0.217834
-0.215428
-0.217445
-0.225260
-0.219451
-0.221711
-0.221432
-0.219732
-0.224705
-0.226225
-0.220113
-0.219929
-0.216274
-0.219843
-0.221737
-0.222064
-0.223495
-0.224413
-0.226047
-0.223119
-0.223496
-0.224251
-0.226125
-0.227409
-0.220615
-0.229128
-0.227212
-0.224866
-0.226358
-0.226138
-0.221816
-0.224175
-0.224553
-0.231290
-0.229657
-0.232511
-0.230262
-0.226914
-0.222802
-0.226674
-0.226105
-0.226010
-0.230309
-0.224207
-0.232044
-0.228639
-0.229549
-0.232123
-0.226807
-0.229815
-0.223602
-0.232560
-0.229338
-0.228108
-0.231725
-0.228630
-0.227108
-0.224877
-0.228941
-0.227312
-0.227388
-0.232344
-0.229723
-0.231083
-0.230729
-0.224462
-0.229981
-0.230401
-0.228916
-0.229890
-0.227189
-0.226871
-0.229656
-0.224471
-0.227304
-0.227381
-0.229864
-0.226570
-0.227009
-0.229009
-0.228476
-0.227301
-0.224699
-0.230856
-0.228086
-0.229912
-0.226855
-0.230136
-0.228846
-0.221244
-0.221831
-0.225215
-0.227014
-0.223345
-0.226087
-0.227571
-0.228986
-0.223134
-0.222884
-0.222545
-0.223511
-0.224372
-0.219592
-0.219923
-0.222147
-0.217603
-0.224332
-0.220315
-0.224192
-0.222302
-0.221144
-0.223064
-0.220649
-0.217321
-0.217761
-0.214634
-0.214687
-0.218784
-0.214442
-0.217534
-0.216534
-0.214195
-0.216953
-0.217253
-0.217150
-0.211280
-0.215861
-0.211541
-0.213621
-0.214219
-0.213372
-0.216551
-0.204878
-0.207394
-0.211514
-0.211415
-0.206108
-0.201267
-0.208892
-0.208156
-0.209774
-0.207306
-0.203651
-0.202119
-0.203837
-0.203532
-0.207466
-0.203982
-0.199331
-0.199693
-0.199292
-0.197587
-0.196222
-0.198767
-0.197874
-0.196589
-0.192560
-0.195370
-0.196992
-0.197307
-0.197112
-0.194095
-0.198551
-0.191527
-0.189101
-0.188455
-0.183808
-0.184055
-0.186092
-0.186563
-0.189115
-0.187194
-0.185946
-0.178607
-0.186933
-0.180392
-0.178457
-0.177660
-0.183736
-0.174903
-0.179229
-0.176989
-0.172496
-0.177350
-0.172783
-0.174673
-0.174580
-0.165939
-0.168614
-0.164088
-0.171020
-0.171629
-0.163405
-0.161445
-0.159893
-0.164868
-0.166245
-0.163967
-0.163701
-0.155405
-0.154947
-0.155155
-0.158168
-0.155099
-0.156597
-0.150655
-0.145200
-0.150727
-0.155494
-0.144796
-0.149643
-0.144270
-0.142016
-0.144279
-0.144313
-0.141377
-0.140279
-0.137880
-0.139553
-0.133967
-0.136953
-0.127698
-0.133609
-0.126677
-0.133592
-0.135047
-0.130991
-0.126200
-0.123742
-0.130038
-0.121683
-0.112030
-0.118502
-0.119523
-0.123152
-0.114057
-0.116514
-0.118861
-0.111364
-0.112643
-0.108349
-0.106234
-0.105733
-0.105254
-0.103289
-0.101872
-0.093558
-0.108345
-0.099952
-0.094884
-0.091350
-0.097766
-0.095367
-0.090165
-0.089483
-0.088985
-0.084349
-0.087287
-0.090034
-0.078566
-0.077687
-0.081462
-0.074978
-0.077652
-0.077390
-0.072378
-0.069734
-0.074997
-0.070103
-0.064659
-0.064758
-0.057686
-0.060891
-0.064239
-0.057060
-0.061201
-0.052806
-0.054051
-0.053106
-0.048095
-0.053244
-0.054225
-0.042290
-0.045721
-0.046405
-0.040876
-0.038462
-0.032319
-0.031591
-0.035611
-0.030316
-0.031713
-0.026394
-0.025677
-0.025548
-0.025600
-0.022695
-0.020215
-0.022499
-0.018927
-0.016111
-0.010818
-0.008250
-0.009831
-0.006149
-0.004205
-0.005467
-0.000144
0.001516
0.002167
0.000119
0.002900
0.014032
0.005432
0.014101
0.011157
0.014743
0.020047
0.023745
0.020601
0.021506
0.023141
0.023602
0.025526
0.032416
0.036659
0.027717
0.036282
0.042703
0.040301
0.040357
0.044218
0.047831
0.050054
0.050917
0.048834
0.055499
0.056914
0.062877
0.058339
0.065497
0.064380
0.072900
0.062361
0.071908
0.071840
0.073543
0.075164
0.083131
0.081903
0.080194
0.088012
0.087000
0.091151
0.087553
0.096734
0.095704
0.096139
0.105789
0.109510
0.100967
0.108736
0.109267
0.108638
0.110556
0.111358
0.117353
0.120082
0.132548
0.128151
0.125526
0.133294
0.131968
0.132168
0.131648
0.141414
0.136602
0.137998
0.145670
0.146956
0.147001
0.150608
0.159045
0.154162
0.157975
0.158158
0.168479
0.165863
0.163593
0.175299
0.170637
0.173530
0.175654
0.184253
0.177420
0.184919
0.186154
0.188767
0.194751
0.186016
0.192340
0.201737
0.201069
0.203425
0.203214
0.204974
0.210275
0.209649
0.214215
0.217890
0.219458
0.220485
0.225847
0.230589
0.228712
0.222479
0.225500
0.239772
0.241143
0.242650
0.248126
0.245792
0.247171
0.250620
0.255652
0.256719
0.250420
0.257903
0.263866
0.266040
0.264793
0.273370
0.274771
0.272109
0.272304
0.276660
0.281797
0.287997
0.292186
0.290207
0.295386
0.289225
0.290837
0.296038
0.301311
0.305062
0.305017
0.309545
0.313067
0.315257
0.315222
0.321988
0.324618
0.329975
0.328898
0.327029
0.323873
0.334285
0.330560
0.339737
0.341248
0.340880
0.346439
0.348199
0.356789
0.355079
0.358283
0.359355
0.359119
0.364652
0.366528
0.371004
0.369083
0.373743
0.375776
0.379828
0.381926
0.381807
0.386154
0.389666
0.391502
0.398660
0.391734
0.400678
0.400592
0.406234
0.405602
0.405674
0.413028
0.417297
0.416143
0.421948
0.415865
0.424188
0.432963
0.422724
0.433295
0.432832
0.437414
0.444805
0.441139
0.441334
0.447605
0.452351
0.449984
0.458699
0.454295
0.458746
0.453067
0.466724
0.464388
0.475055
0.474762
0.475757
0.471105
0.484131
0.477368
0.488017
0.481520
0.488540
0.497165
0.484787
0.497496
0.501914
0.504075
0.502991
0.507062
0.512754
0.510072
0.517403
0.513998
0.516162
0.516467
0.524122
0.529471
0.535849
0.533460
0.529362
0.536447
0.543093
0.539456
0.544120
0.548254
0.543362
0.549991
0.553978
0.554772
0.557828
0.562305
0.567750
0.565288
0.559035
0.574074
0.569982
0.579465
0.572782
0.576082
0.582941
0.586443
0.587111
0.595842
0.594677
0.595645
0.595257
0.594910
0.601499
0.602969
0.599383
0.618054
0.612392
0.607512
0.618859
0.615348
0.614850
0.625073
0.630553
0.629141
0.625833
0.630668
0.631640
0.640700
0.641592
0.641622
0.635928
0.646580
0.649223
0.653488
0.656157
0.651875
0.651738
0.662470
0.661714
0.665612
0.665279
0.666008
0.670601
0.672285
0.677340
0.676901
0.676444
0.684302
0.686648
0.681039
0.693116
0.690617
0.686854
0.691504
0.700234
0.703166
0.707797
0.692869
0.712260
0.703923
0.707721
0.710403
0.718400
0.707414
0.720560
0.727001
0.720596
0.723948
0.730434
0.724292
0.736726
0.734238
0.733563
0.737704
0.744508
0.746927
0.740001
0.742781
0.733251
0.747265
0.758255
0.754570
0.761806
0.764008
0.750164
0.766007
0.765772
0.764877
0.759923
0.764775
0.770135
0.780449
0.776662
0.768322
0.780731
0.784378
0.788390
0.777343
0.787249
0.781952
0.802791
0.783116
0.795467
0.796281
0.800879
0.802351
0.801931
0.797921
0.816116
0.803159
0.808857
0.804275
0.810783
0.816352
0.811328
0.826445
0.808667
0.826479
0.817677
0.825829
0.832180
0.828067
0.830069
0.830831
0.832307
0.826835
0.840151
0.832317
0.843932
0.842861
0.836139
0.845275
0.848460
0.850428
0.846719
0.851646
0.850863
0.848236
0.846006
0.870004
0.861377
0.863878
0.864119
0.859335
0.861433
0.856144
0.868516
0.863468
0.875142
0.875137
0.877270
0.870041
0.873742
0.883942
0.875729
0.883198
0.881822
0.881526
0.885505
0.883243
0.880030
0.886087
0.901146
0.885958
0.886446
0.893611
0.897633
0.898599
0.901558
0.891179
0.902460
0.903169
0.898683
0.912817
0.900609
0.900056
0.912487
0.909356
0.909147
0.909225
0.916083
0.914778
0.905444
0.907705
0.919915
0.921750
0.918944
0.918676
0.921575
0.927473
0.915375
0.925806
0.925020
0.933070
0.922630
0.926878
0.927038
0.922813
0.929459
0.935498
0.931163
0.941022
0.934090
0.934051
0.940174
0.936583
0.937376
0.932066
0.928415
0.953423
0.943258
0.941606
0.939341
0.943922
0.945550
0.946373
0.939274
0.950757
0.950300
0.947953
0.951505
0.949348
0.956313
0.949547
0.953635
0.957989
0.946439
0.945012
0.958807
0.946653
0.960930
0.951263
0.958633
0.964509
0.964510
0.952829
0.962189
0.952606
0.953035
0.961446
0.964506
0.963300
0.967726
0.967483
0.957448
0.960927
0.971665
0.958819
0.965454
0.964965
0.971599
0.962517
0.958486
0.976428
0.962359
0.964230
0.973222
0.963431
0.964904
0.967014
0.973110
0.965601
0.968293
0.971156
0.973286
0.974772
0.968137
0.970634
0.967817
0.971403
0.978600
0.966720
0.968723
0.973042
0.970625
0.968367
0.967277
0.965498
0.985530
0.971595
0.964662
0.980070
0.968640
0.971697
0.968640
0.980070
0.964662
0.971595
0.985530
0.965498
0.967277
0.968367
0.970625
0.973042
0.968723
0.966720
0.978600
0.971403
0.967817
0.970634
0.968137
0.974772
0.973286
0.971156
0.968293
0.965601
0.973110
0.967014
0.964904
0.963431
0.973222
0.964230
0.962359
0.976428
0.958486
0.962517
0.971599
0.964965
0.965454
0.958819
0.971665
0.960927
0.957448
0.967483
0.967726
0.963300
0.964506
0.961446
0.953035
0.952606
0.962189
0.952829
0.964510
0.964509
0.958633
0.951263
0.960930
0.946653
0.958807
0.945012
0.946439
0.957989
0.953635
0.949547
0.956313
0.949348
0.951505
0.947953
0.950300
0.950757
0.939274
0.946373
0.945550
0.943922
0.939341
0.941606
0.943258
0.953423
0.928415
0.932066
0.937376
0.936583
0.940174
0.934051
0.934090
0.941022
0.931163
0.935498
0.929459
0.922813
0.927038
0.926878
0.922630
0.933070
0.925020
0.925806
0.915375
0.927473
0.921575
0.918676
0.918944
0.921750
0.919915
0.907705
0.905444
0.914778
0.916083
0.909225
0.909147
0.909356
0.912487
0.900056
0.900609
0.912817
0.898683
0.903169
0.902460
0.891179
0.901558
0.898599
0.897633
0.893611
0.886446
0.885958
0.901146
0.886087
0.880030
0.883243
0.885505
0.881526
0.881822
0.883198
0.875729
0.883942
0.873742
0.870041
0.877270
0.875137
0.875142
0.863468
0.868516
0.856144
0.861433
0.859335
0.864119
0.863878
0.861377
0.870004
0.846006
0.848236
0.850863
0.851646
0.846719
0.850428
0.848460
0.845275
0.836139
0.842861
0.843932
0.832317
0.840151
0.826835
0.832307
0.830831
0.830069
0.828067
0.832180
0.825829
0.817677
0.826479
0.808667
0.826445
0.811328
0.816352
0.810783
0.804275
0.808857
0.803159
0.816116
0.797921
0.801931
0.802351
0.800879
0.796281
0.795467
0.783116
0.802791
0.781952
0.787249
0.777343
0.788390
0.784378
0.780731
0.768322
0.776662
0.780449
0.770135
0.764775
0.759923
0.764877
0.765772
0.766007
0.750164
0.764008
0.761806
0.754570
0.758255
0.747265
0.733251
0.742781
0.740001
0.746927
0.744508
0.737704
0.733563
0.734238
0.736726
0.724292
0.730434
0.723948
0.720596
0.727001
0.720560
0.707414
0.718400
0.710403
0.707721
0.703923
0.712260
0.692869
0.707797
0.703166
0.700234
0.691504
0.686854
0.690617
0.693116
0.681039
0.686648
0.684302
0.676444
0.676901
0.677340
0.672285
0.670601
0.666008
0.665279
0.665612
0.661714
0.662470
0.651738
0.651875
0.656157
0.653488
0.649223
0.646580
0.635928
0.641622
0.641592
0.640700
0.631640
0.630668
0.625833
0.629141
0.630553
0.625073
0.614850
0.615348
0.618859
0.607512
0.612392
0.618054
0.599383
0.602969
0.601499
0.594910
0.595257
0.595645
0.594677
0.595842
0.587111
0.586443
0.582941
0.576082
0.572782
0.579465
0.569982
0.574074
0.559035
0.565288
0.567750
0.562305
0.557828
0.554772
0.553978
0.549991
0.543362
0.548254
0.544120
0.539456
0.543093
0.536447
0.529362
0.533460
0.535849
0.529471
0.524122
0.516467
0.516162
0.513998
0.517403
0.510072
0.512754
0.507062
0.502991
0.504075
0.501914
0.497496
0.484787
0.497165
0.488540
0.481520
0.488017
0.477368
0.484131
0.471105
0.475757
0.474762
0.475055
0.464388
0.466724
0.453067
0.458746
0.454295
0.458699
0.449984
0.452351
0.447605
0.441334
0.441139
0.444805
0.437414
0.432832
0.433295
0.422724
0.432963
0.424188
0.415865
0.421948
0.416143
0.417297
0.413028
0.405674
0.405602
0.406234
0.400592
0.400678
0.391734
0.398660
0.391502
0.389666
0.386154
0.381807
0.381926
0.379828
0.375776
0.373743
0.369083
0.371004
0.366528
0.364652
0.359119
0.359355
0.358283
0.355079
0.356789
0.348199
0.346439
0.340880
0.341248
0.339737
0.330560
0.334285
0.323873
0.327029
0.328898
0.329975
0.324618
0.321988
0.315222
0.315257
0.313067
0.309545
0.305017
0.305062
0.301311
0.296038
0.290837
0.289225
0.295386
0.290207
0.292186
0.287997
0.281797
0.276660
0.272304
0.272109
0.274771
0.273370
0.264793
0.266040
0.263866
0.257903
0.250420
0.256719
0.255652
0.250620
0.247171
0.245792
0.248126
0.242650
0.241143
0.239772
0.225500
0.222479
0.228712
0.230589
0.225847
0.220485
0.219458
0.217890
0.214215
0.209649
0.210275
0.204974
0.203214
0.203425
0.201069
0.201737
0.192340
0.186016
0.194751
0.188767
0.186154
0.184919
0.177420
0.184253
0.175654
0.173530
0.170637
0.175299
0.163593
0.165863
0.168479
0.158158
0.157975
0.154162
0.159045
0.150608
0.147001
0.146956
0.145670
0.137998
0.136602
0.141414
0.131648
0.132168
0.131968
0.133294
0.125526
0.128151
0.132548
0.120082
0.117353
0.111358
0.110556
0.108638
0.109267
0.108736
0.100967
0.109510
0.105789
0.096139
0.095704
0.096734
0.087553
0.091151
0.087000
0.088012
0.080194
0.081903
0.083131
0.075164
0.073543
0.071840
0.071908
0.062361
0.072900
0.064380
0.065497
0.058339
0.062877
0.056914
0.055499
0.048834
0.050917
0.050054
0.047831
0.044218
0.040357
0.040301
0.042703
0.036282
0.027717
0.036659
0.032416
0.025526
0.023602
0.023141
0.021506
0.020601
0.023745
0.020047
0.014743
0.011157
0.014101
0.005432
0.014032
0.002900
0.000119
0.002167
0.001516
-0.000144
-0.005467
-0.004205
-0.006149
-0.009831
-0.008250
-0.010818
-0.016111
-0.018927
-0.022499
-0.020215
-0.022695
-0.025600
-0.025548
-0.025677
-0.026394
-0.031713
-0.030316
-0.035611
-0.031591
-0.032319
-0.038462
-0.040876
-0.046405
-0.045721
-0.042290
-0.054225
-0.053244
-0.048095
-0.053106
-0.054051
-0.052806
-0.061201
-0.057060
-0.064239
-0.060891
-0.057686
-0.064758
-0.064659
-0.070103
-0.074997
-0.069734
-0.072378
-0.077390
-0.077652
-0.074978
-0.081462
-0.077687
-0.078566
-0.090034
-0.087287
-0.084349
-0.088985
-0.089483
-0.090165
-0.095367
-0.097766
-0.091350
-0.094884
-0.099952
-0.108345
-0.093558
-0.101872
-0.103289
-0.105254
-0.105733
-0.106234
-0.108349
-0.112643
-0.111364
-0.118861
-0.116514
-0.114057
-0.123152
-0.119523
-0.118502
-0.112030
-0.121683
-0.130038
-0.123742
-0.126200
-0.130991
-0.135047
-0.133592
-0.126677
-0.133609
-0.127698
-0.136953
-0.133967
-0.139553
-0.137880
-0.140279
-0.141377
-0.144313
-0.144279
-0.142016
-0.144270
-0.149643
-0.144796
-0.155494
-0.150727
-0.145200
-0.150655
-0.156597
-0.155099
-0.158168
-0.155155
-0.154947
-0.155405
-0.163701
-0.163967
-0.166245
-0.164868
-0.159893
-0.161445
-0.163405
-0.171629
-0.171020
-0.164088
-0.168614
-0.165939
-0.174580
-0.174673
-0.172783
-0.177350
-0.172496
-0.176989
-0.179229
-0.174903
-0.183736
-0.177660
-0.178457
-0.180392
-0.186933
-0.178607
-0.185946
-0.187194
-0.189115
-0.186563
-0.186092
-0.184055
-0.183808
-0.188455
-0.189101
-0.191527
-0.198551
-0.194095
-0.197112
-0.197307
-0.196992
-0.195370
-0.192560
-0.196589
-0.197874
-0.198767
-0.196222
-0.197587
-0.199292
-0.199693
-0.199331
-0.203982
-0.207466
-0.203532
-0.203837
-0.202119
-0.203651
-0.207306
-0.209774
-0.208156
-0.208892
-0.201267
-0.206108
-0.211415
-0.211514
-0.207394
-0.204878
-0.216551
-0.213372
-0.214219
-0.213621
-0.211541
-0.215861
-0.211280
-0.217150
-0.217253
-0.216953
-0.214195
-0.216534
-0.217534
-0.214442
-0.218784
-0.214687
-0.214634
-0.217761
-0.217321
-0.220649
-0.223064
-0.221144
-0.222302
-0.224192
-0.220315
-0.224332
-0.217603
-0.222147
-0.219923
-0.219592
-0.224372
-0.223511
-0.222545
-0.222884
-0.223134
-0.228986
-0.227571
-0.226087
-0.223345
-0.227014
-0.225215
-0.221831
-0.221244
-0.228846
-0.230136
-0.226855
-0.229912
-0.228086
-0.230856
-0.224699
-0.227301
-0.228476
-0.229009
-0.227009
-0.226570
-0.229864
-0.227381
-0.227304
-0.224471
-0.229656
-0.226871
-0.227189
-0.229890
-0.228916
-0.230401
-0.229981
-0.224462
-0.230729
-0.231083
-0.229723
-0.232344
-0.227388
-0.227312
-0.228941
-0.224877
-0.227108
-0.228630
-0.231725
-0.228108
-0.229338
-0.232560
-0.223602
-0.229815
-0.226807
-0.232123
-0.229549
-0.228639
-0.232044
-0.224207
-0.230309
-0.226010
-0.226105
-0.226674
-0.222802
-0.226914
-0.230262
-0.232511
-0.229657
-0.231290
-0.224553
-0.224175
-0.221816
-0.226138
-0.226358
-0.224866
-0.227212
-0.229128
-0.220615
-0.227409
-0.226125
-0.224251
-0.223496
-0.223119
-0.226047
-0.224413
-0.223495
-0.222064
-0.221737
-0.219843
-0.216274
-0.219929
-0.220113
-0.226225
-0.224705
-0.219732
-0.221432
-0.221711
-0.219451
-0.225260
-0.217445
-0.215428
-0.217834
-0.214799
-0.220006
-0.222624
-0.219396
-0.215158
-0.212924
-0.217591
-0.210152
-0.214441
-0.216835
-0.219500
-0.212191
-0.213001
-0.213615
-0.208948
-0.215020
-0.209670
-0.212081
-0.213173
-0.214607
-0.210601
-0.206171
-0.209521
-0.209097
-0.208712
-0.213392
-0.209292
-0.208951
-0.205399
-0.203128
-0.201920
-0.205778
-0.204699
-0.201011
-0.205926
-0.201184
-0.200162
-0.203625
-0.202920
-0.202318
-0.205989
-0.202576
-0.197566
-0.200373
-0.196470
-0.202203
-0.199190
-0.198561
-0.198681
-0.192372
-0.193988
-0.192549
-0.194818
-0.192811
-0.194651
-0.191096
-0.192321
-0.191722
-0.192810
-0.188069
-0.192773
-0.188810
-0.189171
-0.187914
-0.190716
-0.186521
-0.184091
-0.186956
-0.186339
-0.181996
-0.182170
-0.182030
-0.184677
-0.182330
-0.185546
-0.177286
-0.180765
-0.179502
-0.180189
-0.177492
-0.179879
-0.177460
-0.177502
-0.178908
-0.173478
-0.174402
-0.174260
-0.171439
-0.173651
-0.170591
-0.167970
-0.169066
-0.170643
-0.169115
-0.165151
-0.168926
-0.166585
-0.168707
-0.167029
-0.165691
-0.163116
-0.165278
-0.162743
-0.158394
-0.160524
-0.161031
-0.161643
-0.162476
-0.161529
-0.160008
-0.155840
-0.155049
-0.157094
-0.153636
-0.155527
-0.157680
-0.152088
-0.151491
-0.147707
-0.149598
-0.149345
-0.145244
-0.147260
-0.146560
-0.148981
-0.144988
-0.146161
-0.145081
-0.148366
-0.147446
-0.142443
-0.143464
-0.143769
-0.137690
-0.141145
-0.138230
-0.136754
-0.138618
-0.136937
-0.134002
-0.130109
-0.132228
-0.134083
-0.133944
-0.135193
-0.130770
-0.128956
-0.128324
-0.130432
-0.130704
-0.132203
-0.124525
-0.124597
-0.125100
-0.125480
-0.123612
-0.123376
-0.123562
-0.117450
-0.120281
-0.116690
-0.121490
-0.120156
-0.116068
-0.115563
-0.115186
-0.120075
-0.116636
-0.113809
-0.112946
-0.109662
-0.110384
-0.110903
-0.108176
-0.107964
-0.108956
-0.108055
-0.105091
-0.104612
-0.106427
-0.107467
-0.100203
-0.103808
-0.101383
-0.104055
-0.099147
-0.099376
-0.099136
-0.101694
-0.094876
-0.096166
-0.095981
-0.100546
-0.091477
-0.090938
-0.090006
-0.094211
-0.094590
-0.088570
-0.089730
-0.089038
-0.086617
-0.087690
-0.087735
-0.087413
-0.083747
-0.085590
-0.081091
-0.081196
-0.085466
-0.081838
-0.077332
-0.079441
-0.079828
-0.078661
-0.076983
-0.075175
-0.073727
-0.077173
-0.072876
-0.073009
-0.071142
-0.069928
-0.073887
-0.072848
-0.069571
-0.071718
-0.070512
-0.066801
-0.065431
-0.066026
-0.063973
-0.065277
-0.063122
-0.062886
-0.058769
-0.061165
-0.060371
-0.062463
-0.059399
-0.057173
-0.058006
-0.055280
-0.055392
-0.053335
-0.057877
-0.052443
-0.056169
-0.052265
-0.052125
-0.049608
-0.050313
-0.050338
-0.049602
-0.048457
-0.045648
-0.045939
-0.049066
-0.044133
-0.044580
-0.043560
-0.043588
-0.041499
-0.040161
-0.042499
-0.038532
-0.039187
-0.038346
-0.038652
-0.035959
-0.036398
-0.034833
-0.033830
-0.033527
-0.032291
-0.037287
-0.032006
-0.031234
-0.029917
-0.031958
-0.031996
-0.029425
-0.029933
-0.025409
-0.028687
-0.025501
-0.025305
-0.026232
-0.023790
-0.021359
-0.018840
-0.021946
-0.022224
-0.022861
-0.016531
-0.019097
-0.020160
-0.019765
-0.019783
-0.015495
-0.016626
-0.013512
-0.017525
-0.014416
-0.014592
-0.013824
-0.011520
-0.011208
-0.010229
-0.009341
-0.009633
-0.008210
-0.010067
-0.008434
-0.007214
-0.008295
-0.006149
-0.005204
-0.005049
-0.005478
-0.003532
-0.004285
-0.003042
-0.002427
-0.000791
0.000287
-0.003055
0.000061
-0.000899
0.004950
0.002147
0.001107
0.003827
0.005328
0.003979
0.004764
0.007001
0.008205
0.004179
0.007311
0.007140
0.007051
0.005911
0.009021
0.010143
0.009122
0.008473
0.011460
0.013828
0.012564
0.014437
0.010138
0.015315
0.011201
0.012754
0.012624
0.016628
0.020001
0.017217
0.017282
0.018448
0.014466
0.019911
0.017265
0.017329
0.019510
0.021160
0.018806
0.019236
0.022056
0.023379
0.024195
0.024280
0.021582
0.026671
0.024680
0.023868
0.025693
0.024496
0.025697
0.024578
0.029511
0.028872
0.027194
0.027673
0.027958
0.027252
0.028692
0.029528
0.031560
0.031491
0.032621
0.031072
0.033900
0.033476
0.030198
0.031922
0.033604
0.037909
0.036065
0.037441
0.034527
0.033648
0.034192
0.037447
0.036308
0.038538
0.037769
0.040980
0.039090
0.040039
0.040000
0.043660
0.042624
0.043411
0.046443
0.042721
0.040377
0.044319
0.041446
0.042494
0.042298
0.041345
0.039915
0.039704
0.040580
0.043440
0.043215
0.044605
0.042100
0.045964
0.044909
0.044505
0.043973
0.048328
0.049777
0.047504
0.049067
0.048175
0.049854
0.050268
0.049574
0.044737
0.049934
0.048017
0.049132
0.046963
0.051341
0.051734
0.051643
0.051263
0.047887
0.051582
0.054173
0.051712
0.053935
0.052369
0.052596
0.049885
0.051275
0.052349
0.052580
0.056157
0.054137
0.055196
0.056573
0.055226
0.054529
0.053776
0.058155
0.057588
0.055179
0.056968
0.052852
0.055731
0.052435
0.054972
0.054457
0.059948
0.057378
0.056598
0.058993
0.054778
0.057669
0.058523
0.057514
0.057830
0.058387
0.057837
0.057487
0.064523
0.059109
0.059108
0.059144
0.058865
0.058672
0.058311
0.059590
0.060498
0.061038
0.059890
0.058523
0.061675
0.060618
0.059853
0.058839
0.061231
0.057799
0.061120
0.060326
0.063231
0.062542
0.062919
0.063463
0.062337
0.061167
0.062282
0.059754
0.062706
0.061671
0.060333
0.059577
0.063692
0.062259
0.061897
0.063599
0.061016
0.061633
0.060921
0.062857
0.061949
0.063371
0.060674
0.064086
0.064467
0.063811
0.065086
0.062856
0.061699
0.060168
0.065542
0.062412
0.061194
0.064556
0.061829
0.062079
0.062052
0.061537
0.063471
0.062949
0.063997
0.060723
0.062643
0.065246
0.064893
0.062759
0.064486
0.062075
0.064591
0.063700
0.061368
0.062429
0.062662
0.059145
0.059639
0.061114
0.062524
0.064273
0.064411
0.062154
0.064265
0.064415
0.064147
0.062436
0.064128
0.062610
0.058651
0.063490
0.061256
0.061691
0.063798
0.063550
0.061144
0.061729
0.063844
0.061311
0.062024
0.059446
0.059107
0.061020
0.061309
0.060735
0.060600
0.060851
0.060720
0.061084
0.062817
0.064226
0.060380
0.061625
0.061372
0.061568
0.060586
0.059632
0.060488
0.059769
0.059076
0.059019
0.059924
0.060508
0.061007
0.060823
0.060790
0.058316
0.058823
0.057826
0.059964
0.057347
0.058339
0.057804
0.056963
0.058870
0.060280
0.060353
0.059416
0.059667
0.058541
0.056683
0.060405
0.055238
0.056982
0.055843
0.058309
0.057128
0.056289
0.055704
0.055500
0.056448
0.057291
0.056178
0.056415
0.055505
0.056468
0.055665
0.056574
0.059397
0.053582
0.055065
0.054419
0.055791
0.054166
0.054309
0.053801
0.051908
0.055379
0.053477
0.052784
0.055053
0.053392
0.054653
0.052914
0.052792
0.053957
0.054215
0.053388
0.052769
0.053281
0.052979
0.051216
0.051726
0.048873
0.048991
0.050772
0.050169
0.051162
0.049274
0.052619
0.051506
0.050850
0.050824
0.048997
0.049754
0.050941
0.050407
0.049705
0.047933
0.047231
0.049077
0.047884
0.049845
0.047231
0.047628
0.047555
0.047146
0.048069
0.045129
0.046601
0.047856
0.047732
0.048234
0.046694
0.047887
0.047219
0.044972
0.044862
0.043971
0.045512
0.041974
0.043177
0.045339
0.043136
0.044087
0.044909
0.045462
0.043133
0.042047
0.043250
0.042305
0.043098
0.043017
0.044888
0.043147
0.042328
0.042174
0.042196
0.041283
0.042537
0.041237
0.040895
0.038515
0.040312
0.038993
0.039226
0.040308
0.040986
0.039928
0.039339
0.039429
0.039801
0.037361
0.039214
0.037958
0.039008
0.036327
0.038340
0.035253
0.037699
0.038538
0.037548
0.036282
0.037652
0.036782
0.037521
0.035860
0.036093
0.036195
0.034495
0.037315
0.034008
0.035657
0.033026
0.033696
0.031990
0.033906
0.034533
0.031163
0.033536
0.035743
0.033607
0.033954
0.033633
0.032524
0.033065
0.030252
0.029808
0.032041
0.032156
0.032437
0.029925
0.031665
0.032114
0.031493
0.029629
0.029857
0.028857
0.030179
0.029702
0.027876
0.029065
0.028409
0.027417
0.029671
0.029584
0.029330
0.030155
0.028382
0.026447
0.028622
0.026519
0.025909
0.026420
0.026891
0.024357
0.026974
0.026068
0.025765
0.026279
0.028052
0.026218
0.024711
0.025990
0.024168
0.022887
0.024973
0.026143
0.023481
0.024302
0.024299
0.023165
0.022311
0.022109
0.023282
0.024444
0.025510
0.022618
0.021284
0.021908
0.018150
0.020731
0.022335
0.020630
0.021934
0.020125
0.021818
0.021602
0.022121
0.020477
0.019884
0.022136
0.019861
0.020341
0.020473
0.019054
0.017760
0.018496
0.018715
0.017352
0.019512
0.018015
0.018244
0.018225
0.019099
0.017393
0.017544
0.018336
0.018691
0.018179
0.018228
0.016995
0.014925
0.014687
0.014928
0.017151
0.016280
0.013861
0.014933
0.015112
0.016096
0.015314
0.017030
0.016177
0.014285
0.014870
0.012893
0.013129
0.014368
0.013478
0.013963
0.013856
0.014136
0.011597
0.012552
0.013691
0.014494
0.013776
0.012992
0.012862
0.012286
0.011808
0.012225
0.011543
0.011218
0.010607
0.011749
0.011338
0.010893
0.011991
0.011296
0.010594
0.012193
0.012075
0.014104
0.012186
0.013875
0.014745
0.015993
0.018491
0.016824
0.017066
0.017789
0.017246
0.019170
0.018227
0.023950


