M_loss: 30, M_sym: 4300.0, M_power: 9000, M_bandwidth: 22.3872113856834
-0.059228
-0.064423
-0.061321
-0.046401
-0.039646
-0.037838
-0.035726
-0.035512
-0.036236
-0.038968
-0.040657
-0.041825
-0.036038
-0.036560
-0.041665
-0.044903
-0.042127
-0.042510
-0.039987
-0.040795
-0.041191
-0.045280
-0.047323
-0.046438
-0.043743
-0.046237
-0.045445
-0.047067
-0.049062
-0.048982
-0.047855
-0.050710
-0.050965
-0.052189
-0.051795
-0.051345
-0.054285
-0.049404
-0.056660
-0.055871
-0.057131
-0.055445
-0.056094
-0.058023
-0.058621
-0.060507
-0.059403
-0.061074
-0.058638
-0.060745
-0.062730
-0.066091
-0.066262
-0.061678
-0.062319
-0.068768
-0.067360
-0.067858
-0.066225
-0.067471
-0.074527
-0.072443
-0.068738
-0.068914
-0.072001
-0.075990
-0.073975
-0.076358
-0.075901
-0.075752
-0.077156
-0.078466
-0.079481
-0.079064
-0.081117
-0.081321
-0.082177
-0.082103
-0.086646
-0.084515
-0.084904
-0.082852
-0.087031
-0.088410
-0.090989
-0.092498
-0.088346
-0.091286
-0.090011
-0.095733
-0.092725
-0.096003
-0.097170
-0.096780
-0.096297
-0.097993
-0.098834
-0.099499
-0.101003
-0.102089
-0.103408
-0.103108
-0.106134
-0.106612
-0.105020
-0.107345
-0.108601
-0.109807
-0.110511
-0.111005
-0.112416
-0.113381
-0.114904
-0.112940
-0.115094
-0.115888
-0.120285
-0.117733
-0.122120
-0.119253
-0.121220
-0.120945
-0.124170
-0.126708
-0.124568
-0.126327
-0.126225
-0.128472
-0.129958
-0.132501
-0.129928
-0.129002
-0.134674
-0.138597
-0.135838
-0.134332
-0.136188
-0.139643
-0.137983
-0.141029
-0.141340
-0.144766
-0.142560
-0.142649
-0.144789
-0.145027
-0.151280
-0.150469
-0.147968
-0.149254
-0.149586
-0.155896
-0.153198
-0.155272
-0.159252
-0.155421
-0.154927
-0.159296
-0.162659
-0.163193
-0.162865
-0.161430
-0.163206
-0.166315
-0.168055
-0.169111
-0.168158
-0.169807
-0.171833
-0.171860
-0.173367
-0.174461
-0.179001
-0.175926
-0.177433
-0.178315
-0.179769
-0.181774
-0.181897
-0.185472
-0.185480
-0.186417
-0.186571
-0.186502
-0.190564
-0.191855
-0.190372
-0.192913
-0.194533
-0.197278
-0.193993
-0.197249
-0.197946
-0.199263
-0.199164
-0.204332
-0.205403
-0.205732
-0.201931
-0.205143
-0.207491
-0.213131
-0.211761
-0.211651
-0.212047
-0.213837
-0.213871
-0.216449
-0.219171
-0.216873
-0.219401
-0.220415
-0.223556
-0.224929
-0.224668
-0.226109
-0.225284
-0.227216
-0.228797
-0.233364
-0.232788
-0.234286
-0.235187
-0.235572
-0.236129
-0.238579
-0.239071
-0.239481
-0.242345
-0.245247
-0.245570
-0.246912
-0.247318
-0.245540
-0.248882
-0.251284
-0.255419
-0.251643
-0.254017
-0.255961
-0.257957
-0.259506
-0.258105
-0.258989
-0.262898
-0.265440
-0.266065
-0.262830
-0.267202
-0.268434
-0.269801
-0.271484
-0.272183
-0.272691
-0.274527
-0.278358
-0.278627
-0.277827
-0.277654
-0.283114
-0.282409
-0.283215
-0.285937
-0.286256
-0.286828
-0.288465
-0.292515
-0.293658
-0.290700
-0.294744
-0.292772
-0.299211
-0.300157
-0.298970
-0.301418
-0.300912
-0.303169
-0.304983
-0.304786
-0.308692
-0.308627
-0.311107
-0.310436
-0.313099
-0.314557
-0.313679
-0.317617
-0.315699
-0.318717
-0.321630
-0.323752
-0.322245
-0.323532
-0.325874
-0.329103
-0.326172
-0.326538
-0.330515
-0.333757
-0.334999
-0.337463
-0.334360
-0.333773
-0.340440
-0.338485
-0.341555
-0.340819
-0.346984
-0.345576
-0.347170
-0.344432
-0.347505
-0.348430
-0.351585
-0.354880
-0.354537
-0.354180
-0.356273
-0.356727
-0.359109
-0.362082
-0.362082
-0.361909
-0.364464
-0.366466
-0.364021
-0.368372
-0.369332
-0.370732
-0.370478
-0.372846
-0.373298
-0.375449
-0.377720
-0.379677
-0.378360
-0.379396
-0.382203
-0.381466
-0.384372
-0.383825
-0.391628
-0.385639
-0.388597
-0.389874
-0.391572
-0.392675
-0.392178
-0.398284
-0.396480
-0.396197
-0.396889
-0.401476
-0.400719
-0.403859
-0.403537
-0.403069
-0.403856
-0.407929
-0.407180
-0.407698
-0.410239
-0.410922
-0.414835
-0.414256
-0.412916
-0.413798
-0.417765
-0.418756
-0.420867
-0.421150
-0.422686
-0.421810
-0.422035
-0.425545
-0.424778
-0.429436
-0.429214
-0.428966
-0.428800
-0.432371
-0.433591
-0.433881
-0.432706
-0.436103
-0.439458
-0.437287
-0.439584
-0.438211
-0.442441
-0.442777
-0.442613
-0.443597
-0.443214
-0.449126
-0.449701
-0.447692
-0.446655
-0.450903
-0.452462
-0.452292
-0.454012
-0.458145
-0.456300
-0.456210
-0.455835
-0.456874
-0.458576
-0.460225
-0.462163
-0.462463
-0.466058
-0.462640
-0.463354
-0.464810
-0.467377
-0.469504
-0.467685
-0.469657
-0.470733
-0.473160
-0.468949
-0.473762
-0.476461
-0.473262
-0.475073
-0.476563
-0.478621
-0.479309
-0.479512
-0.479047
-0.480730
-0.477915
-0.484885
-0.483166
-0.486369
-0.484918
-0.485778
-0.481626
-0.486125
-0.490482
-0.491940
-0.485704
-0.487305
-0.491615
-0.493862
-0.491365
-0.493271
-0.490137
-0.496681
-0.496217
-0.495097
-0.494878
-0.495853
-0.497237
-0.499821
-0.500852
-0.497515
-0.501838
-0.497913
-0.503686
-0.502906
-0.503091
-0.503748
-0.504550
-0.504030
-0.505406
-0.504378
-0.504980
-0.509050
-0.506727
-0.507472
-0.509945
-0.509948
-0.509877
-0.508753
-0.509105
-0.511042
-0.512363
-0.511855
-0.514572
-0.512589
-0.514886
-0.514010
-0.512199
-0.515466
-0.515464
-0.517146
-0.514688
-0.516178
-0.519011
-0.519137
-0.519025
-0.516262
-0.517495
-0.516049
-0.520830
-0.517303
-0.520886
-0.520572
-0.526970
-0.525950
-0.524184
-0.522679
-0.523281
-0.523805
-0.524492
-0.522270
-0.522835
-0.519035
-0.522909
-0.525760
-0.522087
-0.522363
-0.521425
-0.524700
-0.522682
-0.524079
-0.523488
-0.525369
-0.526621
-0.522099
-0.525267
-0.523420
-0.526534
-0.527519
-0.524936
-0.524057
-0.526172
-0.525739
-0.527154
-0.526299
-0.528585
-0.524023
-0.526967
-0.525291
-0.529771
-0.526265
-0.526353
-0.527287
-0.526154
-0.526058
-0.527147
-0.526704
-0.528298
-0.527314
-0.527390
-0.524942
-0.526750
-0.525225
-0.527376
-0.527416
-0.526879
-0.524384
-0.522169
-0.528793
-0.526161
-0.524288
-0.525990
-0.524518
-0.525301
-0.523374
-0.526035
-0.526395
-0.521564
-0.522170
-0.524534
-0.524498
-0.522898
-0.521228
-0.521505
-0.522773
-0.520089
-0.522856
-0.520696
-0.519319
-0.518900
-0.522439
-0.517142
-0.519967
-0.517922
-0.517805
-0.520281
-0.514377
-0.518831
-0.513970
-0.516262
-0.514000
-0.515196
-0.514668
-0.515089
-0.511577
-0.512732
-0.512598
-0.513012
-0.513459
-0.507640
-0.508502
-0.509272
-0.510727
-0.508673
-0.508642
-0.503917
-0.506340
-0.508075
-0.503174
-0.505459
-0.500782
-0.503207
-0.506039
-0.500330
-0.499520
-0.499756
-0.497291
-0.500058
-0.501018
-0.493422
-0.496308
-0.496680
-0.494640
-0.492988
-0.491331
-0.492136
-0.491385
-0.489757
-0.489225
-0.490592
-0.486236
-0.487239
-0.486588
-0.484194
-0.481035
-0.483425
-0.482316
-0.482703
-0.480010
-0.478459
-0.479979
-0.474581
-0.475829
-0.474992
-0.474026
-0.474897
-0.469808
-0.472162
-0.468967
-0.467636
-0.469053
-0.466403
-0.465874
-0.463617
-0.462837
-0.464351
-0.460938
-0.458494
-0.458222
-0.457288
-0.457531
-0.454566
-0.454382
-0.453002
-0.452163
-0.448062
-0.448107
-0.449154
-0.445848
-0.445585
-0.440577
-0.445199
-0.441508
-0.439036
-0.439107
-0.434610
-0.438571
-0.430603
-0.434722
-0.433535
-0.431570
-0.428710
-0.426442
-0.422516
-0.426754
-0.424693
-0.422033
-0.418730
-0.418948
-0.415618
-0.418284
-0.415656
-0.411706
-0.410230
-0.410401
-0.406645
-0.406279
-0.408344
-0.402949
-0.401353
-0.399891
-0.398589
-0.398865
-0.395409
-0.392089
-0.390779
-0.392312
-0.393592
-0.386841
-0.384195
-0.383904
-0.383005
-0.381128
-0.376747
-0.379346
-0.376256
-0.373535
-0.370747
-0.371663
-0.369718
-0.366495
-0.364081
-0.363125
-0.362388
-0.361983
-0.357275
-0.354480
-0.358240
-0.350486
-0.349911
-0.348541
-0.347078
-0.344974
-0.342073
-0.343351
-0.339950
-0.337716
-0.334199
-0.336666
-0.330767
-0.329768
-0.327934
-0.326217
-0.322966
-0.323729
-0.321544
-0.318524
-0.316431
-0.314744
-0.312001
-0.311514
-0.309177
-0.305736
-0.305483
-0.302235
-0.301292
-0.299359
-0.295385
-0.295043
-0.292395
-0.290185
-0.288520
-0.287021
-0.283787
-0.281318
-0.280431
-0.278470
-0.273878
-0.274252
-0.270641
-0.270918
-0.270936
-0.263533
-0.261657
-0.262446
-0.257801
-0.254740
-0.254989
-0.253836
-0.249823
-0.247623
-0.248608
-0.240528
-0.238654
-0.242642
-0.238412
-0.234414
-0.233080
-0.230387
-0.228962
-0.226608
-0.224182
-0.219756
-0.217069
-0.219709
-0.215364
-0.212033
-0.208480
-0.209518
-0.207428
-0.201371
-0.199153
-0.200501
-0.196524
-0.193294
-0.191302
-0.189687
-0.185407
-0.186548
-0.182833
-0.179612
-0.176376
-0.174118
-0.171945
-0.171562
-0.168531
-0.167274
-0.163563
-0.156591
-0.160277
-0.156381
-0.153868
-0.151255
-0.148794
-0.144121
-0.146481
-0.142987
-0.137600
-0.137242
-0.135209
-0.130744
-0.129763
-0.127363
-0.123402
-0.123375
-0.117933
-0.118855
-0.111911
-0.112658
-0.108962
-0.109943
-0.103989
-0.102642
-0.098838
-0.098270
-0.094713
-0.088601
-0.090190
-0.088299
-0.084702
-0.083540
-0.080494
-0.074999
-0.074434
-0.072996
-0.069681
-0.066756
-0.061649
-0.062703
-0.059864
-0.055302
-0.053221
-0.052546
-0.051676
-0.043490
-0.041905
-0.041132
-0.039361
-0.035731
-0.036593
-0.029342
-0.026713
-0.022238
-0.024669
-0.021206
-0.016196
-0.016446
-0.011549
-0.011604
-0.005921
-0.007363
-0.001395
0.006333
-0.000879
0.007491
0.007430
0.010125
0.013286
0.015474
0.019190
0.023516
0.021695
0.025347
0.033967
0.029398
0.032492
0.037490
0.041320
0.045597
0.040827
0.048240
0.048644
0.055421
0.056087
0.059219
0.059700
0.061326
0.069133
0.071508
0.068225
0.072278
0.079458
0.081314
0.079971
0.083600
0.087306
0.089955
0.096688
0.094311
0.094957
0.100438
0.104438
0.106238
0.109794
0.111906
0.111152
0.113364
0.117658
0.124043
0.126580
0.127639
0.125271
0.131450
0.133962
0.138769
0.137774
0.145787
0.143952
0.147812
0.150183
0.153492
0.154946
0.158514
0.161106
0.163511
0.164789
0.168150
0.169189
0.175414
0.176687
0.176600
0.184164
0.183387
0.187814
0.186216
0.193344
0.191351
0.198463
0.198958
0.200927
0.204932
0.206740
0.208605
0.211718
0.216606
0.218811
0.216595
0.219783
0.225008
0.227602
0.230610
0.233445
0.231350
0.237646
0.240665
0.242901
0.243352
0.247086
0.249126
0.249581
0.255872
0.256533
0.258938
0.260274
0.266191
0.265239
0.269083
0.273848
0.272177
0.275520
0.278484
0.280325
0.283664
0.287933
0.287509
0.290811
0.291401
0.293558
0.297812
0.304036
0.301938
0.305558
0.303104
0.311166
0.314054
0.315347
0.316058
0.318889
0.320947
0.323679
0.324775
0.326848
0.331860
0.329087
0.335327
0.337002
0.340433
0.339443
0.344782
0.343465
0.346256
0.349771
0.353849
0.355393
0.357940
0.359190
0.361543
0.361451
0.369765
0.365736
0.371288
0.372877
0.377601
0.376669
0.376656
0.382249
0.381934
0.388693
0.383546
0.390369
0.392454
0.392726
0.396253
0.396269
0.403378
0.393360
0.407177
0.408034
0.406804
0.409387
0.413081
0.412085
0.417640
0.417981
0.418941
0.419605
0.422548
0.426179
0.428439
0.429534
0.429065
0.432779
0.434414
0.437415
0.438797
0.441619
0.441536
0.444503
0.445235
0.453165
0.447620
0.452393
0.452938
0.451322
0.457255
0.459186
0.460853
0.462381
0.463757
0.465603
0.470613
0.465581
0.471130
0.473094
0.474130
0.476838
0.478093
0.479342
0.481075
0.481652
0.484034
0.486903
0.488557
0.489257
0.492227
0.489515
0.497629
0.494976
0.497025
0.498564
0.497996
0.503538
0.505310
0.504454
0.506563
0.506750
0.512116
0.509818
0.509101
0.512665
0.516437
0.517452
0.517922
0.520667
0.519852
0.522834
0.523642
0.521215
0.528653
0.529560
0.528876
0.530466
0.528863
0.531691
0.539506
0.529509
0.536682
0.540043
0.539155
0.542018
0.540129
0.539723
0.544438
0.547267
0.542949
0.548369
0.547547
0.549740
0.550475
0.553317
0.553414
0.554867
0.553403
0.554563
0.558960
0.556445
0.563460
0.557936
0.561620
0.564990
0.559590
0.562295
0.567418
0.566729
0.565540
0.566631
0.570799
0.569134
0.569251
0.576049
0.568639
0.572698
0.574138
0.576990
0.575238
0.576818
0.575914
0.579398
0.579232
0.576997
0.582368
0.578754
0.580504
0.585506
0.582414
0.583171
0.586925
0.582832
0.589130
0.586531
0.584958
0.590863
0.586524
0.591341
0.585636
0.590299
0.590444
0.591451
0.592082
0.590889
0.596301
0.592774
0.594249
0.594464
0.591014
0.596198
0.597834
0.596405
0.594866
0.594494
0.599371
0.597021
0.596293
0.598945
0.598672
0.596785
0.601830
0.597794
0.600432
0.599382
0.598715
0.604495
0.598372
0.598530
0.600680
0.602104
0.603705
0.600650
0.598158
0.603696
0.600522
0.605719
0.601245
0.602909
0.602805
0.601147
0.603433
0.602527
0.598756
0.606997
0.603702
0.602221
0.601375
0.601708
0.604846
0.603512
0.600331
0.603329
0.599915
0.606835
0.600027
0.601630
0.601281
0.601317
0.601990
0.602575
0.603458
0.599621
0.602110
0.599612
0.598735
0.599375
0.602633
0.599979
0.597986
0.597486
0.598717
0.603366
0.593191
0.600011
0.595272
0.595863
0.599926
0.594070
0.594202
0.597175
0.589268
0.599055
0.595289
0.591196
0.594118
0.590178
0.592549
0.590252
0.594080
0.590186
0.585546
0.589435
0.589830
0.590165
0.584634
0.590063
0.582474
0.583673
0.589441
0.580372
0.585615
0.584964
0.578588
0.583408
0.579027
0.577406
0.580508
0.579490
0.580829
0.578390
0.574849
0.572571
0.570448
0.580066
0.571188
0.572137
0.570274
0.571478
0.569405
0.563910
0.568297
0.566567
0.564572
0.568248
0.565144
0.557015
0.563717
0.563007
0.557312
0.561879
0.556171
0.557876
0.555853
0.555163
0.553733
0.553432
0.551080
0.547935
0.550873
0.549783
0.547115
0.547177
0.548837
0.541658
0.540010
0.543205
0.540948
0.540600
0.537836
0.536916
0.531491
0.536010
0.533621
0.534270
0.531907
0.529132
0.525559
0.529981
0.528139
0.521925
0.524039
0.520805
0.521296
0.518932
0.520584
0.517081
0.513131
0.514518
0.516797
0.507914
0.510139
0.508274
0.504864
0.509259
0.506978
0.503308
0.499523
0.498686
0.499218
0.501268
0.494849
0.496847
0.487881
0.493180
0.492447
0.489271
0.482115
0.488596
0.486038
0.482095
0.478689
0.477326
0.485321
0.474160
0.477684
0.472533
0.468215
0.472431
0.465070
0.471923
0.466657
0.464725
0.463181
0.459707
0.459961
0.458822
0.453545
0.458299
0.446971
0.456015
0.452893
0.443559
0.448477
0.443217
0.444052
0.442744
0.435837
0.440819
0.440205
0.429543
0.433871
0.435300
0.428786
0.422747
0.428982
0.422547
0.425977
0.421088
0.420942
0.413954
0.415985
0.413589
0.415292
0.404078
0.413983
0.406113
0.409665
0.397818
0.404188
0.399988
0.398908
0.395013
0.397927
0.389673
0.396035
0.385726
0.387672
0.388553
0.382414
0.380811
0.381108
0.378340
0.379689
0.371411
0.373780
0.370966
0.368607
0.370103
0.367549
0.361989
0.360209
0.357855
0.364769
0.351522
0.357742
0.351554
0.346799
0.352822
0.347560
0.341386
0.346911
0.340449
0.340761
0.334293
0.337256
0.337746
0.325519
0.331999
0.329734
0.325578
0.323610
0.326394
0.319935
0.316003
0.318793
0.315750
0.309798
0.311843
0.311425
0.304779
0.305502
0.302669
0.303514
0.300766
0.295120
0.295744
0.295315
0.292424
0.293464
0.289412
0.277827
0.288541
0.281584
0.284275
0.275869
0.277012
0.274750
0.274575
0.266829
0.269945
0.268617
0.263681
0.263997
0.261677
0.260223
0.259523
0.256802
0.249293
0.253148
0.247111
0.250549
0.246429
0.245115
0.242988
0.239587
0.241190
0.233618
0.237738
0.232473
0.232862
0.226586
0.231042
0.226890
0.221162
0.222884
0.218759
0.217373
0.215541
0.216612
0.212561
0.208335
0.211463
0.209263
0.196452
0.205740
0.206020
0.198508
0.197093
0.195774
0.193712
0.192646
0.190947
0.186506
0.184589
0.190079
0.182112
0.178407
0.182916
0.176256
0.178021
0.173864
0.173562
0.167114
0.170760
0.163749
0.171897
0.161242
0.161474
0.156862
0.161882
0.157681
0.151798
0.153125
0.154139
0.145278
0.149342
0.149095
0.145098
0.139520
0.144222
0.133095
0.139093
0.136333
0.137782
0.132678
0.124671
0.132811
0.127776
0.119526
0.130392
0.121996
0.119603
0.115884
0.115659
0.120483
0.113764
0.111235
0.109029
0.109054
0.107595
0.107544
0.104802
0.103437
0.097934
0.106052
0.091806
0.097350
0.095839
0.096868
0.090363
0.089292
0.087667
0.087563
0.088454
0.083785
0.084039
0.077195
0.084452
0.078453
0.075849
0.074362
0.072653
0.080785
0.062305
0.071109
0.072929
0.063964
0.069483
0.059825
0.061864
0.061375
0.061034
0.062254
0.056582
0.052012
0.051810
0.060051
0.049353
0.055263
0.041385
0.050390
0.048877
0.043507
0.042703
0.046846
0.039517
0.037818
0.038043
0.043091
0.034592
0.036863
0.034786
0.032093
0.028665
0.033316
0.024184
0.033720
0.025722
0.027604
0.018712
0.026011
0.021189
0.025598
0.021415
0.011503
0.019931
0.023196
0.014038
0.014931
0.014110
0.013211
0.005399
0.013955
0.011185
0.008919
0.010545
0.002956
0.001516
0.008478
0.005797
0.003237
0.002106
-0.007406
0.003712
0.003718
-0.001634
-0.003457
-0.007438
-0.003642
0.001406
-0.006167
-0.013265
-0.007540
-0.010272
-0.009103
-0.004768
-0.010890
-0.014749
-0.015573
-0.009597
-0.016141
-0.012026
-0.015446
-0.021084
-0.009863
-0.016923
-0.028215
-0.010249
-0.015543
-0.030445
-0.015093
-0.023684
-0.018894
-0.021810
-0.023452
-0.023669
-0.028441
-0.024380
-0.025155
-0.017353
-0.030589
-0.029795
-0.029275
-0.020901
-0.034073
-0.027259
-0.027057
-0.029997
-0.032367
-0.033036
-0.026466
-0.024739
-0.028390
-0.063137
-0.010379
-0.032011
-0.040389
-0.027726
-0.025917
-0.038854
-0.045202
-0.033634
-0.023902
-0.040830
-0.030195
-0.043306
-0.030244
-0.035837
-0.035618
-0.040540
-0.040470
-0.026390
-0.042872
-0.039604
-0.032586
-0.037686
-0.037340
-0.037365
-0.040483
-0.043901
-0.024888
-0.044900
-0.041220
-0.028103
-0.044743
-0.035348
-0.040675
-0.036206
-0.040675
-0.035348
-0.044743
-0.028103
-0.041220
-0.044900
-0.024888
-0.043901
-0.040483
-0.037365
-0.037340
-0.037686
-0.032586
-0.039604
-0.042872
-0.026390
-0.040470
-0.040540
-0.035618
-0.035837
-0.030244
-0.043306
-0.030195
-0.040830
-0.023902
-0.033634
-0.045202
-0.038854
-0.025917
-0.027726
-0.040389
-0.032011
-0.010379
-0.063137
-0.028390
-0.024739
-0.026466
-0.033036
-0.032367
-0.029997
-0.027057
-0.027259
-0.034073
-0.020901
-0.029275
-0.029795
-0.030589
-0.017353
-0.025155
-0.024380
-0.028441
-0.023669
-0.023452
-0.021810
-0.018894
-0.023684
-0.015093
-0.030445
-0.015543
-0.010249
-0.028215
-0.016923
-0.009863
-0.021084
-0.015446
-0.012026
-0.016141
-0.009597
-0.015573
-0.014749
-0.010890
-0.004768
-0.009103
-0.010272
-0.007540
-0.013265
-0.006167
0.001406
-0.003642
-0.007438
-0.003457
-0.001634
0.003718
0.003712
-0.007406
0.002106
0.003237
0.005797
0.008478
0.001516
0.002956
0.010545
0.008919
0.011185
0.013955
0.005399
0.013211
0.014110
0.014931
0.014038
0.023196
0.019931
0.011503
0.021415
0.025598
0.021189
0.026011
0.018712
0.027604
0.025722
0.033720
0.024184
0.033316
0.028665
0.032093
0.034786
0.036863
0.034592
0.043091
0.038043
0.037818
0.039517
0.046846
0.042703
0.043507
0.048877
0.050390
0.041385
0.055263
0.049353
0.060051
0.051810
0.052012
0.056582
0.062254
0.061034
0.061375
0.061864
0.059825
0.069483
0.063964
0.072929
0.071109
0.062305
0.080785
0.072653
0.074362
0.075849
0.078453
0.084452
0.077195
0.084039
0.083785
0.088454
0.087563
0.087667
0.089292
0.090363
0.096868
0.095839
0.097350
0.091806
0.106052
0.097934
0.103437
0.104802
0.107544
0.107595
0.109054
0.109029
0.111235
0.113764
0.120483
0.115659
0.115884
0.119603
0.121996
0.130392
0.119526
0.127776
0.132811
0.124671
0.132678
0.137782
0.136333
0.139093
0.133095
0.144222
0.139520
0.145098
0.149095
0.149342
0.145278
0.154139
0.153125
0.151798
0.157681
0.161882
0.156862
0.161474
0.161242
0.171897
0.163749
0.170760
0.167114
0.173562
0.173864
0.178021
0.176256
0.182916
0.178407
0.182112
0.190079
0.184589
0.186506
0.190947
0.192646
0.193712
0.195774
0.197093
0.198508
0.206020
0.205740
0.196452
0.209263
0.211463
0.208335
0.212561
0.216612
0.215541
0.217373
0.218759
0.222884
0.221162
0.226890
0.231042
0.226586
0.232862
0.232473
0.237738
0.233618
0.241190
0.239587
0.242988
0.245115
0.246429
0.250549
0.247111
0.253148
0.249293
0.256802
0.259523
0.260223
0.261677
0.263997
0.263681
0.268617
0.269945
0.266829
0.274575
0.274750
0.277012
0.275869
0.284275
0.281584
0.288541
0.277827
0.289412
0.293464
0.292424
0.295315
0.295744
0.295120
0.300766
0.303514
0.302669
0.305502
0.304779
0.311425
0.311843
0.309798
0.315750
0.318793
0.316003
0.319935
0.326394
0.323610
0.325578
0.329734
0.331999
0.325519
0.337746
0.337256
0.334293
0.340761
0.340449
0.346911
0.341386
0.347560
0.352822
0.346799
0.351554
0.357742
0.351522
0.364769
0.357855
0.360209
0.361989
0.367549
0.370103
0.368607
0.370966
0.373780
0.371411
0.379689
0.378340
0.381108
0.380811
0.382414
0.388553
0.387672
0.385726
0.396035
0.389673
0.397927
0.395013
0.398908
0.399988
0.404188
0.397818
0.409665
0.406113
0.413983
0.404078
0.415292
0.413589
0.415985
0.413954
0.420942
0.421088
0.425977
0.422547
0.428982
0.422747
0.428786
0.435300
0.433871
0.429543
0.440205
0.440819
0.435837
0.442744
0.444052
0.443217
0.448477
0.443559
0.452893
0.456015
0.446971
0.458299
0.453545
0.458822
0.459961
0.459707
0.463181
0.464725
0.466657
0.471923
0.465070
0.472431
0.468215
0.472533
0.477684
0.474160
0.485321
0.477326
0.478689
0.482095
0.486038
0.488596
0.482115
0.489271
0.492447
0.493180
0.487881
0.496847
0.494849
0.501268
0.499218
0.498686
0.499523
0.503308
0.506978
0.509259
0.504864
0.508274
0.510139
0.507914
0.516797
0.514518
0.513131
0.517081
0.520584
0.518932
0.521296
0.520805
0.524039
0.521925
0.528139
0.529981
0.525559
0.529132
0.531907
0.534270
0.533621
0.536010
0.531491
0.536916
0.537836
0.540600
0.540948
0.543205
0.540010
0.541658
0.548837
0.547177
0.547115
0.549783
0.550873
0.547935
0.551080
0.553432
0.553733
0.555163
0.555853
0.557876
0.556171
0.561879
0.557312
0.563007
0.563717
0.557015
0.565144
0.568248
0.564572
0.566567
0.568297
0.563910
0.569405
0.571478
0.570274
0.572137
0.571188
0.580066
0.570448
0.572571
0.574849
0.578390
0.580829
0.579490
0.580508
0.577406
0.579027
0.583408
0.578588
0.584964
0.585615
0.580372
0.589441
0.583673
0.582474
0.590063
0.584634
0.590165
0.589830
0.589435
0.585546
0.590186
0.594080
0.590252
0.592549
0.590178
0.594118
0.591196
0.595289
0.599055
0.589268
0.597175
0.594202
0.594070
0.599926
0.595863
0.595272
0.600011
0.593191
0.603366
0.598717
0.597486
0.597986
0.599979
0.602633
0.599375
0.598735
0.599612
0.602110
0.599621
0.603458
0.602575
0.601990
0.601317
0.601281
0.601630
0.600027
0.606835
0.599915
0.603329
0.600331
0.603512
0.604846
0.601708
0.601375
0.602221
0.603702
0.606997
0.598756
0.602527
0.603433
0.601147
0.602805
0.602909
0.601245
0.605719
0.600522
0.603696
0.598158
0.600650
0.603705
0.602104
0.600680
0.598530
0.598372
0.604495
0.598715
0.599382
0.600432
0.597794
0.601830
0.596785
0.598672
0.598945
0.596293
0.597021
0.599371
0.594494
0.594866
0.596405
0.597834
0.596198
0.591014
0.594464
0.594249
0.592774
0.596301
0.590889
0.592082
0.591451
0.590444
0.590299
0.585636
0.591341
0.586524
0.590863
0.584958
0.586531
0.589130
0.582832
0.586925
0.583171
0.582414
0.585506
0.580504
0.578754
0.582368
0.576997
0.579232
0.579398
0.575914
0.576818
0.575238
0.576990
0.574138
0.572698
0.568639
0.576049
0.569251
0.569134
0.570799
0.566631
0.565540
0.566729
0.567418
0.562295
0.559590
0.564990
0.561620
0.557936
0.563460
0.556445
0.558960
0.554563
0.553403
0.554867
0.553414
0.553317
0.550475
0.549740
0.547547
0.548369
0.542949
0.547267
0.544438
0.539723
0.540129
0.542018
0.539155
0.540043
0.536682
0.529509
0.539506
0.531691
0.528863
0.530466
0.528876
0.529560
0.528653
0.521215
0.523642
0.522834
0.519852
0.520667
0.517922
0.517452
0.516437
0.512665
0.509101
0.509818
0.512116
0.506750
0.506563
0.504454
0.505310
0.503538
0.497996
0.498564
0.497025
0.494976
0.497629
0.489515
0.492227
0.489257
0.488557
0.486903
0.484034
0.481652
0.481075
0.479342
0.478093
0.476838
0.474130
0.473094
0.471130
0.465581
0.470613
0.465603
0.463757
0.462381
0.460853
0.459186
0.457255
0.451322
0.452938
0.452393
0.447620
0.453165
0.445235
0.444503
0.441536
0.441619
0.438797
0.437415
0.434414
0.432779
0.429065
0.429534
0.428439
0.426179
0.422548
0.419605
0.418941
0.417981
0.417640
0.412085
0.413081
0.409387
0.406804
0.408034
0.407177
0.393360
0.403378
0.396269
0.396253
0.392726
0.392454
0.390369
0.383546
0.388693
0.381934
0.382249
0.376656
0.376669
0.377601
0.372877
0.371288
0.365736
0.369765
0.361451
0.361543
0.359190
0.357940
0.355393
0.353849
0.349771
0.346256
0.343465
0.344782
0.339443
0.340433
0.337002
0.335327
0.329087
0.331860
0.326848
0.324775
0.323679
0.320947
0.318889
0.316058
0.315347
0.314054
0.311166
0.303104
0.305558
0.301938
0.304036
0.297812
0.293558
0.291401
0.290811
0.287509
0.287933
0.283664
0.280325
0.278484
0.275520
0.272177
0.273848
0.269083
0.265239
0.266191
0.260274
0.258938
0.256533
0.255872
0.249581
0.249126
0.247086
0.243352
0.242901
0.240665
0.237646
0.231350
0.233445
0.230610
0.227602
0.225008
0.219783
0.216595
0.218811
0.216606
0.211718
0.208605
0.206740
0.204932
0.200927
0.198958
0.198463
0.191351
0.193344
0.186216
0.187814
0.183387
0.184164
0.176600
0.176687
0.175414
0.169189
0.168150
0.164789
0.163511
0.161106
0.158514
0.154946
0.153492
0.150183
0.147812
0.143952
0.145787
0.137774
0.138769
0.133962
0.131450
0.125271
0.127639
0.126580
0.124043
0.117658
0.113364
0.111152
0.111906
0.109794
0.106238
0.104438
0.100438
0.094957
0.094311
0.096688
0.089955
0.087306
0.083600
0.079971
0.081314
0.079458
0.072278
0.068225
0.071508
0.069133
0.061326
0.059700
0.059219
0.056087
0.055421
0.048644
0.048240
0.040827
0.045597
0.041320
0.037490
0.032492
0.029398
0.033967
0.025347
0.021695
0.023516
0.019190
0.015474
0.013286
0.010125
0.007430
0.007491
-0.000879
0.006333
-0.001395
-0.007363
-0.005921
-0.011604
-0.011549
-0.016446
-0.016196
-0.021206
-0.024669
-0.022238
-0.026713
-0.029342
-0.036593
-0.035731
-0.039361
-0.041132
-0.041905
-0.043490
-0.051676
-0.052546
-0.053221
-0.055302
-0.059864
-0.062703
-0.061649
-0.066756
-0.069681
-0.072996
-0.074434
-0.074999
-0.080494
-0.083540
-0.084702
-0.088299
-0.090190
-0.088601
-0.094713
-0.098270
-0.098838
-0.102642
-0.103989
-0.109943
-0.108962
-0.112658
-0.111911
-0.118855
-0.117933
-0.123375
-0.123402
-0.127363
-0.129763
-0.130744
-0.135209
-0.137242
-0.137600
-0.142987
-0.146481
-0.144121
-0.148794
-0.151255
-0.153868
-0.156381
-0.160277
-0.156591
-0.163563
-0.167274
-0.168531
-0.171562
-0.171945
-0.174118
-0.176376
-0.179612
-0.182833
-0.186548
-0.185407
-0.189687
-0.191302
-0.193294
-0.196524
-0.200501
-0.199153
-0.201371
-0.207428
-0.209518
-0.208480
-0.212033
-0.215364
-0.219709
-0.217069
-0.219756
-0.224182
-0.226608
-0.228962
-0.230387
-0.233080
-0.234414
-0.238412
-0.242642
-0.238654
-0.240528
-0.248608
-0.247623
-0.249823
-0.253836
-0.254989
-0.254740
-0.257801
-0.262446
-0.261657
-0.263533
-0.270936
-0.270918
-0.270641
-0.274252
-0.273878
-0.278470
-0.280431
-0.281318
-0.283787
-0.287021
-0.288520
-0.290185
-0.292395
-0.295043
-0.295385
-0.299359
-0.301292
-0.302235
-0.305483
-0.305736
-0.309177
-0.311514
-0.312001
-0.314744
-0.316431
-0.318524
-0.321544
-0.323729
-0.322966
-0.326217
-0.327934
-0.329768
-0.330767
-0.336666
-0.334199
-0.337716
-0.339950
-0.343351
-0.342073
-0.344974
-0.347078
-0.348541
-0.349911
-0.350486
-0.358240
-0.354480
-0.357275
-0.361983
-0.362388
-0.363125
-0.364081
-0.366495
-0.369718
-0.371663
-0.370747
-0.373535
-0.376256
-0.379346
-0.376747
-0.381128
-0.383005
-0.383904
-0.384195
-0.386841
-0.393592
-0.392312
-0.390779
-0.392089
-0.395409
-0.398865
-0.398589
-0.399891
-0.401353
-0.402949
-0.408344
-0.406279
-0.406645
-0.410401
-0.410230
-0.411706
-0.415656
-0.418284
-0.415618
-0.418948
-0.418730
-0.422033
-0.424693
-0.426754
-0.422516
-0.426442
-0.428710
-0.431570
-0.433535
-0.434722
-0.430603
-0.438571
-0.434610
-0.439107
-0.439036
-0.441508
-0.445199
-0.440577
-0.445585
-0.445848
-0.449154
-0.448107
-0.448062
-0.452163
-0.453002
-0.454382
-0.454566
-0.457531
-0.457288
-0.458222
-0.458494
-0.460938
-0.464351
-0.462837
-0.463617
-0.465874
-0.466403
-0.469053
-0.467636
-0.468967
-0.472162
-0.469808
-0.474897
-0.474026
-0.474992
-0.475829
-0.474581
-0.479979
-0.478459
-0.480010
-0.482703
-0.482316
-0.483425
-0.481035
-0.484194
-0.486588
-0.487239
-0.486236
-0.490592
-0.489225
-0.489757
-0.491385
-0.492136
-0.491331
-0.492988
-0.494640
-0.496680
-0.496308
-0.493422
-0.501018
-0.500058
-0.497291
-0.499756
-0.499520
-0.500330
-0.506039
-0.503207
-0.500782
-0.505459
-0.503174
-0.508075
-0.506340
-0.503917
-0.508642
-0.508673
-0.510727
-0.509272
-0.508502
-0.507640
-0.513459
-0.513012
-0.512598
-0.512732
-0.511577
-0.515089
-0.514668
-0.515196
-0.514000
-0.516262
-0.513970
-0.518831
-0.514377
-0.520281
-0.517805
-0.517922
-0.519967
-0.517142
-0.522439
-0.518900
-0.519319
-0.520696
-0.522856
-0.520089
-0.522773
-0.521505
-0.521228
-0.522898
-0.524498
-0.524534
-0.522170
-0.521564
-0.526395
-0.526035
-0.523374
-0.525301
-0.524518
-0.525990
-0.524288
-0.526161
-0.528793
-0.522169
-0.524384
-0.526879
-0.527416
-0.527376
-0.525225
-0.526750
-0.524942
-0.527390
-0.527314
-0.528298
-0.526704
-0.527147
-0.526058
-0.526154
-0.527287
-0.526353
-0.526265
-0.529771
-0.525291
-0.526967
-0.524023
-0.528585
-0.526299
-0.527154
-0.525739
-0.526172
-0.524057
-0.524936
-0.527519
-0.526534
-0.523420
-0.525267
-0.522099
-0.526621
-0.525369
-0.523488
-0.524079
-0.522682
-0.524700
-0.521425
-0.522363
-0.522087
-0.525760
-0.522909
-0.519035
-0.522835
-0.522270
-0.524492
-0.523805
-0.523281
-0.522679
-0.524184
-0.525950
-0.526970
-0.520572
-0.520886
-0.517303
-0.520830
-0.516049
-0.517495
-0.516262
-0.519025
-0.519137
-0.519011
-0.516178
-0.514688
-0.517146
-0.515464
-0.515466
-0.512199
-0.514010
-0.514886
-0.512589
-0.514572
-0.511855
-0.512363
-0.511042
-0.509105
-0.508753
-0.509877
-0.509948
-0.509945
-0.507472
-0.506727
-0.509050
-0.504980
-0.504378
-0.505406
-0.504030
-0.504550
-0.503748
-0.503091
-0.502906
-0.503686
-0.497913
-0.501838
-0.497515
-0.500852
-0.499821
-0.497237
-0.495853
-0.494878
-0.495097
-0.496217
-0.496681
-0.490137
-0.493271
-0.491365
-0.493862
-0.491615
-0.487305
-0.485704
-0.491940
-0.490482
-0.486125
-0.481626
-0.485778
-0.484918
-0.486369
-0.483166
-0.484885
-0.477915
-0.480730
-0.479047
-0.479512
-0.479309
-0.478621
-0.476563
-0.475073
-0.473262
-0.476461
-0.473762
-0.468949
-0.473160
-0.470733
-0.469657
-0.467685
-0.469504
-0.467377
-0.464810
-0.463354
-0.462640
-0.466058
-0.462463
-0.462163
-0.460225
-0.458576
-0.456874
-0.455835
-0.456210
-0.456300
-0.458145
-0.454012
-0.452292
-0.452462
-0.450903
-0.446655
-0.447692
-0.449701
-0.449126
-0.443214
-0.443597
-0.442613
-0.442777
-0.442441
-0.438211
-0.439584
-0.437287
-0.439458
-0.436103
-0.432706
-0.433881
-0.433591
-0.432371
-0.428800
-0.428966
-0.429214
-0.429436
-0.424778
-0.425545
-0.422035
-0.421810
-0.422686
-0.421150
-0.420867
-0.418756
-0.417765
-0.413798
-0.412916
-0.414256
-0.414835
-0.410922
-0.410239
-0.407698
-0.407180
-0.407929
-0.403856
-0.403069
-0.403537
-0.403859
-0.400719
-0.401476
-0.396889
-0.396197
-0.396480
-0.398284
-0.392178
-0.392675
-0.391572
-0.389874
-0.388597
-0.385639
-0.391628
-0.383825
-0.384372
-0.381466
-0.382203
-0.379396
-0.378360
-0.379677
-0.377720
-0.375449
-0.373298
-0.372846
-0.370478
-0.370732
-0.369332
-0.368372
-0.364021
-0.366466
-0.364464
-0.361909
-0.362082
-0.362082
-0.359109
-0.356727
-0.356273
-0.354180
-0.354537
-0.354880
-0.351585
-0.348430
-0.347505
-0.344432
-0.347170
-0.345576
-0.346984
-0.340819
-0.341555
-0.338485
-0.340440
-0.333773
-0.334360
-0.337463
-0.334999
-0.333757
-0.330515
-0.326538
-0.326172
-0.329103
-0.325874
-0.323532
-0.322245
-0.323752
-0.321630
-0.318717
-0.315699
-0.317617
-0.313679
-0.314557
-0.313099
-0.310436
-0.311107
-0.308627
-0.308692
-0.304786
-0.304983
-0.303169
-0.300912
-0.301418
-0.298970
-0.300157
-0.299211
-0.292772
-0.294744
-0.290700
-0.293658
-0.292515
-0.288465
-0.286828
-0.286256
-0.285937
-0.283215
-0.282409
-0.283114
-0.277654
-0.277827
-0.278627
-0.278358
-0.274527
-0.272691
-0.272183
-0.271484
-0.269801
-0.268434
-0.267202
-0.262830
-0.266065
-0.265440
-0.262898
-0.258989
-0.258105
-0.259506
-0.257957
-0.255961
-0.254017
-0.251643
-0.255419
-0.251284
-0.248882
-0.245540
-0.247318
-0.246912
-0.245570
-0.245247
-0.242345
-0.239481
-0.239071
-0.238579
-0.236129
-0.235572
-0.235187
-0.234286
-0.232788
-0.233364
-0.228797
-0.227216
-0.225284
-0.226109
-0.224668
-0.224929
-0.223556
-0.220415
-0.219401
-0.216873
-0.219171
-0.216449
-0.213871
-0.213837
-0.212047
-0.211651
-0.211761
-0.213131
-0.207491
-0.205143
-0.201931
-0.205732
-0.205403
-0.204332
-0.199164
-0.199263
-0.197946
-0.197249
-0.193993
-0.197278
-0.194533
-0.192913
-0.190372
-0.191855
-0.190564
-0.186502
-0.186571
-0.186417
-0.185480
-0.185472
-0.181897
-0.181774
-0.179769
-0.178315
-0.177433
-0.175926
-0.179001
-0.174461
-0.173367
-0.171860
-0.171833
-0.169807
-0.168158
-0.169111
-0.168055
-0.166315
-0.163206
-0.161430
-0.162865
-0.163193
-0.162659
-0.159296
-0.154927
-0.155421
-0.159252
-0.155272
-0.153198
-0.155896
-0.149586
-0.149254
-0.147968
-0.150469
-0.151280
-0.145027
-0.144789
-0.142649
-0.142560
-0.144766
-0.141340
-0.141029
-0.137983
-0.139643
-0.136188
-0.134332
-0.135838
-0.138597
-0.134674
-0.129002
-0.129928
-0.132501
-0.129958
-0.128472
-0.126225
-0.126327
-0.124568
-0.126708
-0.124170
-0.120945
-0.121220
-0.119253
-0.122120
-0.117733
-0.120285
-0.115888
-0.115094
-0.112940
-0.114904
-0.113381
-0.112416
-0.111005
-0.110511
-0.109807
-0.108601
-0.107345
-0.105020
-0.106612
-0.106134
-0.103108
-0.103408
-0.102089
-0.101003
-0.099499
-0.098834
-0.097993
-0.096297
-0.096780
-0.097170
-0.096003
-0.092725
-0.095733
-0.090011
-0.091286
-0.088346
-0.092498
-0.090989
-0.088410
-0.087031
-0.082852
-0.084904
-0.084515
-0.086646
-0.082103
-0.082177
-0.081321
-0.081117
-0.079064
-0.079481
-0.078466
-0.077156
-0.075752
-0.075901
-0.076358
-0.073975
-0.075990
-0.072001
-0.068914
-0.068738
-0.072443
-0.074527
-0.067471
-0.066225
-0.067858
-0.067360
-0.068768
-0.062319
-0.061678
-0.066262
-0.066091
-0.062730
-0.060745
-0.058638
-0.061074
-0.059403
-0.060507
-0.058621
-0.058023
-0.056094
-0.055445
-0.057131
-0.055871
-0.056660
-0.049404
-0.054285
-0.051345
-0.051795
-0.052189
-0.050965
-0.050710
-0.047855
-0.048982
-0.049062
-0.047067
-0.045445
-0.046237
-0.043743
-0.046438
-0.047323
-0.045280
-0.041191
-0.040795
-0.039987
-0.042510
-0.042127
-0.044903
-0.041665
-0.036560
-0.036038
-0.041825
-0.040657
-0.038968
-0.036236
-0.035512
-0.035726
-0.037838
-0.039646
-0.046401
-0.061321
-0.064423
-0.059228


