M_loss: 40, M_sym: 4300.0, M_power: 9000, M_bandwidth: 22.3872113856834
0.060148
0.062276
0.056330
0.053158
0.048409
0.042626
0.038400
0.041125
0.041692
0.040377
0.041334
0.042098
0.043968
0.043964
0.044295
0.044664
0.046684
0.043879
0.043891
0.049052
0.048062
0.047584
0.048180
0.051383
0.048911
0.051460
0.049216
0.049509
0.051173
0.051447
0.053199
0.056378
0.058267
0.055237
0.053870
0.056988
0.055094
0.056485
0.055803
0.062824
0.062191
0.062360
0.058488
0.060504
0.064400
0.062709
0.064259
0.065053
0.066951
0.066899
0.068220
0.067405
0.068187
0.068385
0.068561
0.072343
0.072303
0.074229
0.074171
0.073673
0.074183
0.075057
0.076277
0.078206
0.078322
0.079359
0.080415
0.080811
0.083696
0.080349
0.081077
0.087312
0.086440
0.085398
0.085741
0.087701
0.089537
0.087475
0.089733
0.090990
0.089017
0.092697
0.095360
0.096452
0.095975
0.093156
0.096572
0.100355
0.098629
0.099260
0.098689
0.101441
0.105409
0.106381
0.106052
0.102563
0.104106
0.106370
0.109400
0.110857
0.111820
0.111788
0.109894
0.111233
0.113590
0.117367
0.119503
0.116348
0.116525
0.118848
0.121744
0.119913
0.120820
0.122526
0.125847
0.125339
0.126219
0.127762
0.128871
0.127689
0.131290
0.129477
0.133750
0.133668
0.132670
0.137948
0.134524
0.134693
0.142689
0.141241
0.137880
0.139655
0.144917
0.143981
0.143340
0.146152
0.149658
0.147327
0.147664
0.150788
0.152494
0.153433
0.154578
0.156474
0.157418
0.156749
0.154285
0.158322
0.162426
0.164696
0.164547
0.163184
0.161418
0.164651
0.168465
0.169098
0.170173
0.172229
0.170696
0.171928
0.172701
0.173790
0.178705
0.178795
0.179133
0.181109
0.181051
0.182128
0.182956
0.185056
0.184798
0.187292
0.189738
0.189253
0.191072
0.194133
0.193855
0.193782
0.193050
0.197445
0.197480
0.199433
0.200318
0.202792
0.202195
0.203893
0.202671
0.204590
0.206225
0.211812
0.210511
0.211434
0.210213
0.211122
0.215709
0.215601
0.218081
0.217362
0.218764
0.222309
0.221311
0.224777
0.223470
0.226767
0.229397
0.228304
0.231089
0.230665
0.233141
0.233633
0.235131
0.237392
0.236794
0.238175
0.242395
0.243665
0.242659
0.244911
0.245140
0.249267
0.248554
0.249376
0.251036
0.251580
0.254631
0.255119
0.258036
0.255184
0.257664
0.261731
0.260617
0.262465
0.264972
0.265013
0.266163
0.268604
0.269588
0.270026
0.271837
0.274295
0.274211
0.275285
0.279258
0.277559
0.277869
0.280742
0.281445
0.285007
0.287703
0.284515
0.286465
0.288466
0.291344
0.293206
0.294520
0.294619
0.293270
0.294878
0.297970
0.298746
0.302467
0.301969
0.301549
0.303868
0.306970
0.306754
0.308593
0.312024
0.307657
0.311097
0.314047
0.316059
0.315064
0.317931
0.317619
0.320385
0.321602
0.320358
0.323741
0.324353
0.326186
0.329035
0.329569
0.328481
0.330337
0.334495
0.336455
0.335190
0.334536
0.337831
0.340277
0.338805
0.341464
0.342191
0.344108
0.344232
0.346030
0.349116
0.349020
0.350385
0.350934
0.350879
0.354904
0.357587
0.354635
0.356142
0.359685
0.360583
0.361250
0.361751
0.364515
0.363846
0.366168
0.370183
0.366047
0.371347
0.371508
0.370844
0.373184
0.377554
0.376382
0.376727
0.379818
0.377273
0.379861
0.382087
0.384585
0.382569
0.386816
0.388757
0.389068
0.386694
0.391689
0.392385
0.392965
0.393487
0.397576
0.395273
0.397548
0.400842
0.400884
0.401746
0.402128
0.402349
0.406301
0.405930
0.408202
0.410293
0.408087
0.409636
0.412476
0.413692
0.415542
0.415560
0.416749
0.415703
0.418036
0.422210
0.419904
0.422478
0.425318
0.427112
0.422655
0.425497
0.428267
0.430698
0.430039
0.430661
0.432357
0.431818
0.436235
0.436701
0.435490
0.437043
0.440120
0.439034
0.440373
0.442481
0.443552
0.444824
0.445322
0.442116
0.446843
0.447822
0.452593
0.449959
0.449151
0.453403
0.453927
0.450279
0.455988
0.458261
0.456267
0.454562
0.458611
0.463376
0.460611
0.461299
0.462882
0.464814
0.464217
0.464457
0.466434
0.466819
0.467607
0.467756
0.470520
0.472145
0.470989
0.472086
0.474115
0.475317
0.473890
0.476239
0.475747
0.478485
0.478790
0.478741
0.481553
0.480914
0.481932
0.482836
0.483746
0.482847
0.486159
0.487316
0.486283
0.486570
0.487511
0.488559
0.490932
0.490353
0.492545
0.490527
0.492641
0.492956
0.494345
0.494299
0.496656
0.493676
0.497641
0.497820
0.499529
0.499719
0.499041
0.498708
0.501789
0.502259
0.501603
0.502268
0.505574
0.503293
0.504965
0.506309
0.504276
0.507325
0.507224
0.506920
0.508009
0.506498
0.510479
0.512081
0.510257
0.511476
0.507733
0.513442
0.511461
0.511474
0.513049
0.513912
0.514708
0.515731
0.514331
0.514223
0.517816
0.516354
0.511976
0.517953
0.518053
0.520079
0.516577
0.520676
0.517887
0.521474
0.517410
0.518358
0.520798
0.522758
0.522393
0.520941
0.521542
0.522013
0.521559
0.522994
0.520400
0.522161
0.521938
0.524029
0.524368
0.525934
0.528226
0.528579
0.530369
0.523904
0.526104
0.524246
0.523677
0.525452
0.523816
0.524383
0.524222
0.523262
0.524849
0.525635
0.523341
0.525420
0.522622
0.524627
0.526811
0.524553
0.524559
0.524478
0.525990
0.526861
0.523756
0.522712
0.526554
0.526495
0.525810
0.525905
0.527303
0.524300
0.523946
0.523073
0.525429
0.526206
0.524962
0.526386
0.526668
0.523950
0.522058
0.524134
0.526790
0.524780
0.525029
0.523679
0.523204
0.521946
0.524252
0.521854
0.521858
0.523193
0.521923
0.520528
0.523691
0.518831
0.519570
0.520464
0.520087
0.518075
0.519796
0.519802
0.515351
0.518587
0.518950
0.515275
0.516412
0.515959
0.516542
0.514591
0.516384
0.512291
0.513812
0.515699
0.511355
0.510492
0.512738
0.513528
0.512458
0.507117
0.509819
0.509051
0.508750
0.507858
0.506738
0.505394
0.507688
0.502865
0.507785
0.505447
0.500220
0.502811
0.500524
0.502663
0.500334
0.500054
0.499818
0.500036
0.494061
0.497789
0.494788
0.496324
0.493563
0.494786
0.489316
0.493846
0.491300
0.490304
0.488913
0.489666
0.484394
0.488230
0.485772
0.486765
0.485251
0.482259
0.478893
0.479540
0.479896
0.481219
0.476359
0.478061
0.476622
0.474584
0.472513
0.473816
0.469420
0.468787
0.468921
0.469292
0.468911
0.466514
0.463447
0.463235
0.463983
0.461991
0.461507
0.460279
0.457897
0.455510
0.457101
0.452976
0.454451
0.452075
0.452529
0.449714
0.449098
0.447383
0.446334
0.444511
0.441755
0.445398
0.440550
0.438281
0.436815
0.436633
0.437738
0.433613
0.431953
0.430614
0.431105
0.428449
0.427600
0.426173
0.424480
0.420119
0.422317
0.418591
0.420597
0.417126
0.415626
0.411098
0.413724
0.408788
0.409761
0.408116
0.405950
0.403803
0.400465
0.402615
0.400385
0.396253
0.398092
0.395258
0.391660
0.389152
0.393615
0.387965
0.386610
0.386565
0.383303
0.381439
0.379740
0.378185
0.378983
0.375196
0.374695
0.372033
0.367599
0.368902
0.369072
0.364007
0.363088
0.359442
0.358445
0.360353
0.356616
0.352737
0.353393
0.349687
0.348708
0.348751
0.344468
0.343725
0.340391
0.335820
0.338360
0.336311
0.332990
0.331531
0.330969
0.328791
0.323396
0.324639
0.322330
0.317368
0.317928
0.318160
0.312869
0.313753
0.308220
0.308334
0.302859
0.302526
0.302093
0.299568
0.298229
0.294850
0.292692
0.290274
0.287265
0.285339
0.284131
0.285118
0.280538
0.279034
0.276619
0.274832
0.267589
0.271802
0.267071
0.264911
0.262826
0.258102
0.258453
0.256322
0.255755
0.251637
0.250095
0.245372
0.245044
0.242732
0.240382
0.237058
0.234741
0.234891
0.231370
0.224515
0.228961
0.221940
0.219861
0.220818
0.216928
0.212858
0.210575
0.209909
0.207970
0.203775
0.203065
0.200350
0.195806
0.193355
0.192427
0.191306
0.188312
0.184314
0.182942
0.181244
0.178263
0.172906
0.173082
0.170589
0.169863
0.164988
0.162105
0.160095
0.157954
0.156816
0.151422
0.150657
0.148076
0.143476
0.143168
0.139571
0.137505
0.133731
0.131148
0.128835
0.126463
0.123106
0.123653
0.119037
0.115003
0.113492
0.107715
0.107712
0.107104
0.101757
0.102365
0.095776
0.097072
0.091936
0.091321
0.088556
0.083013
0.082046
0.081089
0.077537
0.073255
0.071567
0.069499
0.066314
0.065417
0.062265
0.057128
0.055273
0.052782
0.052283
0.045960
0.045518
0.040808
0.039638
0.038781
0.036786
0.031362
0.026778
0.025724
0.025580
0.021094
0.019293
0.015566
0.012761
0.010092
0.007509
0.003710
0.002165
-0.001803
-0.002126
-0.005331
-0.010145
-0.012841
-0.012313
-0.013721
-0.021632
-0.023136
-0.024127
-0.029259
-0.031825
-0.030804
-0.032785
-0.041069
-0.042729
-0.046045
-0.045506
-0.051458
-0.054336
-0.053083
-0.060325
-0.058069
-0.063931
-0.066912
-0.069721
-0.072013
-0.074874
-0.078175
-0.080101
-0.083010
-0.083339
-0.088058
-0.091846
-0.094045
-0.099632
-0.097100
-0.101188
-0.105496
-0.108308
-0.108377
-0.112552
-0.114609
-0.118364
-0.123910
-0.121601
-0.126011
-0.127980
-0.133316
-0.135522
-0.137024
-0.136377
-0.143865
-0.147938
-0.146852
-0.148440
-0.153413
-0.155326
-0.159184
-0.162553
-0.165391
-0.166007
-0.166690
-0.172226
-0.176191
-0.176623
-0.180718
-0.183044
-0.185826
-0.187452
-0.191223
-0.193909
-0.193347
-0.200934
-0.201453
-0.202247
-0.207519
-0.210365
-0.212671
-0.213174
-0.216606
-0.218556
-0.221855
-0.227027
-0.228509
-0.229421
-0.232685
-0.235908
-0.238970
-0.238813
-0.240865
-0.247660
-0.247934
-0.251931
-0.250362
-0.255366
-0.260742
-0.258611
-0.265672
-0.264583
-0.268152
-0.269215
-0.274456
-0.276499
-0.278311
-0.280674
-0.281282
-0.287509
-0.289913
-0.290271
-0.293626
-0.293104
-0.300284
-0.302622
-0.301673
-0.304737
-0.307596
-0.312391
-0.311843
-0.316013
-0.316800
-0.321447
-0.319258
-0.324982
-0.327818
-0.328886
-0.332224
-0.333544
-0.337809
-0.336161
-0.343446
-0.344225
-0.343897
-0.349626
-0.352649
-0.351200
-0.353727
-0.356749
-0.360097
-0.363534
-0.364613
-0.366896
-0.369236
-0.371900
-0.372558
-0.376746
-0.379609
-0.380343
-0.380810
-0.383149
-0.386488
-0.388964
-0.392175
-0.392299
-0.392937
-0.396899
-0.398920
-0.400160
-0.407528
-0.405995
-0.406750
-0.410833
-0.412017
-0.416319
-0.414814
-0.418364
-0.420609
-0.425603
-0.423824
-0.429698
-0.427205
-0.432761
-0.431867
-0.435616
-0.438504
-0.439450
-0.442155
-0.441275
-0.444761
-0.446441
-0.447428
-0.450603
-0.451968
-0.455971
-0.458192
-0.456928
-0.459009
-0.461973
-0.463929
-0.464739
-0.468283
-0.466749
-0.469579
-0.472949
-0.475987
-0.474514
-0.474487
-0.480050
-0.479357
-0.481428
-0.487198
-0.485683
-0.487487
-0.490625
-0.492203
-0.491855
-0.495161
-0.496556
-0.498873
-0.501296
-0.498938
-0.501680
-0.505803
-0.508952
-0.505323
-0.509504
-0.513168
-0.511271
-0.514987
-0.515199
-0.515079
-0.519031
-0.518891
-0.523504
-0.520905
-0.523924
-0.526969
-0.528077
-0.528352
-0.529886
-0.529366
-0.531358
-0.534170
-0.536081
-0.534884
-0.537465
-0.538904
-0.542362
-0.541585
-0.547564
-0.539167
-0.546523
-0.546968
-0.548144
-0.549768
-0.549024
-0.552486
-0.553903
-0.553924
-0.553177
-0.556432
-0.557317
-0.556709
-0.564197
-0.555817
-0.559722
-0.560873
-0.567362
-0.570337
-0.560084
-0.567936
-0.569780
-0.569696
-0.568044
-0.570578
-0.571779
-0.574876
-0.573535
-0.572615
-0.573350
-0.574599
-0.576499
-0.579773
-0.576021
-0.580328
-0.580420
-0.582254
-0.579224
-0.582639
-0.582711
-0.582024
-0.587063
-0.585309
-0.585347
-0.583318
-0.587504
-0.588317
-0.590184
-0.584109
-0.589345
-0.589574
-0.593854
-0.592166
-0.588990
-0.593619
-0.593316
-0.592055
-0.593570
-0.591219
-0.599932
-0.594419
-0.595127
-0.597038
-0.596464
-0.595221
-0.597405
-0.594306
-0.599953
-0.600258
-0.596919
-0.601264
-0.597392
-0.600334
-0.598012
-0.597591
-0.598588
-0.604138
-0.600853
-0.598974
-0.599609
-0.602774
-0.601750
-0.600065
-0.598164
-0.602287
-0.603369
-0.602676
-0.600614
-0.601399
-0.602691
-0.600602
-0.601509
-0.601894
-0.603516
-0.601916
-0.601911
-0.598433
-0.600357
-0.602482
-0.602418
-0.600745
-0.598783
-0.599966
-0.599640
-0.601711
-0.599838
-0.599642
-0.599156
-0.597127
-0.600182
-0.599671
-0.599363
-0.597600
-0.598792
-0.593515
-0.594950
-0.596088
-0.596300
-0.596455
-0.593925
-0.596778
-0.594481
-0.593265
-0.590565
-0.592406
-0.590926
-0.591483
-0.589922
-0.594359
-0.588513
-0.590702
-0.590134
-0.585729
-0.588320
-0.585864
-0.588575
-0.583111
-0.585480
-0.583670
-0.585236
-0.583526
-0.579627
-0.583516
-0.581835
-0.577322
-0.578655
-0.582579
-0.574443
-0.579149
-0.576871
-0.576159
-0.573774
-0.572822
-0.573413
-0.572229
-0.571651
-0.571973
-0.568355
-0.568788
-0.565710
-0.565666
-0.569460
-0.565481
-0.562977
-0.562995
-0.562756
-0.558331
-0.561455
-0.560872
-0.557399
-0.557369
-0.555271
-0.554171
-0.554817
-0.551501
-0.552423
-0.549021
-0.547225
-0.546485
-0.548615
-0.543793
-0.544694
-0.544645
-0.542228
-0.537016
-0.543279
-0.537453
-0.535739
-0.533885
-0.533665
-0.535156
-0.530283
-0.531460
-0.525618
-0.531860
-0.524713
-0.525241
-0.522002
-0.522418
-0.518880
-0.521700
-0.515924
-0.515547
-0.516380
-0.515047
-0.511098
-0.509824
-0.509890
-0.509262
-0.505760
-0.505113
-0.503247
-0.505033
-0.501652
-0.498462
-0.495034
-0.495421
-0.494648
-0.490063
-0.490629
-0.490288
-0.486278
-0.485881
-0.484277
-0.479032
-0.480125
-0.478849
-0.475582
-0.476825
-0.472962
-0.470273
-0.466869
-0.466442
-0.472633
-0.461781
-0.460991
-0.458887
-0.459394
-0.459245
-0.452487
-0.455215
-0.449659
-0.451699
-0.443662
-0.447120
-0.445478
-0.441814
-0.436599
-0.441849
-0.435024
-0.430700
-0.432831
-0.431100
-0.428952
-0.425267
-0.420555
-0.426967
-0.418056
-0.416844
-0.416718
-0.413763
-0.411102
-0.409506
-0.407814
-0.404115
-0.403470
-0.401162
-0.398635
-0.398729
-0.393557
-0.391142
-0.393195
-0.391046
-0.382579
-0.384180
-0.383436
-0.379381
-0.376006
-0.376432
-0.370383
-0.370824
-0.371454
-0.366485
-0.363595
-0.364403
-0.358465
-0.359456
-0.356651
-0.353753
-0.350910
-0.349853
-0.346884
-0.341806
-0.344284
-0.338014
-0.338194
-0.334581
-0.333683
-0.328158
-0.330689
-0.326403
-0.322278
-0.318237
-0.321151
-0.315251
-0.313284
-0.311946
-0.306382
-0.308720
-0.306676
-0.298972
-0.301037
-0.297879
-0.292292
-0.293040
-0.294021
-0.284640
-0.284901
-0.281914
-0.282912
-0.279720
-0.274746
-0.270840
-0.272131
-0.266655
-0.265445
-0.262504
-0.260207
-0.258277
-0.255239
-0.253962
-0.250008
-0.246744
-0.246385
-0.246699
-0.237822
-0.237735
-0.235967
-0.233834
-0.228916
-0.231457
-0.225609
-0.218771
-0.224264
-0.219225
-0.216690
-0.211157
-0.213186
-0.206294
-0.207572
-0.203135
-0.199266
-0.196250
-0.194896
-0.197274
-0.189118
-0.186919
-0.185207
-0.184322
-0.179443
-0.176207
-0.176043
-0.168689
-0.172066
-0.168632
-0.164094
-0.162447
-0.158916
-0.156387
-0.153907
-0.152375
-0.151295
-0.143693
-0.146617
-0.138375
-0.140597
-0.138273
-0.132581
-0.130927
-0.128987
-0.126219
-0.122530
-0.120962
-0.120763
-0.115086
-0.111906
-0.113799
-0.107091
-0.104468
-0.106355
-0.096922
-0.098610
-0.098322
-0.091757
-0.089156
-0.088708
-0.086298
-0.081317
-0.082286
-0.080054
-0.072446
-0.071714
-0.069852
-0.068414
-0.068714
-0.060380
-0.060196
-0.059345
-0.054068
-0.052886
-0.047925
-0.050789
-0.046110
-0.041405
-0.039979
-0.038559
-0.034944
-0.033745
-0.029889
-0.027812
-0.022826
-0.024546
-0.020393
-0.020125
-0.010773
-0.013748
-0.013208
-0.005156
-0.002056
-0.003544
-0.003499
0.002755
0.006013
0.003156
0.008691
0.016596
0.012376
0.013116
0.021607
0.019567
0.023372
0.023289
0.029528
0.030012
0.032899
0.034038
0.034748
0.039970
0.047314
0.045556
0.043133
0.047006
0.054459
0.053862
0.058231
0.059336
0.060834
0.062437
0.064405
0.068897
0.071884
0.072783
0.075353
0.071577
0.081568
0.081850
0.082954
0.085311
0.086690
0.091257
0.092833
0.091686
0.101626
0.096730
0.098535
0.107411
0.105932
0.105803
0.110517
0.113931
0.112029
0.114922
0.117085
0.125409
0.117081
0.126701
0.124198
0.133162
0.125093
0.135129
0.136951
0.135695
0.138137
0.138953
0.143315
0.148151
0.145191
0.147101
0.152004
0.151676
0.155676
0.161542
0.154147
0.161034
0.164453
0.162001
0.167539
0.166119
0.169496
0.175874
0.170894
0.170693
0.179372
0.181573
0.178547
0.187273
0.178538
0.188748
0.189472
0.193956
0.189248
0.186274
0.205868
0.194728
0.197422
0.202882
0.199769
0.201206
0.206114
0.209450
0.211334
0.202469
0.217156
0.217573
0.210836
0.215836
0.220597
0.215652
0.219920
0.237881
0.218658
0.223785
0.225827
0.227931
0.232055
0.228878
0.241848
0.238008
0.227810
0.239218
0.236495
0.248275
0.234817
0.248921
0.238725
0.247905
0.244023
0.247025
0.247329
0.259252
0.244888
0.260613
0.252397
0.258458
0.255790
0.251979
0.257403
0.279739
0.247557
0.274102
0.256588
0.259600
0.273789
0.270981
0.265580
0.267254
0.261449
0.280844
0.274001
0.277631
0.274066
0.275411
0.266464
0.272881
0.293697
0.280845
0.283533
0.274826
0.281247
0.284751
0.290522
0.279790
0.277708
0.290597
0.302522
0.284373
0.283329
0.288860
0.289756
0.299989
0.285784
0.284859
0.290584
0.313871
0.287296
0.307228
0.286089
0.296358
0.296777
0.298770
0.298484
0.297108
0.312547
0.291384
0.294702
0.303838
0.305020
0.297420
0.314344
0.289076
0.322271
0.300458
0.291464
0.316747
0.293951
0.301757
0.308150
0.313872
0.305973
0.308428
0.303982
0.302527
0.310891
0.298604
0.307055
0.315400
0.312965
0.299407
0.298802
0.319804
0.317854
0.312523
0.300325
0.309889
0.302649
0.312918
0.319159
0.316841
0.303108
0.305363
0.310931
0.301623
0.319192
0.313095
0.304669
0.313095
0.319192
0.301623
0.310931
0.305363
0.303108
0.316841
0.319159
0.312918
0.302649
0.309889
0.300325
0.312523
0.317854
0.319804
0.298802
0.299407
0.312965
0.315400
0.307055
0.298604
0.310891
0.302527
0.303982
0.308428
0.305973
0.313872
0.308150
0.301757
0.293951
0.316747
0.291464
0.300458
0.322271
0.289076
0.314344
0.297420
0.305020
0.303838
0.294702
0.291384
0.312547
0.297108
0.298484
0.298770
0.296777
0.296358
0.286089
0.307228
0.287296
0.313871
0.290584
0.284859
0.285784
0.299989
0.289756
0.288860
0.283329
0.284373
0.302522
0.290597
0.277708
0.279790
0.290522
0.284751
0.281247
0.274826
0.283533
0.280845
0.293697
0.272881
0.266464
0.275411
0.274066
0.277631
0.274001
0.280844
0.261449
0.267254
0.265580
0.270981
0.273789
0.259600
0.256588
0.274102
0.247557
0.279739
0.257403
0.251979
0.255790
0.258458
0.252397
0.260613
0.244888
0.259252
0.247329
0.247025
0.244023
0.247905
0.238725
0.248921
0.234817
0.248275
0.236495
0.239218
0.227810
0.238008
0.241848
0.228878
0.232055
0.227931
0.225827
0.223785
0.218658
0.237881
0.219920
0.215652
0.220597
0.215836
0.210836
0.217573
0.217156
0.202469
0.211334
0.209450
0.206114
0.201206
0.199769
0.202882
0.197422
0.194728
0.205868
0.186274
0.189248
0.193956
0.189472
0.188748
0.178538
0.187273
0.178547
0.181573
0.179372
0.170693
0.170894
0.175874
0.169496
0.166119
0.167539
0.162001
0.164453
0.161034
0.154147
0.161542
0.155676
0.151676
0.152004
0.147101
0.145191
0.148151
0.143315
0.138953
0.138137
0.135695
0.136951
0.135129
0.125093
0.133162
0.124198
0.126701
0.117081
0.125409
0.117085
0.114922
0.112029
0.113931
0.110517
0.105803
0.105932
0.107411
0.098535
0.096730
0.101626
0.091686
0.092833
0.091257
0.086690
0.085311
0.082954
0.081850
0.081568
0.071577
0.075353
0.072783
0.071884
0.068897
0.064405
0.062437
0.060834
0.059336
0.058231
0.053862
0.054459
0.047006
0.043133
0.045556
0.047314
0.039970
0.034748
0.034038
0.032899
0.030012
0.029528
0.023289
0.023372
0.019567
0.021607
0.013116
0.012376
0.016596
0.008691
0.003156
0.006013
0.002755
-0.003499
-0.003544
-0.002056
-0.005156
-0.013208
-0.013748
-0.010773
-0.020125
-0.020393
-0.024546
-0.022826
-0.027812
-0.029889
-0.033745
-0.034944
-0.038559
-0.039979
-0.041405
-0.046110
-0.050789
-0.047925
-0.052886
-0.054068
-0.059345
-0.060196
-0.060380
-0.068714
-0.068414
-0.069852
-0.071714
-0.072446
-0.080054
-0.082286
-0.081317
-0.086298
-0.088708
-0.089156
-0.091757
-0.098322
-0.098610
-0.096922
-0.106355
-0.104468
-0.107091
-0.113799
-0.111906
-0.115086
-0.120763
-0.120962
-0.122530
-0.126219
-0.128987
-0.130927
-0.132581
-0.138273
-0.140597
-0.138375
-0.146617
-0.143693
-0.151295
-0.152375
-0.153907
-0.156387
-0.158916
-0.162447
-0.164094
-0.168632
-0.172066
-0.168689
-0.176043
-0.176207
-0.179443
-0.184322
-0.185207
-0.186919
-0.189118
-0.197274
-0.194896
-0.196250
-0.199266
-0.203135
-0.207572
-0.206294
-0.213186
-0.211157
-0.216690
-0.219225
-0.224264
-0.218771
-0.225609
-0.231457
-0.228916
-0.233834
-0.235967
-0.237735
-0.237822
-0.246699
-0.246385
-0.246744
-0.250008
-0.253962
-0.255239
-0.258277
-0.260207
-0.262504
-0.265445
-0.266655
-0.272131
-0.270840
-0.274746
-0.279720
-0.282912
-0.281914
-0.284901
-0.284640
-0.294021
-0.293040
-0.292292
-0.297879
-0.301037
-0.298972
-0.306676
-0.308720
-0.306382
-0.311946
-0.313284
-0.315251
-0.321151
-0.318237
-0.322278
-0.326403
-0.330689
-0.328158
-0.333683
-0.334581
-0.338194
-0.338014
-0.344284
-0.341806
-0.346884
-0.349853
-0.350910
-0.353753
-0.356651
-0.359456
-0.358465
-0.364403
-0.363595
-0.366485
-0.371454
-0.370824
-0.370383
-0.376432
-0.376006
-0.379381
-0.383436
-0.384180
-0.382579
-0.391046
-0.393195
-0.391142
-0.393557
-0.398729
-0.398635
-0.401162
-0.403470
-0.404115
-0.407814
-0.409506
-0.411102
-0.413763
-0.416718
-0.416844
-0.418056
-0.426967
-0.420555
-0.425267
-0.428952
-0.431100
-0.432831
-0.430700
-0.435024
-0.441849
-0.436599
-0.441814
-0.445478
-0.447120
-0.443662
-0.451699
-0.449659
-0.455215
-0.452487
-0.459245
-0.459394
-0.458887
-0.460991
-0.461781
-0.472633
-0.466442
-0.466869
-0.470273
-0.472962
-0.476825
-0.475582
-0.478849
-0.480125
-0.479032
-0.484277
-0.485881
-0.486278
-0.490288
-0.490629
-0.490063
-0.494648
-0.495421
-0.495034
-0.498462
-0.501652
-0.505033
-0.503247
-0.505113
-0.505760
-0.509262
-0.509890
-0.509824
-0.511098
-0.515047
-0.516380
-0.515547
-0.515924
-0.521700
-0.518880
-0.522418
-0.522002
-0.525241
-0.524713
-0.531860
-0.525618
-0.531460
-0.530283
-0.535156
-0.533665
-0.533885
-0.535739
-0.537453
-0.543279
-0.537016
-0.542228
-0.544645
-0.544694
-0.543793
-0.548615
-0.546485
-0.547225
-0.549021
-0.552423
-0.551501
-0.554817
-0.554171
-0.555271
-0.557369
-0.557399
-0.560872
-0.561455
-0.558331
-0.562756
-0.562995
-0.562977
-0.565481
-0.569460
-0.565666
-0.565710
-0.568788
-0.568355
-0.571973
-0.571651
-0.572229
-0.573413
-0.572822
-0.573774
-0.576159
-0.576871
-0.579149
-0.574443
-0.582579
-0.578655
-0.577322
-0.581835
-0.583516
-0.579627
-0.583526
-0.585236
-0.583670
-0.585480
-0.583111
-0.588575
-0.585864
-0.588320
-0.585729
-0.590134
-0.590702
-0.588513
-0.594359
-0.589922
-0.591483
-0.590926
-0.592406
-0.590565
-0.593265
-0.594481
-0.596778
-0.593925
-0.596455
-0.596300
-0.596088
-0.594950
-0.593515
-0.598792
-0.597600
-0.599363
-0.599671
-0.600182
-0.597127
-0.599156
-0.599642
-0.599838
-0.601711
-0.599640
-0.599966
-0.598783
-0.600745
-0.602418
-0.602482
-0.600357
-0.598433
-0.601911
-0.601916
-0.603516
-0.601894
-0.601509
-0.600602
-0.602691
-0.601399
-0.600614
-0.602676
-0.603369
-0.602287
-0.598164
-0.600065
-0.601750
-0.602774
-0.599609
-0.598974
-0.600853
-0.604138
-0.598588
-0.597591
-0.598012
-0.600334
-0.597392
-0.601264
-0.596919
-0.600258
-0.599953
-0.594306
-0.597405
-0.595221
-0.596464
-0.597038
-0.595127
-0.594419
-0.599932
-0.591219
-0.593570
-0.592055
-0.593316
-0.593619
-0.588990
-0.592166
-0.593854
-0.589574
-0.589345
-0.584109
-0.590184
-0.588317
-0.587504
-0.583318
-0.585347
-0.585309
-0.587063
-0.582024
-0.582711
-0.582639
-0.579224
-0.582254
-0.580420
-0.580328
-0.576021
-0.579773
-0.576499
-0.574599
-0.573350
-0.572615
-0.573535
-0.574876
-0.571779
-0.570578
-0.568044
-0.569696
-0.569780
-0.567936
-0.560084
-0.570337
-0.567362
-0.560873
-0.559722
-0.555817
-0.564197
-0.556709
-0.557317
-0.556432
-0.553177
-0.553924
-0.553903
-0.552486
-0.549024
-0.549768
-0.548144
-0.546968
-0.546523
-0.539167
-0.547564
-0.541585
-0.542362
-0.538904
-0.537465
-0.534884
-0.536081
-0.534170
-0.531358
-0.529366
-0.529886
-0.528352
-0.528077
-0.526969
-0.523924
-0.520905
-0.523504
-0.518891
-0.519031
-0.515079
-0.515199
-0.514987
-0.511271
-0.513168
-0.509504
-0.505323
-0.508952
-0.505803
-0.501680
-0.498938
-0.501296
-0.498873
-0.496556
-0.495161
-0.491855
-0.492203
-0.490625
-0.487487
-0.485683
-0.487198
-0.481428
-0.479357
-0.480050
-0.474487
-0.474514
-0.475987
-0.472949
-0.469579
-0.466749
-0.468283
-0.464739
-0.463929
-0.461973
-0.459009
-0.456928
-0.458192
-0.455971
-0.451968
-0.450603
-0.447428
-0.446441
-0.444761
-0.441275
-0.442155
-0.439450
-0.438504
-0.435616
-0.431867
-0.432761
-0.427205
-0.429698
-0.423824
-0.425603
-0.420609
-0.418364
-0.414814
-0.416319
-0.412017
-0.410833
-0.406750
-0.405995
-0.407528
-0.400160
-0.398920
-0.396899
-0.392937
-0.392299
-0.392175
-0.388964
-0.386488
-0.383149
-0.380810
-0.380343
-0.379609
-0.376746
-0.372558
-0.371900
-0.369236
-0.366896
-0.364613
-0.363534
-0.360097
-0.356749
-0.353727
-0.351200
-0.352649
-0.349626
-0.343897
-0.344225
-0.343446
-0.336161
-0.337809
-0.333544
-0.332224
-0.328886
-0.327818
-0.324982
-0.319258
-0.321447
-0.316800
-0.316013
-0.311843
-0.312391
-0.307596
-0.304737
-0.301673
-0.302622
-0.300284
-0.293104
-0.293626
-0.290271
-0.289913
-0.287509
-0.281282
-0.280674
-0.278311
-0.276499
-0.274456
-0.269215
-0.268152
-0.264583
-0.265672
-0.258611
-0.260742
-0.255366
-0.250362
-0.251931
-0.247934
-0.247660
-0.240865
-0.238813
-0.238970
-0.235908
-0.232685
-0.229421
-0.228509
-0.227027
-0.221855
-0.218556
-0.216606
-0.213174
-0.212671
-0.210365
-0.207519
-0.202247
-0.201453
-0.200934
-0.193347
-0.193909
-0.191223
-0.187452
-0.185826
-0.183044
-0.180718
-0.176623
-0.176191
-0.172226
-0.166690
-0.166007
-0.165391
-0.162553
-0.159184
-0.155326
-0.153413
-0.148440
-0.146852
-0.147938
-0.143865
-0.136377
-0.137024
-0.135522
-0.133316
-0.127980
-0.126011
-0.121601
-0.123910
-0.118364
-0.114609
-0.112552
-0.108377
-0.108308
-0.105496
-0.101188
-0.097100
-0.099632
-0.094045
-0.091846
-0.088058
-0.083339
-0.083010
-0.080101
-0.078175
-0.074874
-0.072013
-0.069721
-0.066912
-0.063931
-0.058069
-0.060325
-0.053083
-0.054336
-0.051458
-0.045506
-0.046045
-0.042729
-0.041069
-0.032785
-0.030804
-0.031825
-0.029259
-0.024127
-0.023136
-0.021632
-0.013721
-0.012313
-0.012841
-0.010145
-0.005331
-0.002126
-0.001803
0.002165
0.003710
0.007509
0.010092
0.012761
0.015566
0.019293
0.021094
0.025580
0.025724
0.026778
0.031362
0.036786
0.038781
0.039638
0.040808
0.045518
0.045960
0.052283
0.052782
0.055273
0.057128
0.062265
0.065417
0.066314
0.069499
0.071567
0.073255
0.077537
0.081089
0.082046
0.083013
0.088556
0.091321
0.091936
0.097072
0.095776
0.102365
0.101757
0.107104
0.107712
0.107715
0.113492
0.115003
0.119037
0.123653
0.123106
0.126463
0.128835
0.131148
0.133731
0.137505
0.139571
0.143168
0.143476
0.148076
0.150657
0.151422
0.156816
0.157954
0.160095
0.162105
0.164988
0.169863
0.170589
0.173082
0.172906
0.178263
0.181244
0.182942
0.184314
0.188312
0.191306
0.192427
0.193355
0.195806
0.200350
0.203065
0.203775
0.207970
0.209909
0.210575
0.212858
0.216928
0.220818
0.219861
0.221940
0.228961
0.224515
0.231370
0.234891
0.234741
0.237058
0.240382
0.242732
0.245044
0.245372
0.250095
0.251637
0.255755
0.256322
0.258453
0.258102
0.262826
0.264911
0.267071
0.271802
0.267589
0.274832
0.276619
0.279034
0.280538
0.285118
0.284131
0.285339
0.287265
0.290274
0.292692
0.294850
0.298229
0.299568
0.302093
0.302526
0.302859
0.308334
0.308220
0.313753
0.312869
0.318160
0.317928
0.317368
0.322330
0.324639
0.323396
0.328791
0.330969
0.331531
0.332990
0.336311
0.338360
0.335820
0.340391
0.343725
0.344468
0.348751
0.348708
0.349687
0.353393
0.352737
0.356616
0.360353
0.358445
0.359442
0.363088
0.364007
0.369072
0.368902
0.367599
0.372033
0.374695
0.375196
0.378983
0.378185
0.379740
0.381439
0.383303
0.386565
0.386610
0.387965
0.393615
0.389152
0.391660
0.395258
0.398092
0.396253
0.400385
0.402615
0.400465
0.403803
0.405950
0.408116
0.409761
0.408788
0.413724
0.411098
0.415626
0.417126
0.420597
0.418591
0.422317
0.420119
0.424480
0.426173
0.427600
0.428449
0.431105
0.430614
0.431953
0.433613
0.437738
0.436633
0.436815
0.438281
0.440550
0.445398
0.441755
0.444511
0.446334
0.447383
0.449098
0.449714
0.452529
0.452075
0.454451
0.452976
0.457101
0.455510
0.457897
0.460279
0.461507
0.461991
0.463983
0.463235
0.463447
0.466514
0.468911
0.469292
0.468921
0.468787
0.469420
0.473816
0.472513
0.474584
0.476622
0.478061
0.476359
0.481219
0.479896
0.479540
0.478893
0.482259
0.485251
0.486765
0.485772
0.488230
0.484394
0.489666
0.488913
0.490304
0.491300
0.493846
0.489316
0.494786
0.493563
0.496324
0.494788
0.497789
0.494061
0.500036
0.499818
0.500054
0.500334
0.502663
0.500524
0.502811
0.500220
0.505447
0.507785
0.502865
0.507688
0.505394
0.506738
0.507858
0.508750
0.509051
0.509819
0.507117
0.512458
0.513528
0.512738
0.510492
0.511355
0.515699
0.513812
0.512291
0.516384
0.514591
0.516542
0.515959
0.516412
0.515275
0.518950
0.518587
0.515351
0.519802
0.519796
0.518075
0.520087
0.520464
0.519570
0.518831
0.523691
0.520528
0.521923
0.523193
0.521858
0.521854
0.524252
0.521946
0.523204
0.523679
0.525029
0.524780
0.526790
0.524134
0.522058
0.523950
0.526668
0.526386
0.524962
0.526206
0.525429
0.523073
0.523946
0.524300
0.527303
0.525905
0.525810
0.526495
0.526554
0.522712
0.523756
0.526861
0.525990
0.524478
0.524559
0.524553
0.526811
0.524627
0.522622
0.525420
0.523341
0.525635
0.524849
0.523262
0.524222
0.524383
0.523816
0.525452
0.523677
0.524246
0.526104
0.523904
0.530369
0.528579
0.528226
0.525934
0.524368
0.524029
0.521938
0.522161
0.520400
0.522994
0.521559
0.522013
0.521542
0.520941
0.522393
0.522758
0.520798
0.518358
0.517410
0.521474
0.517887
0.520676
0.516577
0.520079
0.518053
0.517953
0.511976
0.516354
0.517816
0.514223
0.514331
0.515731
0.514708
0.513912
0.513049
0.511474
0.511461
0.513442
0.507733
0.511476
0.510257
0.512081
0.510479
0.506498
0.508009
0.506920
0.507224
0.507325
0.504276
0.506309
0.504965
0.503293
0.505574
0.502268
0.501603
0.502259
0.501789
0.498708
0.499041
0.499719
0.499529
0.497820
0.497641
0.493676
0.496656
0.494299
0.494345
0.492956
0.492641
0.490527
0.492545
0.490353
0.490932
0.488559
0.487511
0.486570
0.486283
0.487316
0.486159
0.482847
0.483746
0.482836
0.481932
0.480914
0.481553
0.478741
0.478790
0.478485
0.475747
0.476239
0.473890
0.475317
0.474115
0.472086
0.470989
0.472145
0.470520
0.467756
0.467607
0.466819
0.466434
0.464457
0.464217
0.464814
0.462882
0.461299
0.460611
0.463376
0.458611
0.454562
0.456267
0.458261
0.455988
0.450279
0.453927
0.453403
0.449151
0.449959
0.452593
0.447822
0.446843
0.442116
0.445322
0.444824
0.443552
0.442481
0.440373
0.439034
0.440120
0.437043
0.435490
0.436701
0.436235
0.431818
0.432357
0.430661
0.430039
0.430698
0.428267
0.425497
0.422655
0.427112
0.425318
0.422478
0.419904
0.422210
0.418036
0.415703
0.416749
0.415560
0.415542
0.413692
0.412476
0.409636
0.408087
0.410293
0.408202
0.405930
0.406301
0.402349
0.402128
0.401746
0.400884
0.400842
0.397548
0.395273
0.397576
0.393487
0.392965
0.392385
0.391689
0.386694
0.389068
0.388757
0.386816
0.382569
0.384585
0.382087
0.379861
0.377273
0.379818
0.376727
0.376382
0.377554
0.373184
0.370844
0.371508
0.371347
0.366047
0.370183
0.366168
0.363846
0.364515
0.361751
0.361250
0.360583
0.359685
0.356142
0.354635
0.357587
0.354904
0.350879
0.350934
0.350385
0.349020
0.349116
0.346030
0.344232
0.344108
0.342191
0.341464
0.338805
0.340277
0.337831
0.334536
0.335190
0.336455
0.334495
0.330337
0.328481
0.329569
0.329035
0.326186
0.324353
0.323741
0.320358
0.321602
0.320385
0.317619
0.317931
0.315064
0.316059
0.314047
0.311097
0.307657
0.312024
0.308593
0.306754
0.306970
0.303868
0.301549
0.301969
0.302467
0.298746
0.297970
0.294878
0.293270
0.294619
0.294520
0.293206
0.291344
0.288466
0.286465
0.284515
0.287703
0.285007
0.281445
0.280742
0.277869
0.277559
0.279258
0.275285
0.274211
0.274295
0.271837
0.270026
0.269588
0.268604
0.266163
0.265013
0.264972
0.262465
0.260617
0.261731
0.257664
0.255184
0.258036
0.255119
0.254631
0.251580
0.251036
0.249376
0.248554
0.249267
0.245140
0.244911
0.242659
0.243665
0.242395
0.238175
0.236794
0.237392
0.235131
0.233633
0.233141
0.230665
0.231089
0.228304
0.229397
0.226767
0.223470
0.224777
0.221311
0.222309
0.218764
0.217362
0.218081
0.215601
0.215709
0.211122
0.210213
0.211434
0.210511
0.211812
0.206225
0.204590
0.202671
0.203893
0.202195
0.202792
0.200318
0.199433
0.197480
0.197445
0.193050
0.193782
0.193855
0.194133
0.191072
0.189253
0.189738
0.187292
0.184798
0.185056
0.182956
0.182128
0.181051
0.181109
0.179133
0.178795
0.178705
0.173790
0.172701
0.171928
0.170696
0.172229
0.170173
0.169098
0.168465
0.164651
0.161418
0.163184
0.164547
0.164696
0.162426
0.158322
0.154285
0.156749
0.157418
0.156474
0.154578
0.153433
0.152494
0.150788
0.147664
0.147327
0.149658
0.146152
0.143340
0.143981
0.144917
0.139655
0.137880
0.141241
0.142689
0.134693
0.134524
0.137948
0.132670
0.133668
0.133750
0.129477
0.131290
0.127689
0.128871
0.127762
0.126219
0.125339
0.125847
0.122526
0.120820
0.119913
0.121744
0.118848
0.116525
0.116348
0.119503
0.117367
0.113590
0.111233
0.109894
0.111788
0.111820
0.110857
0.109400
0.106370
0.104106
0.102563
0.106052
0.106381
0.105409
0.101441
0.098689
0.099260
0.098629
0.100355
0.096572
0.093156
0.095975
0.096452
0.095360
0.092697
0.089017
0.090990
0.089733
0.087475
0.089537
0.087701
0.085741
0.085398
0.086440
0.087312
0.081077
0.080349
0.083696
0.080811
0.080415
0.079359
0.078322
0.078206
0.076277
0.075057
0.074183
0.073673
0.074171
0.074229
0.072303
0.072343
0.068561
0.068385
0.068187
0.067405
0.068220
0.066899
0.066951
0.065053
0.064259
0.062709
0.064400
0.060504
0.058488
0.062360
0.062191
0.062824
0.055803
0.056485
0.055094
0.056988
0.053870
0.055237
0.058267
0.056378
0.053199
0.051447
0.051173
0.049509
0.049216
0.051460
0.048911
0.051383
0.048180
0.047584
0.048062
0.049052
0.043891
0.043879
0.046684
0.044664
0.044295
0.043964
0.043968
0.042098
0.041334
0.040377
0.041692
0.041125
0.038400
0.042626
0.048409
0.053158
0.056330
0.062276
0.060148


