M_loss: 4, M_sym: 5, M_power: 9000, M_bandwidth: 22.3872113856834
0.051287
0.039882
0.031418
0.027505
0.025190
0.022681
0.023184
0.022589
0.022125
0.020891
0.021550
0.021101
0.020057
0.021397
0.019855
0.022077
0.021368
0.021186
0.021372
0.022305
0.023942
0.022160
0.023991
0.023247
0.023130
0.023687
0.024074
0.024764
0.026479
0.024533
0.024231
0.026317
0.027548
0.025639
0.027532
0.026486
0.028298
0.027342
0.028030
0.029179
0.026695
0.030233
0.029094
0.029839
0.028106
0.031124
0.030278
0.030321
0.030375
0.031670
0.032608
0.032308
0.032815
0.031627
0.034388
0.034682
0.032272
0.035433
0.033903
0.034893
0.035052
0.037131
0.033897
0.035905
0.037721
0.036797
0.038691
0.036991
0.039319
0.038067
0.038661
0.040757
0.040150
0.039525
0.038760
0.041586
0.042058
0.041921
0.041374
0.042148
0.043573
0.043720
0.041413
0.045589
0.045380
0.046412
0.043279
0.045006
0.045208
0.046920
0.045851
0.047548
0.049991
0.048563
0.048463
0.047774
0.050415
0.051335
0.047823
0.050712
0.051621
0.050441
0.051346
0.051629
0.053541
0.053735
0.054296
0.053316
0.053769
0.054531
0.056824
0.056475
0.054750
0.055460
0.057737
0.058016
0.058653
0.059147
0.058596
0.059095
0.059809
0.059799
0.060580
0.061622
0.061300
0.062600
0.062601
0.062869
0.064275
0.063149
0.064852
0.065445
0.065192
0.066202
0.064694
0.066591
0.066888
0.066500
0.068487
0.068941
0.068854
0.070797
0.069687
0.070467
0.071462
0.072012
0.071017
0.071381
0.073382
0.075495
0.073569
0.073364
0.075286
0.076157
0.073735
0.077471
0.075004
0.078720
0.076707
0.079203
0.078227
0.077624
0.080801
0.080418
0.081174
0.080247
0.081742
0.082507
0.081334
0.083130
0.083615
0.085330
0.085515
0.086239
0.085288
0.085995
0.085718
0.088056
0.087311
0.088394
0.087830
0.088268
0.091929
0.088689
0.090278
0.090847
0.093095
0.090652
0.091894
0.095619
0.094166
0.094413
0.093556
0.096999
0.095411
0.096524
0.097544
0.098589
0.096143
0.098789
0.098746
0.099657
0.098489
0.102091
0.100448
0.103120
0.101156
0.102615
0.104453
0.101315
0.103530
0.105417
0.105377
0.104825
0.108571
0.105656
0.107508
0.109133
0.106293
0.109919
0.110261
0.108277
0.111468
0.110259
0.112749
0.111331
0.111717
0.112420
0.114353
0.114615
0.114942
0.113638
0.115003
0.115727
0.117680
0.116469
0.119250
0.119325
0.119296
0.118041
0.120108
0.120744
0.118324
0.122246
0.122769
0.121017
0.122620
0.122622
0.122830
0.126133
0.124992
0.125532
0.127135
0.126896
0.126162
0.127412
0.127509
0.128488
0.128399
0.131411
0.128216
0.130504
0.131133
0.130488
0.133855
0.132829
0.131085
0.136666
0.132169
0.134807
0.136554
0.134309
0.136497
0.136880
0.137176
0.137113
0.138232
0.137743
0.139898
0.139721
0.137832
0.141686
0.140357
0.141405
0.142669
0.141879
0.142390
0.142983
0.144933
0.143747
0.145921
0.144963
0.145686
0.146635
0.145580
0.147867
0.147055
0.147130
0.149450
0.147736
0.149786
0.147864
0.153565
0.149971
0.151342
0.152021
0.152657
0.153088
0.152966
0.152775
0.154246
0.153364
0.155885
0.154790
0.154907
0.157503
0.154957
0.158374
0.156124
0.158858
0.157776
0.158309
0.159205
0.160389
0.159491
0.161621
0.158713
0.164267
0.159902
0.161975
0.164173
0.163047
0.162153
0.162710
0.162373
0.166221
0.164766
0.164561
0.165462
0.166720
0.166312
0.167208
0.169829
0.165511
0.168824
0.168130
0.167133
0.170376
0.168371
0.170414
0.167909
0.170567
0.172458
0.172069
0.171614
0.173416
0.172326
0.171911
0.173463
0.171725
0.175599
0.173335
0.173157
0.174906
0.176420
0.174569
0.175475
0.176342
0.175100
0.175819
0.177513
0.176849
0.179434
0.177998
0.179560
0.178405
0.178307
0.177798
0.179320
0.181078
0.178226
0.180609
0.179664
0.178988
0.182165
0.180840
0.182187
0.180401
0.185039
0.179914
0.183164
0.182608
0.183955
0.182895
0.184534
0.182307
0.182257
0.185940
0.181782
0.183310
0.186784
0.184905
0.185299
0.187325
0.186009
0.184329
0.183426
0.187696
0.186137
0.187365
0.186692
0.189511
0.185004
0.189085
0.184160
0.185802
0.189361
0.188355
0.188622
0.188627
0.188588
0.186888
0.189431
0.185572
0.189231
0.190908
0.189507
0.189488
0.188118
0.190762
0.190504
0.189317
0.188848
0.188796
0.189787
0.188256
0.190424
0.190167
0.191501
0.189313
0.193493
0.187180
0.192219
0.191581
0.187275
0.188231
0.193364
0.189320
0.192013
0.191980
0.190004
0.191260
0.188454
0.191529
0.191766
0.188778
0.190856
0.192120
0.190471
0.191830
0.189034
0.190395
0.190192
0.190606
0.189378
0.192225
0.188920
0.193830
0.190708
0.187866
0.189144
0.190840
0.189441
0.189795
0.192610
0.190057
0.187812
0.190563
0.188487
0.187915
0.189309
0.188920
0.191163
0.190477
0.186634
0.189232
0.187364
0.189391
0.187845
0.185798
0.188331
0.189222
0.187330
0.187309
0.186398
0.185739
0.187297
0.186671
0.185746
0.186692
0.186836
0.187747
0.185175
0.188216
0.184800
0.185213
0.186957
0.184860
0.185982
0.182720
0.182490
0.186224
0.183069
0.182331
0.183752
0.181830
0.183505
0.180388
0.180925
0.181113
0.180981
0.179569
0.177695
0.180418
0.177605
0.180246
0.178022
0.178517
0.175835
0.176154
0.177448
0.177835
0.175630
0.175764
0.176921
0.172423
0.175287
0.175322
0.172854
0.174607
0.172938
0.174627
0.169712
0.172112
0.172112
0.173031
0.172009
0.171781
0.167804
0.168893
0.169210
0.167337
0.166387
0.169174
0.167353
0.167415
0.167206
0.167579
0.167825
0.162795
0.166077
0.165535
0.160199
0.163937
0.163034
0.161761
0.160882
0.159786
0.159921
0.159966
0.162229
0.158929
0.155943
0.155117
0.160829
0.155719
0.158334
0.152786
0.155614
0.152413
0.154461
0.153862
0.153411
0.151788
0.147973
0.154441
0.149789
0.146804
0.148756
0.148664
0.147723
0.145920
0.144957
0.145176
0.143300
0.146595
0.141722
0.140838
0.142155
0.142161
0.140247
0.140434
0.136993
0.138458
0.137027
0.136461
0.137562
0.135004
0.132276
0.134495
0.132143
0.135725
0.128419
0.130218
0.130229
0.128663
0.125651
0.127403
0.126418
0.126669
0.125758
0.123882
0.126131
0.121167
0.120357
0.123911
0.116290
0.121167
0.117570
0.115910
0.113722
0.115933
0.115523
0.111828
0.122754
0.109122
0.108929
0.109663
0.110001
0.106967
0.108820
0.106466
0.103246
0.108329
0.104491
0.101047
0.105793
0.100306
0.102514
0.097236
0.097464
0.098511
0.094290
0.096164
0.092539
0.093196
0.093067
0.090240
0.095513
0.090135
0.086062
0.087460
0.086678
0.086361
0.087502
0.080273
0.082859
0.083763
0.079170
0.078996
0.077797
0.080401
0.076019
0.075901
0.074679
0.072004
0.072754
0.068820
0.070957
0.070877
0.065724
0.068690
0.063662
0.065226
0.063266
0.065478
0.063043
0.061830
0.059686
0.056128
0.057551
0.055772
0.054744
0.054417
0.049771
0.052032
0.050969
0.052049
0.049085
0.044304
0.048203
0.045671
0.041548
0.041532
0.043934
0.039066
0.037515
0.040688
0.037942
0.035228
0.034516
0.033084
0.031505
0.030402
0.031602
0.028205
0.025822
0.027003
0.027055
0.022746
0.023515
0.020710
0.020746
0.021923
0.016223
0.016949
0.015797
0.011942
0.012871
0.011750
0.013433
0.007396
0.009385
0.005040
0.006250
0.006391
0.003741
0.003236
-0.000869
0.000161
-0.001981
-0.005330
-0.001675
-0.006340
-0.005037
-0.006306
-0.005508
-0.014493
-0.013454
-0.012239
-0.015096
-0.016236
-0.015686
-0.016836
-0.019234
-0.018649
-0.023819
-0.023956
-0.024879
-0.024083
-0.026577
-0.026415
-0.030003
-0.030596
-0.030763
-0.036343
-0.033646
-0.034370
-0.036301
-0.039398
-0.039808
-0.039266
-0.044974
-0.042182
-0.045654
-0.047213
-0.047769
-0.048291
-0.050132
-0.052082
-0.051389
-0.053918
-0.055561
-0.054485
-0.059132
-0.060307
-0.059215
-0.062804
-0.063605
-0.067000
-0.063348
-0.066218
-0.069746
-0.067559
-0.071370
-0.074153
-0.071162
-0.075913
-0.079549
-0.076524
-0.080835
-0.078838
-0.081948
-0.081821
-0.082855
-0.086939
-0.086093
-0.088935
-0.087568
-0.092146
-0.092170
-0.091891
-0.096535
-0.096168
-0.098719
-0.098766
-0.099571
-0.099742
-0.102685
-0.102759
-0.107624
-0.104724
-0.109614
-0.109863
-0.106669
-0.111949
-0.113508
-0.116501
-0.113894
-0.118288
-0.118499
-0.119190
-0.119301
-0.122581
-0.124477
-0.125532
-0.125907
-0.128824
-0.129181
-0.127627
-0.131100
-0.131895
-0.134485
-0.134198
-0.139438
-0.134958
-0.138723
-0.136984
-0.143658
-0.141430
-0.146214
-0.145826
-0.148549
-0.145554
-0.148498
-0.152753
-0.151371
-0.152935
-0.153168
-0.155590
-0.157357
-0.160750
-0.156765
-0.157290
-0.162168
-0.162370
-0.165440
-0.163414
-0.168675
-0.165457
-0.169844
-0.171111
-0.171231
-0.173941
-0.174979
-0.176178
-0.177332
-0.175221
-0.179325
-0.178846
-0.181372
-0.179242
-0.184603
-0.186674
-0.184343
-0.189891
-0.190047
-0.188693
-0.190551
-0.189777
-0.191856
-0.193283
-0.197219
-0.194062
-0.199713
-0.203139
-0.193827
-0.203203
-0.201899
-0.203192
-0.207729
-0.205293
-0.205231
-0.206214
-0.208248
-0.208762
-0.213925
-0.211407
-0.214031
-0.215182
-0.214612
-0.219285
-0.217227
-0.216452
-0.218550
-0.222522
-0.223191
-0.223628
-0.223016
-0.227646
-0.223270
-0.227623
-0.226392
-0.229414
-0.230529
-0.231756
-0.232094
-0.232926
-0.236755
-0.235060
-0.235788
-0.238136
-0.242024
-0.238114
-0.241525
-0.236071
-0.242055
-0.243298
-0.243900
-0.244078
-0.247782
-0.245534
-0.249358
-0.248471
-0.252535
-0.247614
-0.250671
-0.255781
-0.251150
-0.252594
-0.256023
-0.257007
-0.258592
-0.255040
-0.259012
-0.259466
-0.258831
-0.261099
-0.263190
-0.261228
-0.263587
-0.266743
-0.262700
-0.267518
-0.265213
-0.268511
-0.269014
-0.268549
-0.270121
-0.269259
-0.272989
-0.271997
-0.270241
-0.273851
-0.274045
-0.275104
-0.276524
-0.277082
-0.276713
-0.279101
-0.279374
-0.276115
-0.278338
-0.282917
-0.280543
-0.283875
-0.280640
-0.284260
-0.283779
-0.285884
-0.283098
-0.284228
-0.286754
-0.287491
-0.287944
-0.287405
-0.288784
-0.289272
-0.288138
-0.289341
-0.293186
-0.289046
-0.291606
-0.292462
-0.293602
-0.293034
-0.291198
-0.294512
-0.293854
-0.298243
-0.297208
-0.294900
-0.295944
-0.296615
-0.297875
-0.299063
-0.297307
-0.297396
-0.296922
-0.298602
-0.297404
-0.302872
-0.301550
-0.302150
-0.300672
-0.301766
-0.300664
-0.301598
-0.305796
-0.302299
-0.303526
-0.302371
-0.299216
-0.304632
-0.304837
-0.304079
-0.306144
-0.305654
-0.302966
-0.308908
-0.301914
-0.304467
-0.308701
-0.305697
-0.305914
-0.308271
-0.305550
-0.304054
-0.308469
-0.304677
-0.307815
-0.307422
-0.306185
-0.307800
-0.307118
-0.306964
-0.308072
-0.307842
-0.309456
-0.309846
-0.305785
-0.307566
-0.306017
-0.309015
-0.307666
-0.306810
-0.306702
-0.306137
-0.307744
-0.310448
-0.303719
-0.309581
-0.306120
-0.305909
-0.308114
-0.306286
-0.307344
-0.308023
-0.303464
-0.304554
-0.305841
-0.310023
-0.303309
-0.305572
-0.302314
-0.304423
-0.306879
-0.305778
-0.303139
-0.303187
-0.304025
-0.301668
-0.303614
-0.302207
-0.303171
-0.302711
-0.303321
-0.303964
-0.297585
-0.299342
-0.299720
-0.300745
-0.300713
-0.299994
-0.298259
-0.295299
-0.298573
-0.298056
-0.294626
-0.299877
-0.295560
-0.297407
-0.293179
-0.296172
-0.295639
-0.293151
-0.294791
-0.290927
-0.289631
-0.293442
-0.288651
-0.289134
-0.293040
-0.287428
-0.287595
-0.287855
-0.289692
-0.287265
-0.285186
-0.286436
-0.284602
-0.284225
-0.283442
-0.282071
-0.284051
-0.277730
-0.282377
-0.279898
-0.277739
-0.280235
-0.276980
-0.273942
-0.277241
-0.278154
-0.269681
-0.277628
-0.271233
-0.271890
-0.270758
-0.270445
-0.269192
-0.263878
-0.270051
-0.266050
-0.267978
-0.263073
-0.265380
-0.261646
-0.263063
-0.263685
-0.257194
-0.260221
-0.254994
-0.259060
-0.253525
-0.251135
-0.258346
-0.254947
-0.249167
-0.250948
-0.250312
-0.247475
-0.246488
-0.247239
-0.245914
-0.242843
-0.245234
-0.241964
-0.240295
-0.237636
-0.236643
-0.237661
-0.234658
-0.234634
-0.234632
-0.229518
-0.232158
-0.229627
-0.229634
-0.225982
-0.229059
-0.222464
-0.222589
-0.220818
-0.221008
-0.219608
-0.217932
-0.213393
-0.218320
-0.211684
-0.212502
-0.213350
-0.208353
-0.208420
-0.206601
-0.203099
-0.203897
-0.205844
-0.199856
-0.199967
-0.199463
-0.191615
-0.197456
-0.191229
-0.192616
-0.191558
-0.189145
-0.191042
-0.183634
-0.184977
-0.183337
-0.177533
-0.176089
-0.184448
-0.175519
-0.173233
-0.176230
-0.167997
-0.168587
-0.167808
-0.169632
-0.166467
-0.161282
-0.160014
-0.159188
-0.157268
-0.160313
-0.151449
-0.153345
-0.153383
-0.145449
-0.149629
-0.147154
-0.143856
-0.141129
-0.138965
-0.137702
-0.136863
-0.135479
-0.133760
-0.130262
-0.128743
-0.126698
-0.125176
-0.126551
-0.124933
-0.120560
-0.115596
-0.112697
-0.112902
-0.114016
-0.107572
-0.107437
-0.108027
-0.107635
-0.103813
-0.099250
-0.102896
-0.095390
-0.089631
-0.091190
-0.092257
-0.089331
-0.086720
-0.081586
-0.086981
-0.080496
-0.078929
-0.073698
-0.072669
-0.073135
-0.070004
-0.068429
-0.066043
-0.062310
-0.062245
-0.060348
-0.054359
-0.055909
-0.052482
-0.052159
-0.046209
-0.049997
-0.044166
-0.043411
-0.034378
-0.039208
-0.036253
-0.034365
-0.031973
-0.025150
-0.025544
-0.026488
-0.021248
-0.019142
-0.018832
-0.013205
-0.014047
-0.010806
-0.010911
-0.005540
-0.004470
0.000521
0.001805
0.004263
0.006347
0.011029
0.007115
0.012661
0.013260
0.017736
0.016969
0.023300
0.025967
0.025465
0.030786
0.030559
0.034830
0.036763
0.043375
0.037043
0.042780
0.047055
0.046578
0.054662
0.052463
0.054409
0.061044
0.059466
0.062562
0.065472
0.067810
0.071379
0.074884
0.071640
0.081822
0.081248
0.083517
0.086817
0.087324
0.091299
0.092396
0.094601
0.097250
0.100313
0.100579
0.108896
0.110310
0.111301
0.113476
0.118670
0.118176
0.122472
0.121733
0.126429
0.129556
0.131824
0.132392
0.135431
0.139512
0.143214
0.147105
0.147786
0.147407
0.152303
0.159291
0.156473
0.160227
0.158653
0.168011
0.170335
0.169913
0.173024
0.177178
0.178244
0.179974
0.187606
0.185454
0.189059
0.192054
0.194387
0.199222
0.196146
0.204610
0.206244
0.209168
0.211553
0.212854
0.216061
0.218755
0.219521
0.223279
0.225831
0.231572
0.232054
0.234667
0.239320
0.239607
0.241128
0.247040
0.247070
0.249052
0.257633
0.253128
0.261566
0.262363
0.265697
0.266304
0.270265
0.271488
0.273229
0.277039
0.278224
0.284178
0.288129
0.291715
0.290498
0.293057
0.295924
0.300634
0.299337
0.307369
0.306779
0.309913
0.315069
0.314196
0.318487
0.320222
0.324183
0.325801
0.328139
0.334103
0.336106
0.334779
0.339196
0.344465
0.344331
0.349529
0.351034
0.349882
0.357845
0.357245
0.356532
0.366526
0.372138
0.370651
0.370969
0.375904
0.375223
0.378815
0.381016
0.387789
0.390972
0.387310
0.389597
0.399284
0.398736
0.400405
0.408127
0.408309
0.408129
0.408361
0.415534
0.417718
0.417000
0.424097
0.426798
0.426016
0.431111
0.434828
0.436065
0.434447
0.439761
0.445564
0.447699
0.448781
0.454055
0.449517
0.457209
0.455866
0.463304
0.464221
0.463384
0.474651
0.470933
0.477147
0.473722
0.482927
0.480592
0.481074
0.486437
0.492491
0.494190
0.496808
0.490653
0.502445
0.500360
0.507073
0.507707
0.508053
0.515840
0.512395
0.517893
0.521724
0.516819
0.525127
0.529984
0.532017
0.530650
0.535611
0.535829
0.535692
0.543930
0.544618
0.546905
0.549375
0.549038
0.554913
0.559302
0.559033
0.557792
0.565294
0.564130
0.567330
0.572436
0.571769
0.573415
0.577910
0.584309
0.580041
0.589551
0.582660
0.587624
0.591501
0.591856
0.597597
0.597536
0.601281
0.603349
0.605486
0.602451
0.614611
0.611827
0.611374
0.619622
0.619867
0.619349
0.619459
0.628422
0.625021
0.628890
0.631484
0.634599
0.637413
0.638411
0.636079
0.643121
0.646970
0.645850
0.648424
0.651351
0.653915
0.652908
0.657050
0.659554
0.660590
0.658740
0.669623
0.668768
0.665983
0.673813
0.671447
0.677333
0.677005
0.676369
0.681332
0.681423
0.683022
0.690358
0.691456
0.691189
0.689431
0.694514
0.696791
0.699500
0.703086
0.697342
0.702896
0.707992
0.706423
0.708402
0.708145
0.718254
0.716970
0.719332
0.712819
0.718186
0.724602
0.723679
0.726168
0.723755
0.730178
0.728930
0.735630
0.736969
0.735029
0.736122
0.739213
0.739992
0.743927
0.740784
0.743872
0.745236
0.752617
0.748959
0.749741
0.757503
0.754489
0.756144
0.754441
0.762174
0.758669
0.763764
0.765099
0.765969
0.762737
0.770556
0.771579
0.771099
0.767899
0.773499
0.780785
0.774010
0.775543
0.780052
0.781470
0.786260
0.781662
0.783501
0.784768
0.786051
0.787878
0.789397
0.792573
0.793608
0.795196
0.794904
0.798717
0.790599
0.799301
0.799355
0.801879
0.800867
0.804762
0.796609
0.806212
0.813766
0.805163
0.802217
0.811041
0.809419
0.815942
0.810825
0.816902
0.814451
0.810447
0.818015
0.818345
0.812835
0.821953
0.823478
0.816100
0.822540
0.825229
0.825773
0.825392
0.819520
0.829344
0.827573
0.830507
0.821397
0.830658
0.834160
0.834806
0.825419
0.833384
0.834347
0.839185
0.825710
0.836156
0.839929
0.837051
0.834403
0.841370
0.835395
0.837982
0.836850
0.843234
0.841255
0.843875
0.841739
0.841236
0.842530
0.845242
0.846956
0.844627
0.839406
0.842086
0.847610
0.849650
0.846117
0.846539
0.848461
0.847185
0.846537
0.849827
0.844685
0.851649
0.852553
0.848011
0.850383
0.849932
0.853288
0.847792
0.851775
0.849315
0.854602
0.848813
0.852088
0.849735
0.853059
0.852408
0.851102
0.853212
0.850148
0.853721
0.853880
0.858399
0.850686
0.849027
0.851903
0.849027
0.850686
0.858399
0.853880
0.853721
0.850148
0.853212
0.851102
0.852408
0.853059
0.849735
0.852088
0.848813
0.854602
0.849315
0.851775
0.847792
0.853288
0.849932
0.850383
0.848011
0.852553
0.851649
0.844685
0.849827
0.846537
0.847185
0.848461
0.846539
0.846117
0.849650
0.847610
0.842086
0.839406
0.844627
0.846956
0.845242
0.842530
0.841236
0.841739
0.843875
0.841255
0.843234
0.836850
0.837982
0.835395
0.841370
0.834403
0.837051
0.839929
0.836156
0.825710
0.839185
0.834347
0.833384
0.825419
0.834806
0.834160
0.830658
0.821397
0.830507
0.827573
0.829344
0.819520
0.825392
0.825773
0.825229
0.822540
0.816100
0.823478
0.821953
0.812835
0.818345
0.818015
0.810447
0.814451
0.816902
0.810825
0.815942
0.809419
0.811041
0.802217
0.805163
0.813766
0.806212
0.796609
0.804762
0.800867
0.801879
0.799355
0.799301
0.790599
0.798717
0.794904
0.795196
0.793608
0.792573
0.789397
0.787878
0.786051
0.784768
0.783501
0.781662
0.786260
0.781470
0.780052
0.775543
0.774010
0.780785
0.773499
0.767899
0.771099
0.771579
0.770556
0.762737
0.765969
0.765099
0.763764
0.758669
0.762174
0.754441
0.756144
0.754489
0.757503
0.749741
0.748959
0.752617
0.745236
0.743872
0.740784
0.743927
0.739992
0.739213
0.736122
0.735029
0.736969
0.735630
0.728930
0.730178
0.723755
0.726168
0.723679
0.724602
0.718186
0.712819
0.719332
0.716970
0.718254
0.708145
0.708402
0.706423
0.707992
0.702896
0.697342
0.703086
0.699500
0.696791
0.694514
0.689431
0.691189
0.691456
0.690358
0.683022
0.681423
0.681332
0.676369
0.677005
0.677333
0.671447
0.673813
0.665983
0.668768
0.669623
0.658740
0.660590
0.659554
0.657050
0.652908
0.653915
0.651351
0.648424
0.645850
0.646970
0.643121
0.636079
0.638411
0.637413
0.634599
0.631484
0.628890
0.625021
0.628422
0.619459
0.619349
0.619867
0.619622
0.611374
0.611827
0.614611
0.602451
0.605486
0.603349
0.601281
0.597536
0.597597
0.591856
0.591501
0.587624
0.582660
0.589551
0.580041
0.584309
0.577910
0.573415
0.571769
0.572436
0.567330
0.564130
0.565294
0.557792
0.559033
0.559302
0.554913
0.549038
0.549375
0.546905
0.544618
0.543930
0.535692
0.535829
0.535611
0.530650
0.532017
0.529984
0.525127
0.516819
0.521724
0.517893
0.512395
0.515840
0.508053
0.507707
0.507073
0.500360
0.502445
0.490653
0.496808
0.494190
0.492491
0.486437
0.481074
0.480592
0.482927
0.473722
0.477147
0.470933
0.474651
0.463384
0.464221
0.463304
0.455866
0.457209
0.449517
0.454055
0.448781
0.447699
0.445564
0.439761
0.434447
0.436065
0.434828
0.431111
0.426016
0.426798
0.424097
0.417000
0.417718
0.415534
0.408361
0.408129
0.408309
0.408127
0.400405
0.398736
0.399284
0.389597
0.387310
0.390972
0.387789
0.381016
0.378815
0.375223
0.375904
0.370969
0.370651
0.372138
0.366526
0.356532
0.357245
0.357845
0.349882
0.351034
0.349529
0.344331
0.344465
0.339196
0.334779
0.336106
0.334103
0.328139
0.325801
0.324183
0.320222
0.318487
0.314196
0.315069
0.309913
0.306779
0.307369
0.299337
0.300634
0.295924
0.293057
0.290498
0.291715
0.288129
0.284178
0.278224
0.277039
0.273229
0.271488
0.270265
0.266304
0.265697
0.262363
0.261566
0.253128
0.257633
0.249052
0.247070
0.247040
0.241128
0.239607
0.239320
0.234667
0.232054
0.231572
0.225831
0.223279
0.219521
0.218755
0.216061
0.212854
0.211553
0.209168
0.206244
0.204610
0.196146
0.199222
0.194387
0.192054
0.189059
0.185454
0.187606
0.179974
0.178244
0.177178
0.173024
0.169913
0.170335
0.168011
0.158653
0.160227
0.156473
0.159291
0.152303
0.147407
0.147786
0.147105
0.143214
0.139512
0.135431
0.132392
0.131824
0.129556
0.126429
0.121733
0.122472
0.118176
0.118670
0.113476
0.111301
0.110310
0.108896
0.100579
0.100313
0.097250
0.094601
0.092396
0.091299
0.087324
0.086817
0.083517
0.081248
0.081822
0.071640
0.074884
0.071379
0.067810
0.065472
0.062562
0.059466
0.061044
0.054409
0.052463
0.054662
0.046578
0.047055
0.042780
0.037043
0.043375
0.036763
0.034830
0.030559
0.030786
0.025465
0.025967
0.023300
0.016969
0.017736
0.013260
0.012661
0.007115
0.011029
0.006347
0.004263
0.001805
0.000521
-0.004470
-0.005540
-0.010911
-0.010806
-0.014047
-0.013205
-0.018832
-0.019142
-0.021248
-0.026488
-0.025544
-0.025150
-0.031973
-0.034365
-0.036253
-0.039208
-0.034378
-0.043411
-0.044166
-0.049997
-0.046209
-0.052159
-0.052482
-0.055909
-0.054359
-0.060348
-0.062245
-0.062310
-0.066043
-0.068429
-0.070004
-0.073135
-0.072669
-0.073698
-0.078929
-0.080496
-0.086981
-0.081586
-0.086720
-0.089331
-0.092257
-0.091190
-0.089631
-0.095390
-0.102896
-0.099250
-0.103813
-0.107635
-0.108027
-0.107437
-0.107572
-0.114016
-0.112902
-0.112697
-0.115596
-0.120560
-0.124933
-0.126551
-0.125176
-0.126698
-0.128743
-0.130262
-0.133760
-0.135479
-0.136863
-0.137702
-0.138965
-0.141129
-0.143856
-0.147154
-0.149629
-0.145449
-0.153383
-0.153345
-0.151449
-0.160313
-0.157268
-0.159188
-0.160014
-0.161282
-0.166467
-0.169632
-0.167808
-0.168587
-0.167997
-0.176230
-0.173233
-0.175519
-0.184448
-0.176089
-0.177533
-0.183337
-0.184977
-0.183634
-0.191042
-0.189145
-0.191558
-0.192616
-0.191229
-0.197456
-0.191615
-0.199463
-0.199967
-0.199856
-0.205844
-0.203897
-0.203099
-0.206601
-0.208420
-0.208353
-0.213350
-0.212502
-0.211684
-0.218320
-0.213393
-0.217932
-0.219608
-0.221008
-0.220818
-0.222589
-0.222464
-0.229059
-0.225982
-0.229634
-0.229627
-0.232158
-0.229518
-0.234632
-0.234634
-0.234658
-0.237661
-0.236643
-0.237636
-0.240295
-0.241964
-0.245234
-0.242843
-0.245914
-0.247239
-0.246488
-0.247475
-0.250312
-0.250948
-0.249167
-0.254947
-0.258346
-0.251135
-0.253525
-0.259060
-0.254994
-0.260221
-0.257194
-0.263685
-0.263063
-0.261646
-0.265380
-0.263073
-0.267978
-0.266050
-0.270051
-0.263878
-0.269192
-0.270445
-0.270758
-0.271890
-0.271233
-0.277628
-0.269681
-0.278154
-0.277241
-0.273942
-0.276980
-0.280235
-0.277739
-0.279898
-0.282377
-0.277730
-0.284051
-0.282071
-0.283442
-0.284225
-0.284602
-0.286436
-0.285186
-0.287265
-0.289692
-0.287855
-0.287595
-0.287428
-0.293040
-0.289134
-0.288651
-0.293442
-0.289631
-0.290927
-0.294791
-0.293151
-0.295639
-0.296172
-0.293179
-0.297407
-0.295560
-0.299877
-0.294626
-0.298056
-0.298573
-0.295299
-0.298259
-0.299994
-0.300713
-0.300745
-0.299720
-0.299342
-0.297585
-0.303964
-0.303321
-0.302711
-0.303171
-0.302207
-0.303614
-0.301668
-0.304025
-0.303187
-0.303139
-0.305778
-0.306879
-0.304423
-0.302314
-0.305572
-0.303309
-0.310023
-0.305841
-0.304554
-0.303464
-0.308023
-0.307344
-0.306286
-0.308114
-0.305909
-0.306120
-0.309581
-0.303719
-0.310448
-0.307744
-0.306137
-0.306702
-0.306810
-0.307666
-0.309015
-0.306017
-0.307566
-0.305785
-0.309846
-0.309456
-0.307842
-0.308072
-0.306964
-0.307118
-0.307800
-0.306185
-0.307422
-0.307815
-0.304677
-0.308469
-0.304054
-0.305550
-0.308271
-0.305914
-0.305697
-0.308701
-0.304467
-0.301914
-0.308908
-0.302966
-0.305654
-0.306144
-0.304079
-0.304837
-0.304632
-0.299216
-0.302371
-0.303526
-0.302299
-0.305796
-0.301598
-0.300664
-0.301766
-0.300672
-0.302150
-0.301550
-0.302872
-0.297404
-0.298602
-0.296922
-0.297396
-0.297307
-0.299063
-0.297875
-0.296615
-0.295944
-0.294900
-0.297208
-0.298243
-0.293854
-0.294512
-0.291198
-0.293034
-0.293602
-0.292462
-0.291606
-0.289046
-0.293186
-0.289341
-0.288138
-0.289272
-0.288784
-0.287405
-0.287944
-0.287491
-0.286754
-0.284228
-0.283098
-0.285884
-0.283779
-0.284260
-0.280640
-0.283875
-0.280543
-0.282917
-0.278338
-0.276115
-0.279374
-0.279101
-0.276713
-0.277082
-0.276524
-0.275104
-0.274045
-0.273851
-0.270241
-0.271997
-0.272989
-0.269259
-0.270121
-0.268549
-0.269014
-0.268511
-0.265213
-0.267518
-0.262700
-0.266743
-0.263587
-0.261228
-0.263190
-0.261099
-0.258831
-0.259466
-0.259012
-0.255040
-0.258592
-0.257007
-0.256023
-0.252594
-0.251150
-0.255781
-0.250671
-0.247614
-0.252535
-0.248471
-0.249358
-0.245534
-0.247782
-0.244078
-0.243900
-0.243298
-0.242055
-0.236071
-0.241525
-0.238114
-0.242024
-0.238136
-0.235788
-0.235060
-0.236755
-0.232926
-0.232094
-0.231756
-0.230529
-0.229414
-0.226392
-0.227623
-0.223270
-0.227646
-0.223016
-0.223628
-0.223191
-0.222522
-0.218550
-0.216452
-0.217227
-0.219285
-0.214612
-0.215182
-0.214031
-0.211407
-0.213925
-0.208762
-0.208248
-0.206214
-0.205231
-0.205293
-0.207729
-0.203192
-0.201899
-0.203203
-0.193827
-0.203139
-0.199713
-0.194062
-0.197219
-0.193283
-0.191856
-0.189777
-0.190551
-0.188693
-0.190047
-0.189891
-0.184343
-0.186674
-0.184603
-0.179242
-0.181372
-0.178846
-0.179325
-0.175221
-0.177332
-0.176178
-0.174979
-0.173941
-0.171231
-0.171111
-0.169844
-0.165457
-0.168675
-0.163414
-0.165440
-0.162370
-0.162168
-0.157290
-0.156765
-0.160750
-0.157357
-0.155590
-0.153168
-0.152935
-0.151371
-0.152753
-0.148498
-0.145554
-0.148549
-0.145826
-0.146214
-0.141430
-0.143658
-0.136984
-0.138723
-0.134958
-0.139438
-0.134198
-0.134485
-0.131895
-0.131100
-0.127627
-0.129181
-0.128824
-0.125907
-0.125532
-0.124477
-0.122581
-0.119301
-0.119190
-0.118499
-0.118288
-0.113894
-0.116501
-0.113508
-0.111949
-0.106669
-0.109863
-0.109614
-0.104724
-0.107624
-0.102759
-0.102685
-0.099742
-0.099571
-0.098766
-0.098719
-0.096168
-0.096535
-0.091891
-0.092170
-0.092146
-0.087568
-0.088935
-0.086093
-0.086939
-0.082855
-0.081821
-0.081948
-0.078838
-0.080835
-0.076524
-0.079549
-0.075913
-0.071162
-0.074153
-0.071370
-0.067559
-0.069746
-0.066218
-0.063348
-0.067000
-0.063605
-0.062804
-0.059215
-0.060307
-0.059132
-0.054485
-0.055561
-0.053918
-0.051389
-0.052082
-0.050132
-0.048291
-0.047769
-0.047213
-0.045654
-0.042182
-0.044974
-0.039266
-0.039808
-0.039398
-0.036301
-0.034370
-0.033646
-0.036343
-0.030763
-0.030596
-0.030003
-0.026415
-0.026577
-0.024083
-0.024879
-0.023956
-0.023819
-0.018649
-0.019234
-0.016836
-0.015686
-0.016236
-0.015096
-0.012239
-0.013454
-0.014493
-0.005508
-0.006306
-0.005037
-0.006340
-0.001675
-0.005330
-0.001981
0.000161
-0.000869
0.003236
0.003741
0.006391
0.006250
0.005040
0.009385
0.007396
0.013433
0.011750
0.012871
0.011942
0.015797
0.016949
0.016223
0.021923
0.020746
0.020710
0.023515
0.022746
0.027055
0.027003
0.025822
0.028205
0.031602
0.030402
0.031505
0.033084
0.034516
0.035228
0.037942
0.040688
0.037515
0.039066
0.043934
0.041532
0.041548
0.045671
0.048203
0.044304
0.049085
0.052049
0.050969
0.052032
0.049771
0.054417
0.054744
0.055772
0.057551
0.056128
0.059686
0.061830
0.063043
0.065478
0.063266
0.065226
0.063662
0.068690
0.065724
0.070877
0.070957
0.068820
0.072754
0.072004
0.074679
0.075901
0.076019
0.080401
0.077797
0.078996
0.079170
0.083763
0.082859
0.080273
0.087502
0.086361
0.086678
0.087460
0.086062
0.090135
0.095513
0.090240
0.093067
0.093196
0.092539
0.096164
0.094290
0.098511
0.097464
0.097236
0.102514
0.100306
0.105793
0.101047
0.104491
0.108329
0.103246
0.106466
0.108820
0.106967
0.110001
0.109663
0.108929
0.109122
0.122754
0.111828
0.115523
0.115933
0.113722
0.115910
0.117570
0.121167
0.116290
0.123911
0.120357
0.121167
0.126131
0.123882
0.125758
0.126669
0.126418
0.127403
0.125651
0.128663
0.130229
0.130218
0.128419
0.135725
0.132143
0.134495
0.132276
0.135004
0.137562
0.136461
0.137027
0.138458
0.136993
0.140434
0.140247
0.142161
0.142155
0.140838
0.141722
0.146595
0.143300
0.145176
0.144957
0.145920
0.147723
0.148664
0.148756
0.146804
0.149789
0.154441
0.147973
0.151788
0.153411
0.153862
0.154461
0.152413
0.155614
0.152786
0.158334
0.155719
0.160829
0.155117
0.155943
0.158929
0.162229
0.159966
0.159921
0.159786
0.160882
0.161761
0.163034
0.163937
0.160199
0.165535
0.166077
0.162795
0.167825
0.167579
0.167206
0.167415
0.167353
0.169174
0.166387
0.167337
0.169210
0.168893
0.167804
0.171781
0.172009
0.173031
0.172112
0.172112
0.169712
0.174627
0.172938
0.174607
0.172854
0.175322
0.175287
0.172423
0.176921
0.175764
0.175630
0.177835
0.177448
0.176154
0.175835
0.178517
0.178022
0.180246
0.177605
0.180418
0.177695
0.179569
0.180981
0.181113
0.180925
0.180388
0.183505
0.181830
0.183752
0.182331
0.183069
0.186224
0.182490
0.182720
0.185982
0.184860
0.186957
0.185213
0.184800
0.188216
0.185175
0.187747
0.186836
0.186692
0.185746
0.186671
0.187297
0.185739
0.186398
0.187309
0.187330
0.189222
0.188331
0.185798
0.187845
0.189391
0.187364
0.189232
0.186634
0.190477
0.191163
0.188920
0.189309
0.187915
0.188487
0.190563
0.187812
0.190057
0.192610
0.189795
0.189441
0.190840
0.189144
0.187866
0.190708
0.193830
0.188920
0.192225
0.189378
0.190606
0.190192
0.190395
0.189034
0.191830
0.190471
0.192120
0.190856
0.188778
0.191766
0.191529
0.188454
0.191260
0.190004
0.191980
0.192013
0.189320
0.193364
0.188231
0.187275
0.191581
0.192219
0.187180
0.193493
0.189313
0.191501
0.190167
0.190424
0.188256
0.189787
0.188796
0.188848
0.189317
0.190504
0.190762
0.188118
0.189488
0.189507
0.190908
0.189231
0.185572
0.189431
0.186888
0.188588
0.188627
0.188622
0.188355
0.189361
0.185802
0.184160
0.189085
0.185004
0.189511
0.186692
0.187365
0.186137
0.187696
0.183426
0.184329
0.186009
0.187325
0.185299
0.184905
0.186784
0.183310
0.181782
0.185940
0.182257
0.182307
0.184534
0.182895
0.183955
0.182608
0.183164
0.179914
0.185039
0.180401
0.182187
0.180840
0.182165
0.178988
0.179664
0.180609
0.178226
0.181078
0.179320
0.177798
0.178307
0.178405
0.179560
0.177998
0.179434
0.176849
0.177513
0.175819
0.175100
0.176342
0.175475
0.174569
0.176420
0.174906
0.173157
0.173335
0.175599
0.171725
0.173463
0.171911
0.172326
0.173416
0.171614
0.172069
0.172458
0.170567
0.167909
0.170414
0.168371
0.170376
0.167133
0.168130
0.168824
0.165511
0.169829
0.167208
0.166312
0.166720
0.165462
0.164561
0.164766
0.166221
0.162373
0.162710
0.162153
0.163047
0.164173
0.161975
0.159902
0.164267
0.158713
0.161621
0.159491
0.160389
0.159205
0.158309
0.157776
0.158858
0.156124
0.158374
0.154957
0.157503
0.154907
0.154790
0.155885
0.153364
0.154246
0.152775
0.152966
0.153088
0.152657
0.152021
0.151342
0.149971
0.153565
0.147864
0.149786
0.147736
0.149450
0.147130
0.147055
0.147867
0.145580
0.146635
0.145686
0.144963
0.145921
0.143747
0.144933
0.142983
0.142390
0.141879
0.142669
0.141405
0.140357
0.141686
0.137832
0.139721
0.139898
0.137743
0.138232
0.137113
0.137176
0.136880
0.136497
0.134309
0.136554
0.134807
0.132169
0.136666
0.131085
0.132829
0.133855
0.130488
0.131133
0.130504
0.128216
0.131411
0.128399
0.128488
0.127509
0.127412
0.126162
0.126896
0.127135
0.125532
0.124992
0.126133
0.122830
0.122622
0.122620
0.121017
0.122769
0.122246
0.118324
0.120744
0.120108
0.118041
0.119296
0.119325
0.119250
0.116469
0.117680
0.115727
0.115003
0.113638
0.114942
0.114615
0.114353
0.112420
0.111717
0.111331
0.112749
0.110259
0.111468
0.108277
0.110261
0.109919
0.106293
0.109133
0.107508
0.105656
0.108571
0.104825
0.105377
0.105417
0.103530
0.101315
0.104453
0.102615
0.101156
0.103120
0.100448
0.102091
0.098489
0.099657
0.098746
0.098789
0.096143
0.098589
0.097544
0.096524
0.095411
0.096999
0.093556
0.094413
0.094166
0.095619
0.091894
0.090652
0.093095
0.090847
0.090278
0.088689
0.091929
0.088268
0.087830
0.088394
0.087311
0.088056
0.085718
0.085995
0.085288
0.086239
0.085515
0.085330
0.083615
0.083130
0.081334
0.082507
0.081742
0.080247
0.081174
0.080418
0.080801
0.077624
0.078227
0.079203
0.076707
0.078720
0.075004
0.077471
0.073735
0.076157
0.075286
0.073364
0.073569
0.075495
0.073382
0.071381
0.071017
0.072012
0.071462
0.070467
0.069687
0.070797
0.068854
0.068941
0.068487
0.066500
0.066888
0.066591
0.064694
0.066202
0.065192
0.065445
0.064852
0.063149
0.064275
0.062869
0.062601
0.062600
0.061300
0.061622
0.060580
0.059799
0.059809
0.059095
0.058596
0.059147
0.058653
0.058016
0.057737
0.055460
0.054750
0.056475
0.056824
0.054531
0.053769
0.053316
0.054296
0.053735
0.053541
0.051629
0.051346
0.050441
0.051621
0.050712
0.047823
0.051335
0.050415
0.047774
0.048463
0.048563
0.049991
0.047548
0.045851
0.046920
0.045208
0.045006
0.043279
0.046412
0.045380
0.045589
0.041413
0.043720
0.043573
0.042148
0.041374
0.041921
0.042058
0.041586
0.038760
0.039525
0.040150
0.040757
0.038661
0.038067
0.039319
0.036991
0.038691
0.036797
0.037721
0.035905
0.033897
0.037131
0.035052
0.034893
0.033903
0.035433
0.032272
0.034682
0.034388
0.031627
0.032815
0.032308
0.032608
0.031670
0.030375
0.030321
0.030278
0.031124
0.028106
0.029839
0.029094
0.030233
0.026695
0.029179
0.028030
0.027342
0.028298
0.026486
0.027532
0.025639
0.027548
0.026317
0.024231
0.024533
0.026479
0.024764
0.024074
0.023687
0.023130
0.023247
0.023991
0.022160
0.023942
0.022305
0.021372
0.021186
0.021368
0.022077
0.019855
0.021397
0.020057
0.021101
0.021550
0.020891
0.022125
0.022589
0.023184
0.022681
0.025190
0.027505
0.031418
0.039882
0.051287


