M_loss: 30, M_sym: 4300.0, M_power: 9000, M_bandwidth: 22.3872113856834
0.058968
0.064612
0.059195
0.052183
0.047352
0.044040
0.041375
0.041283
0.042943
0.042450
0.043680
0.044821
0.042884
0.042288
0.045479
0.045591
0.046283
0.048323
0.048163
0.049998
0.046473
0.044072
0.049301
0.052537
0.052564
0.053205
0.053861
0.051562
0.052768
0.053065
0.051441
0.054409
0.057161
0.056086
0.055717
0.061247
0.060235
0.058460
0.057856
0.060108
0.059684
0.063677
0.065656
0.063948
0.064879
0.064282
0.064277
0.065379
0.068744
0.069019
0.066510
0.067424
0.070793
0.072764
0.073221
0.073219
0.073923
0.074972
0.076016
0.077101
0.074427
0.074644
0.076990
0.080626
0.079059
0.078285
0.081571
0.083405
0.082284
0.084589
0.083757
0.084106
0.085594
0.086272
0.089787
0.090412
0.089137
0.089339
0.090062
0.092355
0.093407
0.094228
0.091429
0.094663
0.099885
0.099981
0.098492
0.098248
0.099768
0.102013
0.097599
0.100846
0.103414
0.106797
0.107591
0.105070
0.108409
0.109414
0.109307
0.109599
0.110347
0.111744
0.115159
0.114383
0.113032
0.115298
0.117741
0.119173
0.117221
0.116585
0.119376
0.123566
0.121253
0.122494
0.125616
0.125912
0.128067
0.125424
0.126725
0.130144
0.133567
0.132699
0.135470
0.130456
0.133038
0.137671
0.136263
0.138953
0.141436
0.138031
0.141157
0.141735
0.144707
0.145706
0.144932
0.150150
0.145647
0.146581
0.148998
0.149916
0.154270
0.152452
0.154556
0.157224
0.155031
0.158003
0.158222
0.158421
0.160669
0.163311
0.163492
0.163900
0.163121
0.164989
0.168329
0.166626
0.171334
0.174615
0.171462
0.171310
0.175211
0.175029
0.176474
0.177728
0.182620
0.178505
0.181048
0.183726
0.184874
0.185447
0.186986
0.186674
0.188434
0.191102
0.192866
0.191610
0.194220
0.194377
0.195733
0.199967
0.197580
0.201238
0.201178
0.201750
0.201490
0.206463
0.207356
0.207819
0.210774
0.207716
0.211781
0.214331
0.216119
0.216364
0.214857
0.218260
0.219830
0.223956
0.221022
0.223180
0.222923
0.225687
0.227084
0.229723
0.228220
0.231876
0.230127
0.233673
0.237000
0.236798
0.235843
0.238765
0.242524
0.244017
0.240396
0.242819
0.242548
0.247568
0.250658
0.250527
0.248369
0.249804
0.251109
0.256477
0.256943
0.254265
0.258656
0.257463
0.257894
0.262399
0.264938
0.263315
0.266428
0.267946
0.268980
0.268692
0.273083
0.272004
0.271547
0.273219
0.276517
0.278165
0.279477
0.277399
0.279706
0.284140
0.284276
0.283784
0.286819
0.286662
0.287526
0.289575
0.292889
0.294910
0.292980
0.293188
0.296360
0.295248
0.297215
0.301303
0.304597
0.304699
0.304454
0.302648
0.304888
0.307948
0.306835
0.310707
0.312107
0.310289
0.311415
0.314877
0.315356
0.318219
0.319318
0.318628
0.319019
0.319500
0.324475
0.322814
0.325668
0.327656
0.326429
0.328523
0.332875
0.327515
0.335211
0.336201
0.336529
0.334216
0.334723
0.337307
0.341665
0.341854
0.340257
0.343804
0.343195
0.345201
0.343695
0.347218
0.349375
0.347498
0.347976
0.352872
0.355492
0.352531
0.355990
0.357933
0.354414
0.359288
0.358122
0.359939
0.361969
0.364326
0.366005
0.362582
0.363738
0.365843
0.368406
0.368821
0.368665
0.372438
0.373698
0.374382
0.371555
0.375890
0.375941
0.380218
0.380157
0.379265
0.381428
0.380079
0.384602
0.385029
0.384842
0.386504
0.388255
0.389575
0.389246
0.390388
0.392039
0.391302
0.395081
0.393740
0.395552
0.400025
0.398172
0.398992
0.401658
0.399333
0.403180
0.403377
0.404944
0.405325
0.406007
0.406951
0.407869
0.410475
0.410367
0.410639
0.411926
0.416359
0.416502
0.414694
0.414602
0.417088
0.419455
0.422534
0.418074
0.420830
0.420083
0.425252
0.426947
0.424622
0.424931
0.426701
0.427426
0.431433
0.430045
0.432028
0.431844
0.434373
0.433142
0.433362
0.435994
0.437271
0.438244
0.436213
0.442285
0.440193
0.441221
0.441175
0.443429
0.444184
0.444447
0.444858
0.443741
0.447730
0.448584
0.451582
0.450600
0.446328
0.451714
0.455146
0.455108
0.455564
0.453933
0.458113
0.456483
0.457079
0.454962
0.457776
0.458199
0.461895
0.462112
0.460975
0.464943
0.464556
0.465067
0.464703
0.463930
0.465874
0.466978
0.468676
0.470130
0.470862
0.468995
0.468776
0.469392
0.472338
0.473253
0.473706
0.473287
0.474555
0.475201
0.476810
0.477075
0.476819
0.476756
0.476531
0.478793
0.480033
0.479150
0.479565
0.484865
0.481239
0.481034
0.481716
0.485187
0.481642
0.483975
0.486122
0.486710
0.486889
0.482934
0.487331
0.487643
0.486347
0.486943
0.485579
0.491388
0.490633
0.488003
0.489343
0.492073
0.489544
0.492212
0.493465
0.491122
0.492276
0.493555
0.491289
0.494162
0.492628
0.494006
0.494353
0.496003
0.497562
0.495935
0.492737
0.494417
0.498775
0.498807
0.497212
0.494969
0.499466
0.496252
0.498399
0.500082
0.499202
0.499118
0.496335
0.500870
0.494994
0.496449
0.500489
0.501235
0.497321
0.499358
0.503626
0.502445
0.503131
0.503397
0.500369
0.502642
0.496100
0.499115
0.501321
0.499823
0.498710
0.500218
0.500220
0.501621
0.496836
0.498513
0.498159
0.501211
0.499012
0.496526
0.499595
0.499115
0.497419
0.498888
0.500864
0.500336
0.497509
0.497957
0.499892
0.498383
0.501032
0.498865
0.499330
0.497365
0.498078
0.497025
0.498232
0.497759
0.497592
0.497267
0.499502
0.497054
0.496912
0.496411
0.493480
0.497661
0.495637
0.492966
0.495269
0.497410
0.493007
0.495607
0.493188
0.491184
0.493415
0.490749
0.491668
0.491126
0.492367
0.493454
0.491620
0.487547
0.487078
0.488163
0.487108
0.488627
0.487360
0.489332
0.487425
0.486499
0.483744
0.482973
0.482578
0.480827
0.484686
0.483112
0.480855
0.481025
0.479927
0.477289
0.475113
0.477858
0.477775
0.476658
0.477712
0.475069
0.474823
0.474838
0.473449
0.473318
0.470846
0.471229
0.467911
0.470565
0.467577
0.466963
0.467759
0.465960
0.463948
0.462583
0.464820
0.462826
0.459533
0.461480
0.461287
0.459376
0.457628
0.459652
0.455127
0.455467
0.453288
0.453238
0.453202
0.452142
0.451880
0.448380
0.443808
0.448938
0.444767
0.446603
0.443667
0.443279
0.440505
0.441653
0.437847
0.437148
0.438829
0.437678
0.435356
0.434554
0.433292
0.430421
0.428882
0.428409
0.427659
0.430305
0.426867
0.424344
0.422047
0.422746
0.420507
0.417042
0.420753
0.417628
0.414722
0.413925
0.415778
0.412729
0.411319
0.408440
0.408493
0.405450
0.405878
0.404865
0.402745
0.400652
0.399253
0.394916
0.397552
0.396746
0.396058
0.392449
0.393055
0.390093
0.386611
0.389222
0.384656
0.382817
0.383024
0.382140
0.382331
0.378737
0.376108
0.373178
0.373853
0.372875
0.371108
0.372294
0.364871
0.362742
0.366143
0.366249
0.363085
0.357607
0.359386
0.356912
0.355141
0.353606
0.353621
0.351177
0.346862
0.346945
0.344159
0.343978
0.344603
0.334150
0.340472
0.336632
0.337106
0.334448
0.328907
0.330334
0.328616
0.324913
0.324587
0.325504
0.322121
0.316775
0.316372
0.314901
0.314453
0.313051
0.308098
0.308639
0.306125
0.305395
0.302411
0.301468
0.298784
0.296756
0.292602
0.292090
0.289110
0.288480
0.284339
0.287186
0.282149
0.283332
0.278004
0.272193
0.273074
0.273550
0.267005
0.272823
0.263996
0.261744
0.262735
0.258379
0.256378
0.256650
0.254016
0.250743
0.249499
0.244756
0.245783
0.243159
0.239149
0.236014
0.238520
0.233833
0.231043
0.228800
0.224259
0.223719
0.224706
0.219774
0.216164
0.216015
0.210443
0.213425
0.208403
0.207290
0.201397
0.203226
0.199356
0.194516
0.194867
0.189061
0.189721
0.188607
0.187870
0.181356
0.179769
0.179944
0.174866
0.171033
0.172897
0.168880
0.163091
0.165642
0.159690
0.163399
0.159235
0.154315
0.154224
0.151031
0.147114
0.143280
0.140719
0.139773
0.136493
0.134424
0.131982
0.129022
0.129711
0.124995
0.121065
0.117567
0.117525
0.116516
0.111220
0.108005
0.108486
0.104673
0.099409
0.099270
0.096741
0.092993
0.088676
0.085418
0.085344
0.082803
0.079993
0.076585
0.074520
0.074753
0.068696
0.067867
0.063703
0.057539
0.058626
0.055148
0.054979
0.051176
0.045664
0.046020
0.040565
0.041187
0.037183
0.033371
0.029873
0.030554
0.026875
0.021724
0.021481
0.018407
0.014300
0.014877
0.009028
0.005695
0.004457
0.002889
-0.001250
-0.003577
-0.005499
-0.007661
-0.010202
-0.018379
-0.015452
-0.021315
-0.019113
-0.024544
-0.029102
-0.030010
-0.034115
-0.033108
-0.040247
-0.042405
-0.040817
-0.047410
-0.047766
-0.050104
-0.055446
-0.055736
-0.058469
-0.064876
-0.064298
-0.070996
-0.070364
-0.073563
-0.074303
-0.079221
-0.079469
-0.083061
-0.086315
-0.087795
-0.092864
-0.094085
-0.098671
-0.101486
-0.100422
-0.103081
-0.109577
-0.108752
-0.112129
-0.115922
-0.119580
-0.120453
-0.125852
-0.126066
-0.124842
-0.134549
-0.134824
-0.136916
-0.140083
-0.140322
-0.145915
-0.147382
-0.149694
-0.152061
-0.154667
-0.158091
-0.160165
-0.160113
-0.165166
-0.171311
-0.171764
-0.173770
-0.177797
-0.176835
-0.180854
-0.183001
-0.185766
-0.191824
-0.189633
-0.195169
-0.197563
-0.197189
-0.203211
-0.201866
-0.206372
-0.212463
-0.210689
-0.213244
-0.216642
-0.219906
-0.223343
-0.224372
-0.227368
-0.228440
-0.233537
-0.234005
-0.235481
-0.239982
-0.243946
-0.245539
-0.246055
-0.249604
-0.251885
-0.252148
-0.261204
-0.258038
-0.258828
-0.267398
-0.268906
-0.270913
-0.269745
-0.278511
-0.272930
-0.280072
-0.281365
-0.282086
-0.288951
-0.290572
-0.293786
-0.295326
-0.295925
-0.299476
-0.302417
-0.301392
-0.304282
-0.309239
-0.311836
-0.313108
-0.315689
-0.318150
-0.322254
-0.323732
-0.324395
-0.326194
-0.326370
-0.331514
-0.333721
-0.337543
-0.338014
-0.341330
-0.338739
-0.342888
-0.347982
-0.349627
-0.353516
-0.353423
-0.356366
-0.356616
-0.361123
-0.366663
-0.362444
-0.366975
-0.369070
-0.373913
-0.375801
-0.371225
-0.378868
-0.382874
-0.378497
-0.382715
-0.384260
-0.392070
-0.389153
-0.392059
-0.396425
-0.396669
-0.398958
-0.400750
-0.401807
-0.403624
-0.407529
-0.407924
-0.411041
-0.413226
-0.411055
-0.416606
-0.418117
-0.422211
-0.418929
-0.425517
-0.424960
-0.426728
-0.429629
-0.435035
-0.432806
-0.437351
-0.435689
-0.442983
-0.440702
-0.441756
-0.448181
-0.445044
-0.446580
-0.453020
-0.450821
-0.451686
-0.456137
-0.459104
-0.458138
-0.459507
-0.462411
-0.465323
-0.466797
-0.466130
-0.468328
-0.472138
-0.469546
-0.473751
-0.477371
-0.475746
-0.479729
-0.479046
-0.486531
-0.481523
-0.482206
-0.486793
-0.485561
-0.490326
-0.490833
-0.493850
-0.493809
-0.496805
-0.499978
-0.496443
-0.501467
-0.501208
-0.499568
-0.508445
-0.507205
-0.505536
-0.511490
-0.511134
-0.512254
-0.511794
-0.513287
-0.513392
-0.519079
-0.517313
-0.519533
-0.520740
-0.524380
-0.521399
-0.522648
-0.519285
-0.529314
-0.529789
-0.530374
-0.527988
-0.530361
-0.534846
-0.529958
-0.534806
-0.537791
-0.537349
-0.537869
-0.536321
-0.539874
-0.542407
-0.542078
-0.545313
-0.546247
-0.544108
-0.543137
-0.543600
-0.545445
-0.550254
-0.552985
-0.552863
-0.552601
-0.551144
-0.552287
-0.554236
-0.552374
-0.555902
-0.556492
-0.561905
-0.556644
-0.560166
-0.559344
-0.561307
-0.558194
-0.563012
-0.560511
-0.562949
-0.563211
-0.564380
-0.565128
-0.567211
-0.565970
-0.571737
-0.564178
-0.568519
-0.566880
-0.569874
-0.571481
-0.568471
-0.573141
-0.573204
-0.568705
-0.573579
-0.571487
-0.572744
-0.564387
-0.577186
-0.576349
-0.571799
-0.574198
-0.574378
-0.574792
-0.575199
-0.576907
-0.571935
-0.576938
-0.577909
-0.574554
-0.577090
-0.574502
-0.577057
-0.579498
-0.576264
-0.575636
-0.576145
-0.577957
-0.580774
-0.574793
-0.577718
-0.573828
-0.577685
-0.575167
-0.581240
-0.574997
-0.575192
-0.579566
-0.577329
-0.577121
-0.577612
-0.575036
-0.577336
-0.575943
-0.577268
-0.576683
-0.576338
-0.573561
-0.572269
-0.573676
-0.578004
-0.574991
-0.572030
-0.574073
-0.572647
-0.570331
-0.572625
-0.570337
-0.571350
-0.571487
-0.568535
-0.567509
-0.572293
-0.569430
-0.569069
-0.566602
-0.563549
-0.567701
-0.566632
-0.567526
-0.567561
-0.564931
-0.565894
-0.560152
-0.561592
-0.561649
-0.562168
-0.559378
-0.561052
-0.558534
-0.557625
-0.554770
-0.557340
-0.553318
-0.557969
-0.551594
-0.554726
-0.554798
-0.549412
-0.552652
-0.547703
-0.547764
-0.548689
-0.546790
-0.546273
-0.546784
-0.544943
-0.543205
-0.542306
-0.539371
-0.541913
-0.539978
-0.539754
-0.537889
-0.537075
-0.533066
-0.534422
-0.534941
-0.529176
-0.532530
-0.530821
-0.529297
-0.523030
-0.528029
-0.528372
-0.525623
-0.526162
-0.522406
-0.519322
-0.521959
-0.518323
-0.514198
-0.517998
-0.517576
-0.512980
-0.512544
-0.509678
-0.507560
-0.509132
-0.507730
-0.505611
-0.505687
-0.504550
-0.498897
-0.499020
-0.497239
-0.494942
-0.495765
-0.495097
-0.491680
-0.490696
-0.491125
-0.488427
-0.484692
-0.486483
-0.482318
-0.482555
-0.478761
-0.481880
-0.473790
-0.478229
-0.475030
-0.472953
-0.470018
-0.468411
-0.465842
-0.469219
-0.465523
-0.464905
-0.460317
-0.458693
-0.459959
-0.454874
-0.453943
-0.454360
-0.450406
-0.452089
-0.448220
-0.444099
-0.445050
-0.443107
-0.440128
-0.440268
-0.437203
-0.436148
-0.434905
-0.429137
-0.430187
-0.427171
-0.427242
-0.425811
-0.422137
-0.418654
-0.417336
-0.419378
-0.417786
-0.411855
-0.410465
-0.405859
-0.411518
-0.401978
-0.404083
-0.401528
-0.398879
-0.396052
-0.397528
-0.391626
-0.387426
-0.390316
-0.385974
-0.383961
-0.381610
-0.380527
-0.376434
-0.376131
-0.375456
-0.371248
-0.371326
-0.368360
-0.363152
-0.360987
-0.361323
-0.359011
-0.356499
-0.356296
-0.353372
-0.344338
-0.348081
-0.346112
-0.342904
-0.338664
-0.336124
-0.336106
-0.333833
-0.330668
-0.327918
-0.325835
-0.321928
-0.320308
-0.319513
-0.315113
-0.312065
-0.309088
-0.310521
-0.307233
-0.304238
-0.302257
-0.296134
-0.296913
-0.290148
-0.292955
-0.288405
-0.284993
-0.283597
-0.280567
-0.279375
-0.274742
-0.272842
-0.273030
-0.267306
-0.264931
-0.263962
-0.259655
-0.263133
-0.252407
-0.248302
-0.250971
-0.246302
-0.244179
-0.242333
-0.237664
-0.234290
-0.235144
-0.231754
-0.229181
-0.226751
-0.221802
-0.219544
-0.218919
-0.218818
-0.209059
-0.211124
-0.202480
-0.207046
-0.201607
-0.196304
-0.199327
-0.190968
-0.189122
-0.188246
-0.184951
-0.181534
-0.179754
-0.176489
-0.176135
-0.170360
-0.167995
-0.168312
-0.161961
-0.159739
-0.155434
-0.157869
-0.149141
-0.147811
-0.147393
-0.140338
-0.140724
-0.133857
-0.136407
-0.132703
-0.127456
-0.129765
-0.124458
-0.118584
-0.117936
-0.110837
-0.116432
-0.109929
-0.105458
-0.103417
-0.100752
-0.096206
-0.097168
-0.094541
-0.092917
-0.076616
-0.084217
-0.082531
-0.077297
-0.076925
-0.073202
-0.066394
-0.067057
-0.059719
-0.068313
-0.053857
-0.054061
-0.054312
-0.049436
-0.046278
-0.042214
-0.041011
-0.036532
-0.034623
-0.029565
-0.033243
-0.023966
-0.025300
-0.020966
-0.018346
-0.015335
-0.007800
-0.008581
-0.006977
-0.004697
0.001516
0.002132
0.006312
0.006264
0.010591
0.014592
0.015542
0.020623
0.022670
0.027823
0.028071
0.030209
0.037348
0.040179
0.035530
0.044615
0.046680
0.049971
0.049263
0.055727
0.055655
0.062084
0.062895
0.064906
0.066610
0.078557
0.067935
0.074918
0.079512
0.090385
0.080074
0.086755
0.089901
0.097201
0.097441
0.094298
0.102780
0.105013
0.109241
0.111306
0.112496
0.112457
0.117881
0.123398
0.124661
0.128965
0.127937
0.131537
0.134231
0.144244
0.133585
0.142273
0.149679
0.149961
0.145443
0.152554
0.158439
0.157635
0.161489
0.163555
0.168948
0.167391
0.170489
0.176599
0.177448
0.179422
0.183305
0.184410
0.184356
0.192082
0.192089
0.202158
0.194810
0.198809
0.202233
0.207135
0.210261
0.214321
0.211318
0.214302
0.222656
0.218499
0.221923
0.223755
0.231337
0.228722
0.235580
0.236818
0.234511
0.244597
0.236466
0.247721
0.248832
0.246794
0.252259
0.256285
0.251465
0.279756
0.256459
0.257812
0.266231
0.271837
0.272751
0.272214
0.275375
0.282812
0.274024
0.282531
0.298191
0.283778
0.288620
0.289835
0.297544
0.296068
0.295276
0.308977
0.299017
0.305949
0.304608
0.310211
0.311565
0.316930
0.313566
0.319932
0.318653
0.325976
0.321338
0.328913
0.324997
0.340681
0.326352
0.336046
0.331007
0.343606
0.347767
0.344258
0.341914
0.342788
0.351910
0.349148
0.351662
0.358815
0.359386
0.355394
0.359225
0.356934
0.370667
0.377839
0.366496
0.360156
0.375863
0.372340
0.372430
0.383949
0.377478
0.386424
0.376365
0.383562
0.387793
0.387187
0.384346
0.387762
0.397272
0.391408
0.397122
0.397634
0.400999
0.399028
0.398851
0.400881
0.407121
0.404990
0.416715
0.405378
0.412701
0.413372
0.409737
0.417917
0.416666
0.417645
0.420454
0.417045
0.423954
0.432031
0.420504
0.430561
0.426324
0.427731
0.422681
0.431821
0.441047
0.438166
0.436420
0.430014
0.444735
0.437405
0.433301
0.439365
0.441152
0.445916
0.456290
0.437621
0.453346
0.441204
0.456005
0.444658
0.449672
0.454676
0.445754
0.454142
0.463028
0.450202
0.461090
0.449629
0.465158
0.460105
0.462773
0.461234
0.455408
0.453539
0.478504
0.455216
0.461517
0.483971
0.462729
0.462483
0.468944
0.466520
0.465074
0.483156
0.461843
0.472264
0.473712
0.474540
0.469753
0.473936
0.469126
0.489146
0.469416
0.472762
0.478302
0.478385
0.472192
0.474610
0.491415
0.477212
0.476398
0.477563
0.465432
0.490949
0.484824
0.489987
0.476100
0.485823
0.474423
0.475536
0.502238
0.467543
0.484906
0.485491
0.494030
0.470244
0.484900
0.487702
0.480200
0.487842
0.482253
0.486390
0.474977
0.486402
0.497131
0.489825
0.481142
0.477820
0.486403
0.489220
0.486403
0.477820
0.481142
0.489825
0.497131
0.486402
0.474977
0.486390
0.482253
0.487842
0.480200
0.487702
0.484900
0.470244
0.494030
0.485491
0.484906
0.467543
0.502238
0.475536
0.474423
0.485823
0.476100
0.489987
0.484824
0.490949
0.465432
0.477563
0.476398
0.477212
0.491415
0.474610
0.472192
0.478385
0.478302
0.472762
0.469416
0.489146
0.469126
0.473936
0.469753
0.474540
0.473712
0.472264
0.461843
0.483156
0.465074
0.466520
0.468944
0.462483
0.462729
0.483971
0.461517
0.455216
0.478504
0.453539
0.455408
0.461234
0.462773
0.460105
0.465158
0.449629
0.461090
0.450202
0.463028
0.454142
0.445754
0.454676
0.449672
0.444658
0.456005
0.441204
0.453346
0.437621
0.456290
0.445916
0.441152
0.439365
0.433301
0.437405
0.444735
0.430014
0.436420
0.438166
0.441047
0.431821
0.422681
0.427731
0.426324
0.430561
0.420504
0.432031
0.423954
0.417045
0.420454
0.417645
0.416666
0.417917
0.409737
0.413372
0.412701
0.405378
0.416715
0.404990
0.407121
0.400881
0.398851
0.399028
0.400999
0.397634
0.397122
0.391408
0.397272
0.387762
0.384346
0.387187
0.387793
0.383562
0.376365
0.386424
0.377478
0.383949
0.372430
0.372340
0.375863
0.360156
0.366496
0.377839
0.370667
0.356934
0.359225
0.355394
0.359386
0.358815
0.351662
0.349148
0.351910
0.342788
0.341914
0.344258
0.347767
0.343606
0.331007
0.336046
0.326352
0.340681
0.324997
0.328913
0.321338
0.325976
0.318653
0.319932
0.313566
0.316930
0.311565
0.310211
0.304608
0.305949
0.299017
0.308977
0.295276
0.296068
0.297544
0.289835
0.288620
0.283778
0.298191
0.282531
0.274024
0.282812
0.275375
0.272214
0.272751
0.271837
0.266231
0.257812
0.256459
0.279756
0.251465
0.256285
0.252259
0.246794
0.248832
0.247721
0.236466
0.244597
0.234511
0.236818
0.235580
0.228722
0.231337
0.223755
0.221923
0.218499
0.222656
0.214302
0.211318
0.214321
0.210261
0.207135
0.202233
0.198809
0.194810
0.202158
0.192089
0.192082
0.184356
0.184410
0.183305
0.179422
0.177448
0.176599
0.170489
0.167391
0.168948
0.163555
0.161489
0.157635
0.158439
0.152554
0.145443
0.149961
0.149679
0.142273
0.133585
0.144244
0.134231
0.131537
0.127937
0.128965
0.124661
0.123398
0.117881
0.112457
0.112496
0.111306
0.109241
0.105013
0.102780
0.094298
0.097441
0.097201
0.089901
0.086755
0.080074
0.090385
0.079512
0.074918
0.067935
0.078557
0.066610
0.064906
0.062895
0.062084
0.055655
0.055727
0.049263
0.049971
0.046680
0.044615
0.035530
0.040179
0.037348
0.030209
0.028071
0.027823
0.022670
0.020623
0.015542
0.014592
0.010591
0.006264
0.006312
0.002132
0.001516
-0.004697
-0.006977
-0.008581
-0.007800
-0.015335
-0.018346
-0.020966
-0.025300
-0.023966
-0.033243
-0.029565
-0.034623
-0.036532
-0.041011
-0.042214
-0.046278
-0.049436
-0.054312
-0.054061
-0.053857
-0.068313
-0.059719
-0.067057
-0.066394
-0.073202
-0.076925
-0.077297
-0.082531
-0.084217
-0.076616
-0.092917
-0.094541
-0.097168
-0.096206
-0.100752
-0.103417
-0.105458
-0.109929
-0.116432
-0.110837
-0.117936
-0.118584
-0.124458
-0.129765
-0.127456
-0.132703
-0.136407
-0.133857
-0.140724
-0.140338
-0.147393
-0.147811
-0.149141
-0.157869
-0.155434
-0.159739
-0.161961
-0.168312
-0.167995
-0.170360
-0.176135
-0.176489
-0.179754
-0.181534
-0.184951
-0.188246
-0.189122
-0.190968
-0.199327
-0.196304
-0.201607
-0.207046
-0.202480
-0.211124
-0.209059
-0.218818
-0.218919
-0.219544
-0.221802
-0.226751
-0.229181
-0.231754
-0.235144
-0.234290
-0.237664
-0.242333
-0.244179
-0.246302
-0.250971
-0.248302
-0.252407
-0.263133
-0.259655
-0.263962
-0.264931
-0.267306
-0.273030
-0.272842
-0.274742
-0.279375
-0.280567
-0.283597
-0.284993
-0.288405
-0.292955
-0.290148
-0.296913
-0.296134
-0.302257
-0.304238
-0.307233
-0.310521
-0.309088
-0.312065
-0.315113
-0.319513
-0.320308
-0.321928
-0.325835
-0.327918
-0.330668
-0.333833
-0.336106
-0.336124
-0.338664
-0.342904
-0.346112
-0.348081
-0.344338
-0.353372
-0.356296
-0.356499
-0.359011
-0.361323
-0.360987
-0.363152
-0.368360
-0.371326
-0.371248
-0.375456
-0.376131
-0.376434
-0.380527
-0.381610
-0.383961
-0.385974
-0.390316
-0.387426
-0.391626
-0.397528
-0.396052
-0.398879
-0.401528
-0.404083
-0.401978
-0.411518
-0.405859
-0.410465
-0.411855
-0.417786
-0.419378
-0.417336
-0.418654
-0.422137
-0.425811
-0.427242
-0.427171
-0.430187
-0.429137
-0.434905
-0.436148
-0.437203
-0.440268
-0.440128
-0.443107
-0.445050
-0.444099
-0.448220
-0.452089
-0.450406
-0.454360
-0.453943
-0.454874
-0.459959
-0.458693
-0.460317
-0.464905
-0.465523
-0.469219
-0.465842
-0.468411
-0.470018
-0.472953
-0.475030
-0.478229
-0.473790
-0.481880
-0.478761
-0.482555
-0.482318
-0.486483
-0.484692
-0.488427
-0.491125
-0.490696
-0.491680
-0.495097
-0.495765
-0.494942
-0.497239
-0.499020
-0.498897
-0.504550
-0.505687
-0.505611
-0.507730
-0.509132
-0.507560
-0.509678
-0.512544
-0.512980
-0.517576
-0.517998
-0.514198
-0.518323
-0.521959
-0.519322
-0.522406
-0.526162
-0.525623
-0.528372
-0.528029
-0.523030
-0.529297
-0.530821
-0.532530
-0.529176
-0.534941
-0.534422
-0.533066
-0.537075
-0.537889
-0.539754
-0.539978
-0.541913
-0.539371
-0.542306
-0.543205
-0.544943
-0.546784
-0.546273
-0.546790
-0.548689
-0.547764
-0.547703
-0.552652
-0.549412
-0.554798
-0.554726
-0.551594
-0.557969
-0.553318
-0.557340
-0.554770
-0.557625
-0.558534
-0.561052
-0.559378
-0.562168
-0.561649
-0.561592
-0.560152
-0.565894
-0.564931
-0.567561
-0.567526
-0.566632
-0.567701
-0.563549
-0.566602
-0.569069
-0.569430
-0.572293
-0.567509
-0.568535
-0.571487
-0.571350
-0.570337
-0.572625
-0.570331
-0.572647
-0.574073
-0.572030
-0.574991
-0.578004
-0.573676
-0.572269
-0.573561
-0.576338
-0.576683
-0.577268
-0.575943
-0.577336
-0.575036
-0.577612
-0.577121
-0.577329
-0.579566
-0.575192
-0.574997
-0.581240
-0.575167
-0.577685
-0.573828
-0.577718
-0.574793
-0.580774
-0.577957
-0.576145
-0.575636
-0.576264
-0.579498
-0.577057
-0.574502
-0.577090
-0.574554
-0.577909
-0.576938
-0.571935
-0.576907
-0.575199
-0.574792
-0.574378
-0.574198
-0.571799
-0.576349
-0.577186
-0.564387
-0.572744
-0.571487
-0.573579
-0.568705
-0.573204
-0.573141
-0.568471
-0.571481
-0.569874
-0.566880
-0.568519
-0.564178
-0.571737
-0.565970
-0.567211
-0.565128
-0.564380
-0.563211
-0.562949
-0.560511
-0.563012
-0.558194
-0.561307
-0.559344
-0.560166
-0.556644
-0.561905
-0.556492
-0.555902
-0.552374
-0.554236
-0.552287
-0.551144
-0.552601
-0.552863
-0.552985
-0.550254
-0.545445
-0.543600
-0.543137
-0.544108
-0.546247
-0.545313
-0.542078
-0.542407
-0.539874
-0.536321
-0.537869
-0.537349
-0.537791
-0.534806
-0.529958
-0.534846
-0.530361
-0.527988
-0.530374
-0.529789
-0.529314
-0.519285
-0.522648
-0.521399
-0.524380
-0.520740
-0.519533
-0.517313
-0.519079
-0.513392
-0.513287
-0.511794
-0.512254
-0.511134
-0.511490
-0.505536
-0.507205
-0.508445
-0.499568
-0.501208
-0.501467
-0.496443
-0.499978
-0.496805
-0.493809
-0.493850
-0.490833
-0.490326
-0.485561
-0.486793
-0.482206
-0.481523
-0.486531
-0.479046
-0.479729
-0.475746
-0.477371
-0.473751
-0.469546
-0.472138
-0.468328
-0.466130
-0.466797
-0.465323
-0.462411
-0.459507
-0.458138
-0.459104
-0.456137
-0.451686
-0.450821
-0.453020
-0.446580
-0.445044
-0.448181
-0.441756
-0.440702
-0.442983
-0.435689
-0.437351
-0.432806
-0.435035
-0.429629
-0.426728
-0.424960
-0.425517
-0.418929
-0.422211
-0.418117
-0.416606
-0.411055
-0.413226
-0.411041
-0.407924
-0.407529
-0.403624
-0.401807
-0.400750
-0.398958
-0.396669
-0.396425
-0.392059
-0.389153
-0.392070
-0.384260
-0.382715
-0.378497
-0.382874
-0.378868
-0.371225
-0.375801
-0.373913
-0.369070
-0.366975
-0.362444
-0.366663
-0.361123
-0.356616
-0.356366
-0.353423
-0.353516
-0.349627
-0.347982
-0.342888
-0.338739
-0.341330
-0.338014
-0.337543
-0.333721
-0.331514
-0.326370
-0.326194
-0.324395
-0.323732
-0.322254
-0.318150
-0.315689
-0.313108
-0.311836
-0.309239
-0.304282
-0.301392
-0.302417
-0.299476
-0.295925
-0.295326
-0.293786
-0.290572
-0.288951
-0.282086
-0.281365
-0.280072
-0.272930
-0.278511
-0.269745
-0.270913
-0.268906
-0.267398
-0.258828
-0.258038
-0.261204
-0.252148
-0.251885
-0.249604
-0.246055
-0.245539
-0.243946
-0.239982
-0.235481
-0.234005
-0.233537
-0.228440
-0.227368
-0.224372
-0.223343
-0.219906
-0.216642
-0.213244
-0.210689
-0.212463
-0.206372
-0.201866
-0.203211
-0.197189
-0.197563
-0.195169
-0.189633
-0.191824
-0.185766
-0.183001
-0.180854
-0.176835
-0.177797
-0.173770
-0.171764
-0.171311
-0.165166
-0.160113
-0.160165
-0.158091
-0.154667
-0.152061
-0.149694
-0.147382
-0.145915
-0.140322
-0.140083
-0.136916
-0.134824
-0.134549
-0.124842
-0.126066
-0.125852
-0.120453
-0.119580
-0.115922
-0.112129
-0.108752
-0.109577
-0.103081
-0.100422
-0.101486
-0.098671
-0.094085
-0.092864
-0.087795
-0.086315
-0.083061
-0.079469
-0.079221
-0.074303
-0.073563
-0.070364
-0.070996
-0.064298
-0.064876
-0.058469
-0.055736
-0.055446
-0.050104
-0.047766
-0.047410
-0.040817
-0.042405
-0.040247
-0.033108
-0.034115
-0.030010
-0.029102
-0.024544
-0.019113
-0.021315
-0.015452
-0.018379
-0.010202
-0.007661
-0.005499
-0.003577
-0.001250
0.002889
0.004457
0.005695
0.009028
0.014877
0.014300
0.018407
0.021481
0.021724
0.026875
0.030554
0.029873
0.033371
0.037183
0.041187
0.040565
0.046020
0.045664
0.051176
0.054979
0.055148
0.058626
0.057539
0.063703
0.067867
0.068696
0.074753
0.074520
0.076585
0.079993
0.082803
0.085344
0.085418
0.088676
0.092993
0.096741
0.099270
0.099409
0.104673
0.108486
0.108005
0.111220
0.116516
0.117525
0.117567
0.121065
0.124995
0.129711
0.129022
0.131982
0.134424
0.136493
0.139773
0.140719
0.143280
0.147114
0.151031
0.154224
0.154315
0.159235
0.163399
0.159690
0.165642
0.163091
0.168880
0.172897
0.171033
0.174866
0.179944
0.179769
0.181356
0.187870
0.188607
0.189721
0.189061
0.194867
0.194516
0.199356
0.203226
0.201397
0.207290
0.208403
0.213425
0.210443
0.216015
0.216164
0.219774
0.224706
0.223719
0.224259
0.228800
0.231043
0.233833
0.238520
0.236014
0.239149
0.243159
0.245783
0.244756
0.249499
0.250743
0.254016
0.256650
0.256378
0.258379
0.262735
0.261744
0.263996
0.272823
0.267005
0.273550
0.273074
0.272193
0.278004
0.283332
0.282149
0.287186
0.284339
0.288480
0.289110
0.292090
0.292602
0.296756
0.298784
0.301468
0.302411
0.305395
0.306125
0.308639
0.308098
0.313051
0.314453
0.314901
0.316372
0.316775
0.322121
0.325504
0.324587
0.324913
0.328616
0.330334
0.328907
0.334448
0.337106
0.336632
0.340472
0.334150
0.344603
0.343978
0.344159
0.346945
0.346862
0.351177
0.353621
0.353606
0.355141
0.356912
0.359386
0.357607
0.363085
0.366249
0.366143
0.362742
0.364871
0.372294
0.371108
0.372875
0.373853
0.373178
0.376108
0.378737
0.382331
0.382140
0.383024
0.382817
0.384656
0.389222
0.386611
0.390093
0.393055
0.392449
0.396058
0.396746
0.397552
0.394916
0.399253
0.400652
0.402745
0.404865
0.405878
0.405450
0.408493
0.408440
0.411319
0.412729
0.415778
0.413925
0.414722
0.417628
0.420753
0.417042
0.420507
0.422746
0.422047
0.424344
0.426867
0.430305
0.427659
0.428409
0.428882
0.430421
0.433292
0.434554
0.435356
0.437678
0.438829
0.437148
0.437847
0.441653
0.440505
0.443279
0.443667
0.446603
0.444767
0.448938
0.443808
0.448380
0.451880
0.452142
0.453202
0.453238
0.453288
0.455467
0.455127
0.459652
0.457628
0.459376
0.461287
0.461480
0.459533
0.462826
0.464820
0.462583
0.463948
0.465960
0.467759
0.466963
0.467577
0.470565
0.467911
0.471229
0.470846
0.473318
0.473449
0.474838
0.474823
0.475069
0.477712
0.476658
0.477775
0.477858
0.475113
0.477289
0.479927
0.481025
0.480855
0.483112
0.484686
0.480827
0.482578
0.482973
0.483744
0.486499
0.487425
0.489332
0.487360
0.488627
0.487108
0.488163
0.487078
0.487547
0.491620
0.493454
0.492367
0.491126
0.491668
0.490749
0.493415
0.491184
0.493188
0.495607
0.493007
0.497410
0.495269
0.492966
0.495637
0.497661
0.493480
0.496411
0.496912
0.497054
0.499502
0.497267
0.497592
0.497759
0.498232
0.497025
0.498078
0.497365
0.499330
0.498865
0.501032
0.498383
0.499892
0.497957
0.497509
0.500336
0.500864
0.498888
0.497419
0.499115
0.499595
0.496526
0.499012
0.501211
0.498159
0.498513
0.496836
0.501621
0.500220
0.500218
0.498710
0.499823
0.501321
0.499115
0.496100
0.502642
0.500369
0.503397
0.503131
0.502445
0.503626
0.499358
0.497321
0.501235
0.500489
0.496449
0.494994
0.500870
0.496335
0.499118
0.499202
0.500082
0.498399
0.496252
0.499466
0.494969
0.497212
0.498807
0.498775
0.494417
0.492737
0.495935
0.497562
0.496003
0.494353
0.494006
0.492628
0.494162
0.491289
0.493555
0.492276
0.491122
0.493465
0.492212
0.489544
0.492073
0.489343
0.488003
0.490633
0.491388
0.485579
0.486943
0.486347
0.487643
0.487331
0.482934
0.486889
0.486710
0.486122
0.483975
0.481642
0.485187
0.481716
0.481034
0.481239
0.484865
0.479565
0.479150
0.480033
0.478793
0.476531
0.476756
0.476819
0.477075
0.476810
0.475201
0.474555
0.473287
0.473706
0.473253
0.472338
0.469392
0.468776
0.468995
0.470862
0.470130
0.468676
0.466978
0.465874
0.463930
0.464703
0.465067
0.464556
0.464943
0.460975
0.462112
0.461895
0.458199
0.457776
0.454962
0.457079
0.456483
0.458113
0.453933
0.455564
0.455108
0.455146
0.451714
0.446328
0.450600
0.451582
0.448584
0.447730
0.443741
0.444858
0.444447
0.444184
0.443429
0.441175
0.441221
0.440193
0.442285
0.436213
0.438244
0.437271
0.435994
0.433362
0.433142
0.434373
0.431844
0.432028
0.430045
0.431433
0.427426
0.426701
0.424931
0.424622
0.426947
0.425252
0.420083
0.420830
0.418074
0.422534
0.419455
0.417088
0.414602
0.414694
0.416502
0.416359
0.411926
0.410639
0.410367
0.410475
0.407869
0.406951
0.406007
0.405325
0.404944
0.403377
0.403180
0.399333
0.401658
0.398992
0.398172
0.400025
0.395552
0.393740
0.395081
0.391302
0.392039
0.390388
0.389246
0.389575
0.388255
0.386504
0.384842
0.385029
0.384602
0.380079
0.381428
0.379265
0.380157
0.380218
0.375941
0.375890
0.371555
0.374382
0.373698
0.372438
0.368665
0.368821
0.368406
0.365843
0.363738
0.362582
0.366005
0.364326
0.361969
0.359939
0.358122
0.359288
0.354414
0.357933
0.355990
0.352531
0.355492
0.352872
0.347976
0.347498
0.349375
0.347218
0.343695
0.345201
0.343195
0.343804
0.340257
0.341854
0.341665
0.337307
0.334723
0.334216
0.336529
0.336201
0.335211
0.327515
0.332875
0.328523
0.326429
0.327656
0.325668
0.322814
0.324475
0.319500
0.319019
0.318628
0.319318
0.318219
0.315356
0.314877
0.311415
0.310289
0.312107
0.310707
0.306835
0.307948
0.304888
0.302648
0.304454
0.304699
0.304597
0.301303
0.297215
0.295248
0.296360
0.293188
0.292980
0.294910
0.292889
0.289575
0.287526
0.286662
0.286819
0.283784
0.284276
0.284140
0.279706
0.277399
0.279477
0.278165
0.276517
0.273219
0.271547
0.272004
0.273083
0.268692
0.268980
0.267946
0.266428
0.263315
0.264938
0.262399
0.257894
0.257463
0.258656
0.254265
0.256943
0.256477
0.251109
0.249804
0.248369
0.250527
0.250658
0.247568
0.242548
0.242819
0.240396
0.244017
0.242524
0.238765
0.235843
0.236798
0.237000
0.233673
0.230127
0.231876
0.228220
0.229723
0.227084
0.225687
0.222923
0.223180
0.221022
0.223956
0.219830
0.218260
0.214857
0.216364
0.216119
0.214331
0.211781
0.207716
0.210774
0.207819
0.207356
0.206463
0.201490
0.201750
0.201178
0.201238
0.197580
0.199967
0.195733
0.194377
0.194220
0.191610
0.192866
0.191102
0.188434
0.186674
0.186986
0.185447
0.184874
0.183726
0.181048
0.178505
0.182620
0.177728
0.176474
0.175029
0.175211
0.171310
0.171462
0.174615
0.171334
0.166626
0.168329
0.164989
0.163121
0.163900
0.163492
0.163311
0.160669
0.158421
0.158222
0.158003
0.155031
0.157224
0.154556
0.152452
0.154270
0.149916
0.148998
0.146581
0.145647
0.150150
0.144932
0.145706
0.144707
0.141735
0.141157
0.138031
0.141436
0.138953
0.136263
0.137671
0.133038
0.130456
0.135470
0.132699
0.133567
0.130144
0.126725
0.125424
0.128067
0.125912
0.125616
0.122494
0.121253
0.123566
0.119376
0.116585
0.117221
0.119173
0.117741
0.115298
0.113032
0.114383
0.115159
0.111744
0.110347
0.109599
0.109307
0.109414
0.108409
0.105070
0.107591
0.106797
0.103414
0.100846
0.097599
0.102013
0.099768
0.098248
0.098492
0.099981
0.099885
0.094663
0.091429
0.094228
0.093407
0.092355
0.090062
0.089339
0.089137
0.090412
0.089787
0.086272
0.085594
0.084106
0.083757
0.084589
0.082284
0.083405
0.081571
0.078285
0.079059
0.080626
0.076990
0.074644
0.074427
0.077101
0.076016
0.074972
0.073923
0.073219
0.073221
0.072764
0.070793
0.067424
0.066510
0.069019
0.068744
0.065379
0.064277
0.064282
0.064879
0.063948
0.065656
0.063677
0.059684
0.060108
0.057856
0.058460
0.060235
0.061247
0.055717
0.056086
0.057161
0.054409
0.051441
0.053065
0.052768
0.051562
0.053861
0.053205
0.052564
0.052537
0.049301
0.044072
0.046473
0.049998
0.048163
0.048323
0.046283
0.045591
0.045479
0.042288
0.042884
0.044821
0.043680
0.042450
0.042943
0.041283
0.041375
0.044040
0.047352
0.052183
0.059195
0.064612
0.058968


