M_loss: 35, M_sym: 4300.0, M_power: 9000, M_bandwidth: 22.3872113856834
0.060809
0.067696
0.057064
0.047420
0.041928
0.040566
0.040551
0.041880
0.037466
0.040342
0.037547
0.041900
0.046210
0.046186
0.044858
0.044502
0.041808
0.041941
0.046133
0.049496
0.047969
0.046831
0.046095
0.047441
0.053430
0.052261
0.047001
0.047065
0.053966
0.051399
0.056053
0.057727
0.052432
0.049961
0.053365
0.059563
0.056713
0.056006
0.057385
0.061534
0.059204
0.061820
0.061183
0.060444
0.059518
0.063424
0.064558
0.067036
0.066022
0.066457
0.067071
0.063738
0.067749
0.069698
0.071410
0.070770
0.072440
0.074537
0.073050
0.072026
0.072206
0.074400
0.080658
0.079324
0.077400
0.075925
0.077841
0.079271
0.080618
0.083690
0.083600
0.082873
0.083395
0.082183
0.086428
0.087509
0.090635
0.090316
0.087950
0.089855
0.089670
0.091008
0.093304
0.094740
0.096732
0.094498
0.094205
0.099154
0.098284
0.099557
0.099490
0.099812
0.101845
0.101590
0.106448
0.104895
0.104531
0.103537
0.107638
0.107137
0.109729
0.113055
0.111330
0.112358
0.113072
0.114902
0.115927
0.115786
0.116094
0.120192
0.119873
0.118887
0.120904
0.120050
0.124116
0.124150
0.122746
0.128226
0.128171
0.127810
0.129550
0.132853
0.129010
0.128242
0.137029
0.137729
0.136045
0.134583
0.139268
0.138494
0.140885
0.140904
0.142423
0.144691
0.142250
0.145950
0.143902
0.148643
0.145488
0.151987
0.152562
0.152528
0.153804
0.155930
0.156186
0.155559
0.156276
0.156189
0.161300
0.162007
0.161423
0.163976
0.164198
0.163731
0.164165
0.168891
0.168175
0.171735
0.172940
0.173171
0.173900
0.177660
0.173070
0.178598
0.180152
0.179983
0.181916
0.181813
0.182440
0.184901
0.185682
0.185051
0.190483
0.186926
0.190807
0.191059
0.194130
0.194074
0.194464
0.196054
0.199613
0.197735
0.199305
0.200315
0.199864
0.203078
0.203005
0.205455
0.204424
0.206538
0.208345
0.208977
0.213500
0.210873
0.210928
0.213712
0.215677
0.217152
0.217218
0.217289
0.220907
0.219429
0.222051
0.223970
0.225799
0.225023
0.228308
0.228748
0.228070
0.230426
0.232397
0.235927
0.233563
0.236094
0.236402
0.237686
0.240956
0.240852
0.242093
0.240119
0.245507
0.248029
0.249390
0.246282
0.248752
0.250354
0.250783
0.253149
0.256960
0.257082
0.258745
0.256473
0.260462
0.261795
0.261838
0.264119
0.264813
0.270654
0.267874
0.266907
0.268458
0.273398
0.275366
0.272539
0.274496
0.278937
0.278280
0.278685
0.278574
0.280852
0.283965
0.286056
0.286901
0.285653
0.289269
0.289873
0.291256
0.292193
0.292788
0.293419
0.296517
0.299011
0.298994
0.299148
0.301780
0.305093
0.305908
0.305653
0.305314
0.309587
0.309819
0.311836
0.310498
0.315135
0.315968
0.315411
0.316898
0.317316
0.321146
0.323307
0.321022
0.324209
0.327334
0.325794
0.328312
0.329072
0.330170
0.332541
0.333561
0.334306
0.334679
0.337952
0.341120
0.338961
0.338070
0.342189
0.345948
0.345650
0.345325
0.348622
0.350231
0.349782
0.351126
0.352407
0.356222
0.355888
0.358870
0.360608
0.355811
0.363179
0.364655
0.363855
0.364877
0.366074
0.366457
0.372299
0.373512
0.369494
0.373907
0.374278
0.375374
0.378704
0.379207
0.380476
0.382991
0.382090
0.384232
0.385058
0.384966
0.386061
0.391235
0.390224
0.389039
0.396421
0.393790
0.392212
0.395128
0.399364
0.400019
0.401456
0.399329
0.403548
0.402244
0.402576
0.407059
0.408061
0.407969
0.408626
0.412292
0.410876
0.413962
0.412698
0.414284
0.417083
0.417233
0.415432
0.420785
0.422192
0.421046
0.422533
0.423372
0.424415
0.426114
0.428040
0.429592
0.431633
0.431798
0.430351
0.431795
0.433213
0.434090
0.440013
0.438348
0.436423
0.440490
0.440810
0.442130
0.443458
0.442380
0.445616
0.445573
0.448130
0.447420
0.449727
0.450809
0.449119
0.450110
0.455312
0.453431
0.458180
0.452615
0.457219
0.457229
0.460507
0.459499
0.461122
0.462138
0.460753
0.463334
0.465879
0.466564
0.465462
0.466931
0.466316
0.466659
0.470747
0.472952
0.471885
0.473876
0.472792
0.474808
0.475213
0.476491
0.475799
0.477101
0.479002
0.478961
0.478985
0.479773
0.484518
0.485725
0.484524
0.481634
0.482576
0.488861
0.488767
0.490244
0.490117
0.486441
0.487401
0.492528
0.491312
0.495321
0.494691
0.494139
0.492801
0.497432
0.495983
0.499202
0.496444
0.498805
0.503187
0.499933
0.500072
0.499162
0.501846
0.504153
0.505414
0.502505
0.502676
0.505112
0.503834
0.506390
0.510106
0.510808
0.508096
0.507307
0.509984
0.510309
0.510278
0.510632
0.512707
0.510482
0.511392
0.513086
0.514425
0.514195
0.514036
0.516004
0.514643
0.518381
0.518202
0.518238
0.514873
0.518278
0.515520
0.518692
0.519215
0.521403
0.519725
0.519349
0.523621
0.520477
0.520314
0.518958
0.522377
0.520514
0.524025
0.522913
0.528233
0.525323
0.522958
0.523847
0.522988
0.525273
0.523853
0.524690
0.525196
0.526866
0.531309
0.526882
0.529660
0.530700
0.529721
0.528337
0.529413
0.526922
0.527228
0.529228
0.526625
0.526198
0.528618
0.525387
0.528583
0.529549
0.526900
0.527179
0.525594
0.525451
0.531394
0.529521
0.528109
0.527654
0.529301
0.526197
0.529854
0.530321
0.526339
0.529732
0.528710
0.527194
0.528960
0.527989
0.528043
0.526569
0.527655
0.525580
0.530897
0.528749
0.527482
0.527850
0.525446
0.527465
0.527481
0.529450
0.526689
0.527322
0.526925
0.525017
0.525978
0.523195
0.527692
0.527037
0.525815
0.521567
0.524754
0.522365
0.522976
0.525396
0.524544
0.520782
0.520449
0.521267
0.520559
0.522173
0.520204
0.520227
0.516203
0.520271
0.520092
0.517773
0.517389
0.517740
0.518355
0.513584
0.513940
0.516051
0.515013
0.514500
0.513810
0.511875
0.510316
0.511364
0.512232
0.508065
0.509138
0.511600
0.507557
0.507370
0.508198
0.504506
0.505104
0.504375
0.506676
0.501567
0.502048
0.500877
0.500331
0.501580
0.499196
0.497703
0.498783
0.498622
0.493630
0.497315
0.495531
0.495184
0.493111
0.491700
0.491708
0.490737
0.488406
0.488925
0.487963
0.484835
0.486391
0.481729
0.483254
0.482699
0.481514
0.483229
0.479092
0.476293
0.478109
0.478166
0.475855
0.476112
0.472098
0.470531
0.474157
0.470764
0.469135
0.466788
0.466534
0.466371
0.465991
0.462925
0.460122
0.463359
0.456900
0.460728
0.456889
0.458024
0.455548
0.450869
0.451727
0.452298
0.451005
0.448055
0.445815
0.448244
0.444667
0.443264
0.440561
0.441153
0.440790
0.438136
0.439049
0.435742
0.432500
0.434014
0.433264
0.430512
0.426115
0.429808
0.432794
0.423387
0.419619
0.417944
0.417327
0.420075
0.416814
0.414433
0.414322
0.409173
0.406074
0.406714
0.409230
0.405506
0.403437
0.398642
0.400589
0.397767
0.398100
0.392134
0.393329
0.392381
0.386474
0.387308
0.387732
0.385669
0.380087
0.381219
0.378602
0.376155
0.374037
0.372410
0.371476
0.370224
0.370424
0.364107
0.363634
0.364023
0.358453
0.356855
0.355500
0.355785
0.353562
0.349358
0.350511
0.348109
0.344295
0.344158
0.342945
0.340977
0.336064
0.334663
0.332933
0.334021
0.329890
0.328065
0.325254
0.323888
0.321632
0.322556
0.319178
0.316895
0.314681
0.309915
0.307736
0.308215
0.305475
0.306484
0.301233
0.300249
0.294578
0.295027
0.293551
0.292603
0.289991
0.287318
0.286058
0.279487
0.282241
0.279192
0.277165
0.272315
0.272159
0.270299
0.267905
0.265603
0.261808
0.261418
0.261819
0.257477
0.254728
0.250463
0.247957
0.251663
0.245161
0.243379
0.238456
0.238059
0.236609
0.233922
0.230687
0.228991
0.228561
0.222984
0.222731
0.220169
0.216322
0.216696
0.211622
0.209756
0.209757
0.203390
0.203576
0.202425
0.199471
0.194654
0.197396
0.188625
0.188465
0.187503
0.179195
0.184040
0.178237
0.175111
0.175921
0.174126
0.166638
0.163901
0.164702
0.160530
0.158347
0.156316
0.154709
0.151862
0.148166
0.145624
0.145463
0.139806
0.140445
0.136445
0.134695
0.131943
0.131028
0.125067
0.125223
0.121516
0.118309
0.117190
0.114958
0.110084
0.109955
0.104781
0.103886
0.102929
0.096109
0.097260
0.097366
0.091575
0.090469
0.085419
0.082198
0.080767
0.080903
0.074898
0.074928
0.071454
0.070517
0.068602
0.058850
0.064109
0.058065
0.055985
0.053403
0.050019
0.050721
0.046557
0.039152
0.038937
0.038474
0.035887
0.028406
0.031387
0.028182
0.024875
0.019730
0.017952
0.016375
0.012461
0.011527
0.009201
0.005847
0.001344
0.000526
-0.000655
-0.008254
-0.008121
-0.009406
-0.011985
-0.021346
-0.015966
-0.022968
-0.025556
-0.024436
-0.032445
-0.034701
-0.033073
-0.038656
-0.043291
-0.042935
-0.046898
-0.050619
-0.053118
-0.055791
-0.055890
-0.059315
-0.064743
-0.065008
-0.071104
-0.067930
-0.075107
-0.077608
-0.081996
-0.081978
-0.082673
-0.089001
-0.093803
-0.093915
-0.092833
-0.098128
-0.104665
-0.102112
-0.106460
-0.109047
-0.114107
-0.113437
-0.120558
-0.122061
-0.121429
-0.128698
-0.123337
-0.129663
-0.137991
-0.138823
-0.137299
-0.142450
-0.144641
-0.148023
-0.154090
-0.153050
-0.153394
-0.160781
-0.161200
-0.160943
-0.167269
-0.167949
-0.170553
-0.174787
-0.177650
-0.180368
-0.180743
-0.186494
-0.184414
-0.190982
-0.195106
-0.196218
-0.195809
-0.201879
-0.200817
-0.208283
-0.208975
-0.207483
-0.214070
-0.218639
-0.217065
-0.223236
-0.224917
-0.224921
-0.228580
-0.230411
-0.233966
-0.238816
-0.238179
-0.242873
-0.242957
-0.248121
-0.252253
-0.248935
-0.252613
-0.257749
-0.260431
-0.259866
-0.262777
-0.269738
-0.268707
-0.270700
-0.272806
-0.275646
-0.280033
-0.286835
-0.279347
-0.284059
-0.294393
-0.290320
-0.291828
-0.298249
-0.301152
-0.302582
-0.304177
-0.305577
-0.306774
-0.312797
-0.313116
-0.315287
-0.317037
-0.325079
-0.322873
-0.321049
-0.329800
-0.331309
-0.332238
-0.337484
-0.333509
-0.339219
-0.343565
-0.344842
-0.348680
-0.349817
-0.347470
-0.352915
-0.359446
-0.355225
-0.357918
-0.363725
-0.368053
-0.366694
-0.368293
-0.371188
-0.373459
-0.376536
-0.380613
-0.381891
-0.380849
-0.383353
-0.383937
-0.388609
-0.396220
-0.388265
-0.394221
-0.399997
-0.397582
-0.403026
-0.406021
-0.404290
-0.406337
-0.411507
-0.411171
-0.412931
-0.419142
-0.416309
-0.420914
-0.423144
-0.423843
-0.425020
-0.430265
-0.432432
-0.427555
-0.434638
-0.439306
-0.436121
-0.438153
-0.442977
-0.444672
-0.446916
-0.442714
-0.451629
-0.449373
-0.453712
-0.454841
-0.458100
-0.454768
-0.457203
-0.463109
-0.464250
-0.461159
-0.468835
-0.468591
-0.469973
-0.468545
-0.475637
-0.473934
-0.478336
-0.473224
-0.480401
-0.483071
-0.482737
-0.484927
-0.483777
-0.485931
-0.494751
-0.491198
-0.488750
-0.496507
-0.498289
-0.496464
-0.499870
-0.500524
-0.506182
-0.502602
-0.502786
-0.509076
-0.510116
-0.509113
-0.511476
-0.512636
-0.517028
-0.512701
-0.513695
-0.523933
-0.521195
-0.519736
-0.520924
-0.523680
-0.523099
-0.528787
-0.529561
-0.527005
-0.530082
-0.530135
-0.532943
-0.533991
-0.535267
-0.536571
-0.539267
-0.535442
-0.539179
-0.538045
-0.543243
-0.545653
-0.542692
-0.542617
-0.545177
-0.547254
-0.548635
-0.550585
-0.550965
-0.553934
-0.549800
-0.557580
-0.554865
-0.553105
-0.556496
-0.561541
-0.556995
-0.560321
-0.561553
-0.556777
-0.561116
-0.564220
-0.563907
-0.566747
-0.567349
-0.567016
-0.569017
-0.564431
-0.568827
-0.570146
-0.568542
-0.572395
-0.570004
-0.572900
-0.569453
-0.576366
-0.574437
-0.574627
-0.575872
-0.575488
-0.575413
-0.579195
-0.583713
-0.579587
-0.573433
-0.582783
-0.580094
-0.580349
-0.581350
-0.580335
-0.585238
-0.584009
-0.582510
-0.583557
-0.584635
-0.582768
-0.583442
-0.588684
-0.584020
-0.585972
-0.581628
-0.587488
-0.588777
-0.581771
-0.587342
-0.584637
-0.589406
-0.588104
-0.586005
-0.585310
-0.588206
-0.587682
-0.587718
-0.589145
-0.585022
-0.591550
-0.589140
-0.584927
-0.591663
-0.587068
-0.588675
-0.588704
-0.587555
-0.590194
-0.590075
-0.590810
-0.583842
-0.590391
-0.590483
-0.587860
-0.591961
-0.586546
-0.591012
-0.587682
-0.589667
-0.588422
-0.589250
-0.587702
-0.589221
-0.588931
-0.587189
-0.589406
-0.585339
-0.587711
-0.587074
-0.586162
-0.588505
-0.586034
-0.582916
-0.588452
-0.583148
-0.585080
-0.584167
-0.583806
-0.581993
-0.586196
-0.581621
-0.579634
-0.580360
-0.582251
-0.581699
-0.579421
-0.577619
-0.578325
-0.579553
-0.576804
-0.576521
-0.578966
-0.577634
-0.576102
-0.571063
-0.576094
-0.574844
-0.567681
-0.574089
-0.572938
-0.565874
-0.570438
-0.569902
-0.567908
-0.566181
-0.567365
-0.562280
-0.562521
-0.565817
-0.563822
-0.564524
-0.557446
-0.561989
-0.559358
-0.556166
-0.557875
-0.556358
-0.555161
-0.553034
-0.553030
-0.552518
-0.551579
-0.550613
-0.545069
-0.548649
-0.546982
-0.546170
-0.541104
-0.542819
-0.543092
-0.540399
-0.537855
-0.541015
-0.538529
-0.534470
-0.534736
-0.533416
-0.532556
-0.530817
-0.527993
-0.529383
-0.527838
-0.524087
-0.522622
-0.520921
-0.523220
-0.520291
-0.519444
-0.511237
-0.516792
-0.514492
-0.511784
-0.515341
-0.509900
-0.506689
-0.505438
-0.505888
-0.500510
-0.504346
-0.500341
-0.499764
-0.494239
-0.497173
-0.493232
-0.491428
-0.490245
-0.489654
-0.486793
-0.485370
-0.486303
-0.479695
-0.481297
-0.479797
-0.475143
-0.477493
-0.469835
-0.473225
-0.470010
-0.464536
-0.466712
-0.465871
-0.461187
-0.454707
-0.458126
-0.457337
-0.451256
-0.455544
-0.447675
-0.450406
-0.444884
-0.445579
-0.439618
-0.439933
-0.441897
-0.437118
-0.433574
-0.435078
-0.432937
-0.428663
-0.427636
-0.424713
-0.420161
-0.421495
-0.418665
-0.419870
-0.417114
-0.410066
-0.411410
-0.411451
-0.407457
-0.404217
-0.405989
-0.400499
-0.401612
-0.394727
-0.396712
-0.391584
-0.390673
-0.389762
-0.386833
-0.382604
-0.382232
-0.381267
-0.376763
-0.376540
-0.373044
-0.372489
-0.366673
-0.365360
-0.366673
-0.364523
-0.358821
-0.355902
-0.353294
-0.357867
-0.350186
-0.348707
-0.346926
-0.344781
-0.341872
-0.337652
-0.341156
-0.335200
-0.332656
-0.331660
-0.323777
-0.330803
-0.322166
-0.322615
-0.319205
-0.314081
-0.315400
-0.310669
-0.305796
-0.309548
-0.305457
-0.301981
-0.298797
-0.303227
-0.292771
-0.291967
-0.290988
-0.286656
-0.287900
-0.280449
-0.283125
-0.273701
-0.277079
-0.274874
-0.265391
-0.269145
-0.261818
-0.269710
-0.256924
-0.255673
-0.254151
-0.254660
-0.248188
-0.245303
-0.251163
-0.237185
-0.240697
-0.235901
-0.233819
-0.233428
-0.229817
-0.224819
-0.223714
-0.225008
-0.217605
-0.212032
-0.215596
-0.211725
-0.207740
-0.202635
-0.205188
-0.201645
-0.197384
-0.197556
-0.193700
-0.189268
-0.185686
-0.184378
-0.182364
-0.180495
-0.174654
-0.180147
-0.170397
-0.169495
-0.166208
-0.161548
-0.162194
-0.158451
-0.157797
-0.154293
-0.150301
-0.145525
-0.144027
-0.144932
-0.139033
-0.134301
-0.135746
-0.135953
-0.131689
-0.122284
-0.125883
-0.122771
-0.117583
-0.117193
-0.115248
-0.111156
-0.108197
-0.102744
-0.107418
-0.095276
-0.100121
-0.092335
-0.093629
-0.091179
-0.087068
-0.087477
-0.078357
-0.079703
-0.075011
-0.073330
-0.072127
-0.066052
-0.070027
-0.063042
-0.060072
-0.056307
-0.056697
-0.053067
-0.049939
-0.043794
-0.051649
-0.040562
-0.041013
-0.035699
-0.032814
-0.032484
-0.030084
-0.025033
-0.023428
-0.022096
-0.019891
-0.014339
-0.013094
-0.015179
-0.006823
-0.003839
-0.004549
-0.004417
0.005713
0.004121
0.007051
0.010249
0.011747
0.013729
0.018545
0.020705
0.019363
0.025444
0.027105
0.031355
0.032633
0.035464
0.037167
0.038578
0.042939
0.048794
0.045983
0.050186
0.052514
0.054686
0.055979
0.060340
0.066777
0.066804
0.065257
0.067720
0.072354
0.073133
0.078556
0.079157
0.086962
0.084449
0.084013
0.091336
0.088943
0.100090
0.095307
0.099710
0.101618
0.108378
0.099257
0.108452
0.114676
0.111724
0.117599
0.116420
0.122927
0.124390
0.123698
0.123989
0.133829
0.134359
0.128742
0.139142
0.136740
0.145528
0.147267
0.138646
0.146995
0.156192
0.151584
0.152526
0.158586
0.153911
0.162457
0.169204
0.161393
0.165074
0.176940
0.167599
0.175164
0.177420
0.176809
0.180076
0.182704
0.188415
0.182264
0.190414
0.190659
0.192926
0.199872
0.189133
0.204339
0.204577
0.197524
0.200516
0.212705
0.212966
0.206480
0.216946
0.207352
0.221719
0.222961
0.216012
0.223987
0.222542
0.233477
0.226422
0.224268
0.233829
0.235036
0.241013
0.234809
0.237598
0.238522
0.243978
0.247583
0.244957
0.245433
0.258358
0.249334
0.254943
0.254895
0.256269
0.263911
0.255625
0.263322
0.263861
0.272766
0.265849
0.267723
0.269674
0.271201
0.275521
0.275815
0.278115
0.275708
0.285718
0.280946
0.275970
0.286506
0.283235
0.297060
0.286208
0.294653
0.284822
0.294223
0.297394
0.301117
0.289174
0.302575
0.302622
0.302477
0.305696
0.299893
0.306108
0.309161
0.301742
0.313727
0.308616
0.313996
0.307254
0.316609
0.321795
0.316505
0.304289
0.321285
0.320568
0.336833
0.310155
0.329335
0.317881
0.322856
0.329114
0.325077
0.328953
0.335181
0.329956
0.331364
0.336765
0.328398
0.332107
0.331303
0.337324
0.346033
0.335787
0.338302
0.335540
0.343340
0.333509
0.347452
0.342143
0.349465
0.342699
0.351435
0.339069
0.344956
0.348890
0.347303
0.351963
0.345446
0.359627
0.351111
0.336975
0.362678
0.350360
0.350201
0.365641
0.345283
0.356671
0.353987
0.355837
0.365538
0.347598
0.360939
0.353793
0.351570
0.361564
0.359881
0.361419
0.354123
0.361758
0.358898
0.367617
0.351104
0.363657
0.366509
0.380942
0.348979
0.356672
0.363142
0.364947
0.355593
0.375141
0.370852
0.349117
0.362985
0.371185
0.355718
0.370468
0.359927
0.367538
0.364919
0.355835
0.380483
0.349076
0.374775
0.360056
0.370402
0.360056
0.374775
0.349076
0.380483
0.355835
0.364919
0.367538
0.359927
0.370468
0.355718
0.371185
0.362985
0.349117
0.370852
0.375141
0.355593
0.364947
0.363142
0.356672
0.348979
0.380942
0.366509
0.363657
0.351104
0.367617
0.358898
0.361758
0.354123
0.361419
0.359881
0.361564
0.351570
0.353793
0.360939
0.347598
0.365538
0.355837
0.353987
0.356671
0.345283
0.365641
0.350201
0.350360
0.362678
0.336975
0.351111
0.359627
0.345446
0.351963
0.347303
0.348890
0.344956
0.339069
0.351435
0.342699
0.349465
0.342143
0.347452
0.333509
0.343340
0.335540
0.338302
0.335787
0.346033
0.337324
0.331303
0.332107
0.328398
0.336765
0.331364
0.329956
0.335181
0.328953
0.325077
0.329114
0.322856
0.317881
0.329335
0.310155
0.336833
0.320568
0.321285
0.304289
0.316505
0.321795
0.316609
0.307254
0.313996
0.308616
0.313727
0.301742
0.309161
0.306108
0.299893
0.305696
0.302477
0.302622
0.302575
0.289174
0.301117
0.297394
0.294223
0.284822
0.294653
0.286208
0.297060
0.283235
0.286506
0.275970
0.280946
0.285718
0.275708
0.278115
0.275815
0.275521
0.271201
0.269674
0.267723
0.265849
0.272766
0.263861
0.263322
0.255625
0.263911
0.256269
0.254895
0.254943
0.249334
0.258358
0.245433
0.244957
0.247583
0.243978
0.238522
0.237598
0.234809
0.241013
0.235036
0.233829
0.224268
0.226422
0.233477
0.222542
0.223987
0.216012
0.222961
0.221719
0.207352
0.216946
0.206480
0.212966
0.212705
0.200516
0.197524
0.204577
0.204339
0.189133
0.199872
0.192926
0.190659
0.190414
0.182264
0.188415
0.182704
0.180076
0.176809
0.177420
0.175164
0.167599
0.176940
0.165074
0.161393
0.169204
0.162457
0.153911
0.158586
0.152526
0.151584
0.156192
0.146995
0.138646
0.147267
0.145528
0.136740
0.139142
0.128742
0.134359
0.133829
0.123989
0.123698
0.124390
0.122927
0.116420
0.117599
0.111724
0.114676
0.108452
0.099257
0.108378
0.101618
0.099710
0.095307
0.100090
0.088943
0.091336
0.084013
0.084449
0.086962
0.079157
0.078556
0.073133
0.072354
0.067720
0.065257
0.066804
0.066777
0.060340
0.055979
0.054686
0.052514
0.050186
0.045983
0.048794
0.042939
0.038578
0.037167
0.035464
0.032633
0.031355
0.027105
0.025444
0.019363
0.020705
0.018545
0.013729
0.011747
0.010249
0.007051
0.004121
0.005713
-0.004417
-0.004549
-0.003839
-0.006823
-0.015179
-0.013094
-0.014339
-0.019891
-0.022096
-0.023428
-0.025033
-0.030084
-0.032484
-0.032814
-0.035699
-0.041013
-0.040562
-0.051649
-0.043794
-0.049939
-0.053067
-0.056697
-0.056307
-0.060072
-0.063042
-0.070027
-0.066052
-0.072127
-0.073330
-0.075011
-0.079703
-0.078357
-0.087477
-0.087068
-0.091179
-0.093629
-0.092335
-0.100121
-0.095276
-0.107418
-0.102744
-0.108197
-0.111156
-0.115248
-0.117193
-0.117583
-0.122771
-0.125883
-0.122284
-0.131689
-0.135953
-0.135746
-0.134301
-0.139033
-0.144932
-0.144027
-0.145525
-0.150301
-0.154293
-0.157797
-0.158451
-0.162194
-0.161548
-0.166208
-0.169495
-0.170397
-0.180147
-0.174654
-0.180495
-0.182364
-0.184378
-0.185686
-0.189268
-0.193700
-0.197556
-0.197384
-0.201645
-0.205188
-0.202635
-0.207740
-0.211725
-0.215596
-0.212032
-0.217605
-0.225008
-0.223714
-0.224819
-0.229817
-0.233428
-0.233819
-0.235901
-0.240697
-0.237185
-0.251163
-0.245303
-0.248188
-0.254660
-0.254151
-0.255673
-0.256924
-0.269710
-0.261818
-0.269145
-0.265391
-0.274874
-0.277079
-0.273701
-0.283125
-0.280449
-0.287900
-0.286656
-0.290988
-0.291967
-0.292771
-0.303227
-0.298797
-0.301981
-0.305457
-0.309548
-0.305796
-0.310669
-0.315400
-0.314081
-0.319205
-0.322615
-0.322166
-0.330803
-0.323777
-0.331660
-0.332656
-0.335200
-0.341156
-0.337652
-0.341872
-0.344781
-0.346926
-0.348707
-0.350186
-0.357867
-0.353294
-0.355902
-0.358821
-0.364523
-0.366673
-0.365360
-0.366673
-0.372489
-0.373044
-0.376540
-0.376763
-0.381267
-0.382232
-0.382604
-0.386833
-0.389762
-0.390673
-0.391584
-0.396712
-0.394727
-0.401612
-0.400499
-0.405989
-0.404217
-0.407457
-0.411451
-0.411410
-0.410066
-0.417114
-0.419870
-0.418665
-0.421495
-0.420161
-0.424713
-0.427636
-0.428663
-0.432937
-0.435078
-0.433574
-0.437118
-0.441897
-0.439933
-0.439618
-0.445579
-0.444884
-0.450406
-0.447675
-0.455544
-0.451256
-0.457337
-0.458126
-0.454707
-0.461187
-0.465871
-0.466712
-0.464536
-0.470010
-0.473225
-0.469835
-0.477493
-0.475143
-0.479797
-0.481297
-0.479695
-0.486303
-0.485370
-0.486793
-0.489654
-0.490245
-0.491428
-0.493232
-0.497173
-0.494239
-0.499764
-0.500341
-0.504346
-0.500510
-0.505888
-0.505438
-0.506689
-0.509900
-0.515341
-0.511784
-0.514492
-0.516792
-0.511237
-0.519444
-0.520291
-0.523220
-0.520921
-0.522622
-0.524087
-0.527838
-0.529383
-0.527993
-0.530817
-0.532556
-0.533416
-0.534736
-0.534470
-0.538529
-0.541015
-0.537855
-0.540399
-0.543092
-0.542819
-0.541104
-0.546170
-0.546982
-0.548649
-0.545069
-0.550613
-0.551579
-0.552518
-0.553030
-0.553034
-0.555161
-0.556358
-0.557875
-0.556166
-0.559358
-0.561989
-0.557446
-0.564524
-0.563822
-0.565817
-0.562521
-0.562280
-0.567365
-0.566181
-0.567908
-0.569902
-0.570438
-0.565874
-0.572938
-0.574089
-0.567681
-0.574844
-0.576094
-0.571063
-0.576102
-0.577634
-0.578966
-0.576521
-0.576804
-0.579553
-0.578325
-0.577619
-0.579421
-0.581699
-0.582251
-0.580360
-0.579634
-0.581621
-0.586196
-0.581993
-0.583806
-0.584167
-0.585080
-0.583148
-0.588452
-0.582916
-0.586034
-0.588505
-0.586162
-0.587074
-0.587711
-0.585339
-0.589406
-0.587189
-0.588931
-0.589221
-0.587702
-0.589250
-0.588422
-0.589667
-0.587682
-0.591012
-0.586546
-0.591961
-0.587860
-0.590483
-0.590391
-0.583842
-0.590810
-0.590075
-0.590194
-0.587555
-0.588704
-0.588675
-0.587068
-0.591663
-0.584927
-0.589140
-0.591550
-0.585022
-0.589145
-0.587718
-0.587682
-0.588206
-0.585310
-0.586005
-0.588104
-0.589406
-0.584637
-0.587342
-0.581771
-0.588777
-0.587488
-0.581628
-0.585972
-0.584020
-0.588684
-0.583442
-0.582768
-0.584635
-0.583557
-0.582510
-0.584009
-0.585238
-0.580335
-0.581350
-0.580349
-0.580094
-0.582783
-0.573433
-0.579587
-0.583713
-0.579195
-0.575413
-0.575488
-0.575872
-0.574627
-0.574437
-0.576366
-0.569453
-0.572900
-0.570004
-0.572395
-0.568542
-0.570146
-0.568827
-0.564431
-0.569017
-0.567016
-0.567349
-0.566747
-0.563907
-0.564220
-0.561116
-0.556777
-0.561553
-0.560321
-0.556995
-0.561541
-0.556496
-0.553105
-0.554865
-0.557580
-0.549800
-0.553934
-0.550965
-0.550585
-0.548635
-0.547254
-0.545177
-0.542617
-0.542692
-0.545653
-0.543243
-0.538045
-0.539179
-0.535442
-0.539267
-0.536571
-0.535267
-0.533991
-0.532943
-0.530135
-0.530082
-0.527005
-0.529561
-0.528787
-0.523099
-0.523680
-0.520924
-0.519736
-0.521195
-0.523933
-0.513695
-0.512701
-0.517028
-0.512636
-0.511476
-0.509113
-0.510116
-0.509076
-0.502786
-0.502602
-0.506182
-0.500524
-0.499870
-0.496464
-0.498289
-0.496507
-0.488750
-0.491198
-0.494751
-0.485931
-0.483777
-0.484927
-0.482737
-0.483071
-0.480401
-0.473224
-0.478336
-0.473934
-0.475637
-0.468545
-0.469973
-0.468591
-0.468835
-0.461159
-0.464250
-0.463109
-0.457203
-0.454768
-0.458100
-0.454841
-0.453712
-0.449373
-0.451629
-0.442714
-0.446916
-0.444672
-0.442977
-0.438153
-0.436121
-0.439306
-0.434638
-0.427555
-0.432432
-0.430265
-0.425020
-0.423843
-0.423144
-0.420914
-0.416309
-0.419142
-0.412931
-0.411171
-0.411507
-0.406337
-0.404290
-0.406021
-0.403026
-0.397582
-0.399997
-0.394221
-0.388265
-0.396220
-0.388609
-0.383937
-0.383353
-0.380849
-0.381891
-0.380613
-0.376536
-0.373459
-0.371188
-0.368293
-0.366694
-0.368053
-0.363725
-0.357918
-0.355225
-0.359446
-0.352915
-0.347470
-0.349817
-0.348680
-0.344842
-0.343565
-0.339219
-0.333509
-0.337484
-0.332238
-0.331309
-0.329800
-0.321049
-0.322873
-0.325079
-0.317037
-0.315287
-0.313116
-0.312797
-0.306774
-0.305577
-0.304177
-0.302582
-0.301152
-0.298249
-0.291828
-0.290320
-0.294393
-0.284059
-0.279347
-0.286835
-0.280033
-0.275646
-0.272806
-0.270700
-0.268707
-0.269738
-0.262777
-0.259866
-0.260431
-0.257749
-0.252613
-0.248935
-0.252253
-0.248121
-0.242957
-0.242873
-0.238179
-0.238816
-0.233966
-0.230411
-0.228580
-0.224921
-0.224917
-0.223236
-0.217065
-0.218639
-0.214070
-0.207483
-0.208975
-0.208283
-0.200817
-0.201879
-0.195809
-0.196218
-0.195106
-0.190982
-0.184414
-0.186494
-0.180743
-0.180368
-0.177650
-0.174787
-0.170553
-0.167949
-0.167269
-0.160943
-0.161200
-0.160781
-0.153394
-0.153050
-0.154090
-0.148023
-0.144641
-0.142450
-0.137299
-0.138823
-0.137991
-0.129663
-0.123337
-0.128698
-0.121429
-0.122061
-0.120558
-0.113437
-0.114107
-0.109047
-0.106460
-0.102112
-0.104665
-0.098128
-0.092833
-0.093915
-0.093803
-0.089001
-0.082673
-0.081978
-0.081996
-0.077608
-0.075107
-0.067930
-0.071104
-0.065008
-0.064743
-0.059315
-0.055890
-0.055791
-0.053118
-0.050619
-0.046898
-0.042935
-0.043291
-0.038656
-0.033073
-0.034701
-0.032445
-0.024436
-0.025556
-0.022968
-0.015966
-0.021346
-0.011985
-0.009406
-0.008121
-0.008254
-0.000655
0.000526
0.001344
0.005847
0.009201
0.011527
0.012461
0.016375
0.017952
0.019730
0.024875
0.028182
0.031387
0.028406
0.035887
0.038474
0.038937
0.039152
0.046557
0.050721
0.050019
0.053403
0.055985
0.058065
0.064109
0.058850
0.068602
0.070517
0.071454
0.074928
0.074898
0.080903
0.080767
0.082198
0.085419
0.090469
0.091575
0.097366
0.097260
0.096109
0.102929
0.103886
0.104781
0.109955
0.110084
0.114958
0.117190
0.118309
0.121516
0.125223
0.125067
0.131028
0.131943
0.134695
0.136445
0.140445
0.139806
0.145463
0.145624
0.148166
0.151862
0.154709
0.156316
0.158347
0.160530
0.164702
0.163901
0.166638
0.174126
0.175921
0.175111
0.178237
0.184040
0.179195
0.187503
0.188465
0.188625
0.197396
0.194654
0.199471
0.202425
0.203576
0.203390
0.209757
0.209756
0.211622
0.216696
0.216322
0.220169
0.222731
0.222984
0.228561
0.228991
0.230687
0.233922
0.236609
0.238059
0.238456
0.243379
0.245161
0.251663
0.247957
0.250463
0.254728
0.257477
0.261819
0.261418
0.261808
0.265603
0.267905
0.270299
0.272159
0.272315
0.277165
0.279192
0.282241
0.279487
0.286058
0.287318
0.289991
0.292603
0.293551
0.295027
0.294578
0.300249
0.301233
0.306484
0.305475
0.308215
0.307736
0.309915
0.314681
0.316895
0.319178
0.322556
0.321632
0.323888
0.325254
0.328065
0.329890
0.334021
0.332933
0.334663
0.336064
0.340977
0.342945
0.344158
0.344295
0.348109
0.350511
0.349358
0.353562
0.355785
0.355500
0.356855
0.358453
0.364023
0.363634
0.364107
0.370424
0.370224
0.371476
0.372410
0.374037
0.376155
0.378602
0.381219
0.380087
0.385669
0.387732
0.387308
0.386474
0.392381
0.393329
0.392134
0.398100
0.397767
0.400589
0.398642
0.403437
0.405506
0.409230
0.406714
0.406074
0.409173
0.414322
0.414433
0.416814
0.420075
0.417327
0.417944
0.419619
0.423387
0.432794
0.429808
0.426115
0.430512
0.433264
0.434014
0.432500
0.435742
0.439049
0.438136
0.440790
0.441153
0.440561
0.443264
0.444667
0.448244
0.445815
0.448055
0.451005
0.452298
0.451727
0.450869
0.455548
0.458024
0.456889
0.460728
0.456900
0.463359
0.460122
0.462925
0.465991
0.466371
0.466534
0.466788
0.469135
0.470764
0.474157
0.470531
0.472098
0.476112
0.475855
0.478166
0.478109
0.476293
0.479092
0.483229
0.481514
0.482699
0.483254
0.481729
0.486391
0.484835
0.487963
0.488925
0.488406
0.490737
0.491708
0.491700
0.493111
0.495184
0.495531
0.497315
0.493630
0.498622
0.498783
0.497703
0.499196
0.501580
0.500331
0.500877
0.502048
0.501567
0.506676
0.504375
0.505104
0.504506
0.508198
0.507370
0.507557
0.511600
0.509138
0.508065
0.512232
0.511364
0.510316
0.511875
0.513810
0.514500
0.515013
0.516051
0.513940
0.513584
0.518355
0.517740
0.517389
0.517773
0.520092
0.520271
0.516203
0.520227
0.520204
0.522173
0.520559
0.521267
0.520449
0.520782
0.524544
0.525396
0.522976
0.522365
0.524754
0.521567
0.525815
0.527037
0.527692
0.523195
0.525978
0.525017
0.526925
0.527322
0.526689
0.529450
0.527481
0.527465
0.525446
0.527850
0.527482
0.528749
0.530897
0.525580
0.527655
0.526569
0.528043
0.527989
0.528960
0.527194
0.528710
0.529732
0.526339
0.530321
0.529854
0.526197
0.529301
0.527654
0.528109
0.529521
0.531394
0.525451
0.525594
0.527179
0.526900
0.529549
0.528583
0.525387
0.528618
0.526198
0.526625
0.529228
0.527228
0.526922
0.529413
0.528337
0.529721
0.530700
0.529660
0.526882
0.531309
0.526866
0.525196
0.524690
0.523853
0.525273
0.522988
0.523847
0.522958
0.525323
0.528233
0.522913
0.524025
0.520514
0.522377
0.518958
0.520314
0.520477
0.523621
0.519349
0.519725
0.521403
0.519215
0.518692
0.515520
0.518278
0.514873
0.518238
0.518202
0.518381
0.514643
0.516004
0.514036
0.514195
0.514425
0.513086
0.511392
0.510482
0.512707
0.510632
0.510278
0.510309
0.509984
0.507307
0.508096
0.510808
0.510106
0.506390
0.503834
0.505112
0.502676
0.502505
0.505414
0.504153
0.501846
0.499162
0.500072
0.499933
0.503187
0.498805
0.496444
0.499202
0.495983
0.497432
0.492801
0.494139
0.494691
0.495321
0.491312
0.492528
0.487401
0.486441
0.490117
0.490244
0.488767
0.488861
0.482576
0.481634
0.484524
0.485725
0.484518
0.479773
0.478985
0.478961
0.479002
0.477101
0.475799
0.476491
0.475213
0.474808
0.472792
0.473876
0.471885
0.472952
0.470747
0.466659
0.466316
0.466931
0.465462
0.466564
0.465879
0.463334
0.460753
0.462138
0.461122
0.459499
0.460507
0.457229
0.457219
0.452615
0.458180
0.453431
0.455312
0.450110
0.449119
0.450809
0.449727
0.447420
0.448130
0.445573
0.445616
0.442380
0.443458
0.442130
0.440810
0.440490
0.436423
0.438348
0.440013
0.434090
0.433213
0.431795
0.430351
0.431798
0.431633
0.429592
0.428040
0.426114
0.424415
0.423372
0.422533
0.421046
0.422192
0.420785
0.415432
0.417233
0.417083
0.414284
0.412698
0.413962
0.410876
0.412292
0.408626
0.407969
0.408061
0.407059
0.402576
0.402244
0.403548
0.399329
0.401456
0.400019
0.399364
0.395128
0.392212
0.393790
0.396421
0.389039
0.390224
0.391235
0.386061
0.384966
0.385058
0.384232
0.382090
0.382991
0.380476
0.379207
0.378704
0.375374
0.374278
0.373907
0.369494
0.373512
0.372299
0.366457
0.366074
0.364877
0.363855
0.364655
0.363179
0.355811
0.360608
0.358870
0.355888
0.356222
0.352407
0.351126
0.349782
0.350231
0.348622
0.345325
0.345650
0.345948
0.342189
0.338070
0.338961
0.341120
0.337952
0.334679
0.334306
0.333561
0.332541
0.330170
0.329072
0.328312
0.325794
0.327334
0.324209
0.321022
0.323307
0.321146
0.317316
0.316898
0.315411
0.315968
0.315135
0.310498
0.311836
0.309819
0.309587
0.305314
0.305653
0.305908
0.305093
0.301780
0.299148
0.298994
0.299011
0.296517
0.293419
0.292788
0.292193
0.291256
0.289873
0.289269
0.285653
0.286901
0.286056
0.283965
0.280852
0.278574
0.278685
0.278280
0.278937
0.274496
0.272539
0.275366
0.273398
0.268458
0.266907
0.267874
0.270654
0.264813
0.264119
0.261838
0.261795
0.260462
0.256473
0.258745
0.257082
0.256960
0.253149
0.250783
0.250354
0.248752
0.246282
0.249390
0.248029
0.245507
0.240119
0.242093
0.240852
0.240956
0.237686
0.236402
0.236094
0.233563
0.235927
0.232397
0.230426
0.228070
0.228748
0.228308
0.225023
0.225799
0.223970
0.222051
0.219429
0.220907
0.217289
0.217218
0.217152
0.215677
0.213712
0.210928
0.210873
0.213500
0.208977
0.208345
0.206538
0.204424
0.205455
0.203005
0.203078
0.199864
0.200315
0.199305
0.197735
0.199613
0.196054
0.194464
0.194074
0.194130
0.191059
0.190807
0.186926
0.190483
0.185051
0.185682
0.184901
0.182440
0.181813
0.181916
0.179983
0.180152
0.178598
0.173070
0.177660
0.173900
0.173171
0.172940
0.171735
0.168175
0.168891
0.164165
0.163731
0.164198
0.163976
0.161423
0.162007
0.161300
0.156189
0.156276
0.155559
0.156186
0.155930
0.153804
0.152528
0.152562
0.151987
0.145488
0.148643
0.143902
0.145950
0.142250
0.144691
0.142423
0.140904
0.140885
0.138494
0.139268
0.134583
0.136045
0.137729
0.137029
0.128242
0.129010
0.132853
0.129550
0.127810
0.128171
0.128226
0.122746
0.124150
0.124116
0.120050
0.120904
0.118887
0.119873
0.120192
0.116094
0.115786
0.115927
0.114902
0.113072
0.112358
0.111330
0.113055
0.109729
0.107137
0.107638
0.103537
0.104531
0.104895
0.106448
0.101590
0.101845
0.099812
0.099490
0.099557
0.098284
0.099154
0.094205
0.094498
0.096732
0.094740
0.093304
0.091008
0.089670
0.089855
0.087950
0.090316
0.090635
0.087509
0.086428
0.082183
0.083395
0.082873
0.083600
0.083690
0.080618
0.079271
0.077841
0.075925
0.077400
0.079324
0.080658
0.074400
0.072206
0.072026
0.073050
0.074537
0.072440
0.070770
0.071410
0.069698
0.067749
0.063738
0.067071
0.066457
0.066022
0.067036
0.064558
0.063424
0.059518
0.060444
0.061183
0.061820
0.059204
0.061534
0.057385
0.056006
0.056713
0.059563
0.053365
0.049961
0.052432
0.057727
0.056053
0.051399
0.053966
0.047065
0.047001
0.052261
0.053430
0.047441
0.046095
0.046831
0.047969
0.049496
0.046133
0.041941
0.041808
0.044502
0.044858
0.046186
0.046210
0.041900
0.037547
0.040342
0.037466
0.041880
0.040551
0.040566
0.041928
0.047420
0.057064
0.067696
0.060809


