M_loss: 5, M_sym: 4300.0, M_power: 9000, M_bandwidth: 22.3872113856834
0.027924
0.022397
0.024619
0.023250
0.024432
0.021326
0.020795
0.019477
0.018564
0.016208
0.014983
0.015044
0.015329
0.012990
0.016006
0.013099
0.011587
0.015393
0.014624
0.014664
0.016020
0.014886
0.013524
0.017258
0.016327
0.017006
0.016852
0.015805
0.017426
0.016223
0.017070
0.016877
0.017312
0.017318
0.018777
0.019332
0.017589
0.019897
0.018055
0.018324
0.020271
0.018980
0.020647
0.020062
0.017718
0.017710
0.019224
0.020529
0.021954
0.023849
0.023312
0.020837
0.022056
0.021079
0.022063
0.021793
0.021573
0.021908
0.022697
0.022851
0.024205
0.023336
0.025760
0.024922
0.023993
0.024179
0.023025
0.025464
0.024509
0.026635
0.024682
0.025137
0.028853
0.027989
0.025812
0.027946
0.027826
0.027147
0.024763
0.027211
0.026680
0.030100
0.029328
0.029269
0.029084
0.030738
0.031075
0.030876
0.028478
0.031055
0.031223
0.028646
0.030120
0.030427
0.029545
0.032788
0.032563
0.032341
0.032593
0.034331
0.034701
0.035043
0.036316
0.036274
0.033005
0.032625
0.033087
0.032898
0.033288
0.036744
0.034879
0.037275
0.035969
0.037011
0.036871
0.038320
0.039937
0.038676
0.038262
0.039177
0.038051
0.037895
0.037651
0.038492
0.038881
0.039734
0.040051
0.040990
0.041317
0.042604
0.041459
0.042557
0.042208
0.041565
0.041418
0.040481
0.042122
0.044312
0.043512
0.044344
0.044348
0.044905
0.044505
0.044523
0.045672
0.044901
0.045701
0.046227
0.046452
0.045689
0.045753
0.049263
0.046323
0.048976
0.049515
0.050322
0.048826
0.050018
0.049078
0.048666
0.049769
0.049647
0.049428
0.050542
0.049074
0.050222
0.051989
0.052459
0.052358
0.053600
0.053132
0.056561
0.054325
0.053313
0.054589
0.052808
0.054756
0.053399
0.055918
0.054507
0.057748
0.055814
0.053433
0.057279
0.057333
0.056841
0.057738
0.058842
0.059131
0.059677
0.058837
0.060653
0.059138
0.060979
0.060508
0.058283
0.059134
0.060225
0.060354
0.061759
0.062859
0.059920
0.061773
0.063101
0.064174
0.063013
0.064994
0.061975
0.065070
0.065500
0.065168
0.064418
0.066165
0.065115
0.066424
0.066678
0.068206
0.066424
0.066043
0.067174
0.065670
0.065030
0.068757
0.068745
0.069375
0.070507
0.070943
0.070712
0.070276
0.069271
0.070286
0.071509
0.071358
0.071398
0.071907
0.071585
0.071727
0.071701
0.072487
0.074574
0.070544
0.074086
0.073876
0.072211
0.073288
0.076062
0.077663
0.075323
0.076341
0.075702
0.075046
0.077724
0.078239
0.077059
0.074850
0.076965
0.080020
0.075889
0.076748
0.078829
0.079281
0.079715
0.079231
0.079403
0.079515
0.082215
0.079899
0.078295
0.081318
0.081374
0.080148
0.080991
0.082342
0.081400
0.083724
0.083508
0.085106
0.083697
0.082410
0.085022
0.085726
0.084950
0.082130
0.084644
0.082666
0.083003
0.084009
0.087159
0.083975
0.087173
0.086478
0.088966
0.085862
0.088242
0.089761
0.087953
0.085156
0.083527
0.087159
0.086565
0.091156
0.089799
0.090016
0.089473
0.090536
0.090583
0.086131
0.088630
0.088667
0.088079
0.089306
0.091514
0.092387
0.093041
0.093876
0.092549
0.088852
0.093222
0.092537
0.089626
0.092608
0.093713
0.092973
0.092897
0.092600
0.090902
0.092385
0.092200
0.094364
0.092503
0.093652
0.096308
0.096961
0.095659
0.096471
0.094548
0.093501
0.096502
0.094648
0.094024
0.095707
0.097092
0.094732
0.095518
0.095503
0.095138
0.094873
0.096437
0.096307
0.098163
0.097241
0.098934
0.099842
0.096847
0.098828
0.095890
0.096780
0.098902
0.096969
0.099046
0.098370
0.099570
0.098969
0.096958
0.096274
0.097981
0.098198
0.097406
0.098759
0.100989
0.099973
0.101801
0.099033
0.097169
0.100572
0.098103
0.101476
0.096453
0.097200
0.097743
0.098072
0.099566
0.100755
0.102497
0.102238
0.099692
0.101635
0.099863
0.100842
0.101413
0.099510
0.099472
0.100687
0.098032
0.096285
0.100037
0.099894
0.097771
0.100175
0.102218
0.100290
0.102522
0.103228
0.101458
0.100307
0.100225
0.102177
0.099481
0.098195
0.097639
0.096805
0.098720
0.098885
0.100500
0.099968
0.101515
0.100728
0.100581
0.101564
0.101539
0.098798
0.100987
0.099063
0.099506
0.099485
0.095308
0.096863
0.099058
0.099510
0.099948
0.099330
0.100650
0.098827
0.098119
0.099413
0.097653
0.097827
0.097625
0.098677
0.098320
0.099342
0.099727
0.096449
0.096999
0.094302
0.097415
0.096484
0.098606
0.094328
0.096311
0.096184
0.098453
0.097153
0.095442
0.097063
0.096668
0.093099
0.095403
0.097766
0.094487
0.095636
0.094044
0.091729
0.092507
0.095605
0.093144
0.092615
0.093291
0.096409
0.092695
0.092396
0.093032
0.089615
0.092309
0.092286
0.089358
0.092777
0.089853
0.094193
0.091246
0.092831
0.092143
0.089005
0.089043
0.089157
0.087505
0.083838
0.089172
0.084846
0.086108
0.088598
0.087090
0.086734
0.084827
0.085489
0.083880
0.083154
0.088555
0.087543
0.086254
0.086070
0.088807
0.086784
0.084185
0.086107
0.081931
0.085211
0.082235
0.081982
0.081963
0.080328
0.081573
0.078631
0.080068
0.082316
0.079930
0.078393
0.078992
0.077295
0.074355
0.077959
0.074438
0.076238
0.075740
0.075405
0.075866
0.076441
0.075274
0.074647
0.072137
0.072472
0.068769
0.071724
0.069257
0.069362
0.071589
0.069817
0.072574
0.067234
0.070774
0.070073
0.066898
0.067582
0.066410
0.065290
0.067480
0.064576
0.065428
0.063194
0.064456
0.065189
0.064626
0.063154
0.061194
0.060919
0.059973
0.061287
0.060593
0.061888
0.059087
0.061405
0.059487
0.056164
0.057212
0.054348
0.054711
0.053627
0.058630
0.055266
0.054538
0.052573
0.051556
0.050574
0.054794
0.054177
0.050226
0.051297
0.048962
0.048235
0.048694
0.046636
0.047237
0.045440
0.046386
0.044732
0.046165
0.044862
0.045405
0.042460
0.040629
0.042787
0.038844
0.039927
0.040960
0.037550
0.040143
0.034200
0.039695
0.037349
0.034698
0.037379
0.031947
0.036660
0.033884
0.032909
0.030544
0.029446
0.030803
0.029956
0.025855
0.028003
0.027828
0.028778
0.026169
0.026667
0.026356
0.023066
0.026355
0.021490
0.019038
0.022770
0.020240
0.020199
0.017231
0.014234
0.017759
0.016903
0.016449
0.014911
0.014471
0.015316
0.013678
0.010226
0.011922
0.010889
0.008259
0.007973
0.010887
0.008593
0.006164
0.009636
0.004237
0.006484
0.001797
0.001378
0.000183
-0.000555
-0.003477
-0.000829
-0.002155
0.000949
0.001126
-0.000989
-0.008261
-0.005418
-0.010146
-0.007905
-0.007514
-0.009522
-0.008981
-0.006431
-0.010154
-0.011051
-0.012072
-0.014450
-0.018004
-0.018395
-0.018789
-0.016554
-0.014787
-0.018353
-0.019908
-0.022201
-0.024773
-0.020318
-0.020653
-0.021682
-0.024218
-0.025556
-0.027364
-0.028193
-0.029932
-0.030848
-0.030337
-0.031902
-0.034409
-0.030843
-0.034862
-0.033010
-0.036437
-0.040213
-0.037040
-0.035378
-0.039511
-0.038669
-0.039827
-0.039373
-0.043861
-0.040729
-0.048613
-0.043470
-0.049462
-0.046802
-0.047815
-0.048136
-0.051647
-0.050577
-0.054276
-0.053175
-0.053485
-0.053850
-0.053462
-0.057291
-0.057957
-0.058663
-0.059435
-0.061008
-0.060058
-0.061030
-0.063827
-0.065980
-0.063830
-0.064405
-0.062780
-0.070243
-0.068659
-0.067949
-0.073594
-0.071365
-0.074492
-0.073702
-0.075053
-0.073102
-0.073524
-0.078608
-0.079446
-0.074418
-0.081549
-0.080612
-0.081352
-0.081597
-0.082625
-0.088167
-0.083578
-0.086993
-0.088070
-0.093719
-0.086602
-0.091751
-0.090746
-0.090297
-0.095020
-0.095513
-0.095188
-0.098989
-0.096942
-0.099045
-0.097312
-0.097099
-0.099378
-0.101389
-0.103920
-0.102902
-0.104386
-0.105005
-0.106302
-0.107466
-0.107703
-0.113537
-0.111795
-0.110293
-0.111165
-0.113135
-0.111417
-0.118937
-0.117645
-0.118769
-0.116395
-0.116371
-0.117469
-0.120628
-0.119239
-0.125106
-0.122131
-0.127365
-0.124985
-0.126127
-0.131910
-0.130609
-0.129751
-0.129250
-0.126173
-0.131628
-0.132771
-0.135438
-0.129666
-0.135855
-0.135856
-0.140302
-0.142543
-0.141116
-0.139650
-0.141596
-0.140832
-0.144121
-0.142042
-0.146079
-0.142457
-0.149654
-0.144267
-0.151839
-0.148703
-0.148415
-0.151786
-0.155679
-0.155122
-0.156185
-0.154289
-0.155797
-0.153382
-0.157460
-0.158471
-0.159325
-0.157383
-0.164539
-0.161070
-0.160189
-0.166055
-0.165808
-0.167884
-0.166274
-0.170847
-0.165604
-0.169132
-0.166141
-0.171628
-0.176319
-0.169898
-0.171668
-0.174836
-0.178829
-0.174993
-0.174045
-0.177111
-0.176232
-0.181425
-0.179049
-0.180326
-0.185565
-0.183374
-0.182172
-0.186278
-0.184649
-0.187783
-0.182940
-0.186426
-0.188569
-0.189701
-0.185439
-0.194006
-0.192792
-0.193381
-0.191955
-0.195003
-0.196896
-0.195405
-0.197261
-0.190740
-0.197738
-0.201776
-0.200293
-0.197031
-0.199829
-0.200403
-0.200539
-0.203151
-0.204470
-0.208345
-0.204100
-0.205381
-0.207947
-0.205610
-0.208249
-0.211089
-0.209001
-0.209588
-0.214110
-0.210697
-0.212739
-0.212324
-0.213027
-0.213906
-0.212313
-0.214781
-0.215734
-0.216964
-0.217728
-0.218980
-0.216110
-0.221616
-0.222398
-0.220354
-0.219151
-0.227317
-0.220076
-0.223014
-0.220643
-0.226082
-0.227953
-0.225388
-0.225190
-0.225592
-0.226137
-0.228394
-0.230465
-0.228214
-0.227840
-0.229995
-0.228019
-0.232115
-0.232447
-0.232237
-0.237151
-0.231684
-0.236255
-0.230978
-0.238436
-0.233050
-0.236480
-0.235656
-0.238303
-0.236629
-0.236928
-0.242296
-0.237593
-0.238637
-0.235773
-0.239686
-0.239188
-0.242139
-0.243668
-0.243782
-0.243686
-0.241744
-0.241674
-0.244359
-0.241530
-0.243807
-0.246002
-0.244190
-0.245032
-0.244814
-0.244780
-0.251655
-0.246823
-0.246461
-0.248533
-0.245045
-0.249815
-0.246888
-0.246819
-0.249359
-0.247536
-0.244745
-0.252343
-0.257266
-0.246765
-0.253257
-0.250364
-0.249200
-0.252087
-0.249808
-0.253108
-0.253247
-0.247706
-0.257806
-0.258935
-0.251621
-0.247931
-0.249805
-0.254252
-0.252535
-0.255289
-0.255160
-0.255656
-0.252143
-0.254596
-0.255395
-0.255623
-0.252762
-0.256117
-0.252829
-0.252594
-0.256188
-0.251332
-0.256423
-0.256460
-0.255398
-0.253357
-0.259542
-0.256657
-0.251458
-0.262088
-0.252266
-0.255111
-0.257600
-0.256356
-0.255884
-0.252730
-0.252614
-0.257636
-0.256471
-0.253187
-0.256596
-0.258459
-0.253604
-0.253347
-0.250748
-0.252998
-0.257261
-0.254798
-0.251476
-0.255285
-0.256112
-0.254306
-0.251931
-0.250179
-0.252887
-0.255673
-0.251420
-0.254051
-0.249892
-0.252026
-0.254239
-0.247430
-0.250734
-0.245918
-0.250164
-0.255221
-0.253709
-0.250738
-0.249241
-0.246905
-0.244650
-0.250452
-0.249409
-0.250222
-0.247680
-0.251469
-0.245858
-0.245325
-0.244822
-0.245087
-0.245349
-0.244775
-0.249384
-0.244850
-0.238582
-0.243365
-0.246553
-0.242425
-0.242990
-0.242145
-0.243132
-0.236641
-0.238405
-0.236693
-0.239357
-0.238745
-0.240286
-0.239563
-0.235903
-0.236158
-0.236544
-0.234229
-0.231428
-0.233106
-0.237249
-0.234081
-0.235079
-0.234131
-0.225809
-0.226468
-0.229130
-0.229654
-0.223205
-0.229794
-0.226793
-0.233139
-0.220863
-0.224016
-0.223143
-0.224088
-0.222546
-0.224374
-0.223719
-0.217413
-0.217417
-0.215925
-0.215365
-0.222268
-0.214505
-0.210687
-0.212005
-0.216070
-0.218744
-0.210014
-0.211833
-0.206906
-0.206719
-0.210091
-0.207730
-0.209899
-0.206654
-0.202216
-0.203154
-0.200075
-0.200755
-0.201253
-0.205277
-0.199990
-0.192572
-0.195877
-0.195378
-0.194184
-0.193618
-0.189383
-0.191678
-0.193668
-0.193629
-0.188119
-0.188163
-0.184016
-0.183683
-0.183599
-0.181904
-0.185800
-0.180130
-0.181570
-0.173324
-0.185130
-0.178714
-0.171957
-0.166412
-0.172553
-0.169304
-0.172670
-0.173618
-0.170302
-0.164863
-0.159481
-0.166160
-0.166947
-0.160693
-0.156810
-0.159783
-0.154630
-0.151200
-0.156306
-0.157414
-0.151584
-0.154491
-0.147380
-0.151891
-0.146953
-0.144673
-0.141694
-0.142459
-0.135624
-0.144761
-0.140281
-0.136413
-0.136337
-0.137424
-0.131401
-0.125258
-0.127162
-0.134622
-0.125010
-0.129067
-0.127101
-0.118466
-0.115755
-0.116221
-0.119495
-0.112001
-0.119468
-0.111183
-0.107906
-0.111116
-0.111332
-0.108094
-0.108418
-0.100967
-0.103140
-0.100865
-0.096689
-0.090736
-0.092783
-0.094888
-0.093557
-0.088638
-0.087451
-0.085851
-0.086702
-0.083248
-0.082053
-0.077666
-0.079799
-0.077632
-0.072802
-0.068902
-0.069630
-0.069324
-0.066869
-0.065464
-0.064757
-0.061365
-0.053749
-0.063646
-0.056799
-0.055626
-0.053867
-0.047684
-0.047586
-0.041982
-0.046291
-0.047582
-0.036819
-0.039607
-0.031287
-0.038113
-0.034035
-0.036211
-0.026778
-0.026306
-0.025667
-0.025641
-0.018215
-0.022366
-0.019281
-0.018127
-0.010390
-0.011433
-0.006407
-0.004303
-0.003809
-0.006073
-0.001763
0.000655
0.000892
0.005092
0.012949
0.008628
0.008764
0.010448
0.012701
0.019575
0.020762
0.024343
0.023338
0.027502
0.027230
0.026405
0.036130
0.034254
0.036109
0.038532
0.047124
0.040310
0.046004
0.043839
0.045961
0.052550
0.058509
0.059852
0.058860
0.062022
0.061765
0.065501
0.069563
0.076366
0.065061
0.069910
0.077789
0.082307
0.080106
0.089001
0.091774
0.083350
0.089174
0.091464
0.096565
0.096420
0.097393
0.101754
0.106512
0.109432
0.104824
0.118015
0.113675
0.122697
0.121526
0.111992
0.127942
0.123513
0.131293
0.129861
0.132084
0.130592
0.142740
0.139199
0.144946
0.148018
0.147878
0.151909
0.155587
0.154509
0.155151
0.161308
0.161916
0.161282
0.170418
0.175243
0.171101
0.173916
0.178761
0.178021
0.179750
0.187315
0.189941
0.192339
0.188695
0.200857
0.194835
0.199757
0.203322
0.203252
0.212571
0.210199
0.214740
0.215039
0.222100
0.216370
0.222697
0.222519
0.229964
0.231337
0.232255
0.234671
0.239303
0.246052
0.249792
0.241772
0.247883
0.250406
0.259105
0.259054
0.256375
0.257104
0.267305
0.267745
0.270829
0.274992
0.274072
0.278924
0.277172
0.281864
0.287554
0.290265
0.290284
0.289119
0.298032
0.295204
0.309025
0.299729
0.311467
0.309980
0.305671
0.319855
0.322120
0.324769
0.313343
0.324688
0.325025
0.335496
0.333555
0.335962
0.339664
0.341593
0.346704
0.347123
0.344627
0.351582
0.352582
0.354064
0.363046
0.364880
0.365489
0.370034
0.369723
0.370820
0.379857
0.381680
0.381275
0.388337
0.388890
0.388100
0.382317
0.392790
0.399095
0.406203
0.402760
0.406388
0.405003
0.407459
0.407353
0.426527
0.423128
0.421389
0.421481
0.425218
0.433160
0.433234
0.432086
0.445516
0.435936
0.440563
0.452126
0.442665
0.446215
0.461049
0.455852
0.457856
0.463329
0.464206
0.462392
0.469368
0.472246
0.482601
0.479263
0.476775
0.481991
0.489566
0.493490
0.485070
0.490421
0.498536
0.499700
0.495492
0.509489
0.504139
0.512276
0.507181
0.518698
0.517173
0.520141
0.517074
0.528243
0.530252
0.526376
0.537058
0.538601
0.536660
0.542200
0.538920
0.543798
0.552354
0.555053
0.550677
0.554876
0.555839
0.565604
0.562177
0.566129
0.568669
0.572851
0.577715
0.579121
0.583773
0.583823
0.575655
0.593508
0.583784
0.588948
0.596442
0.590757
0.601685
0.602211
0.611248
0.607151
0.610847
0.611526
0.613965
0.616059
0.620690
0.619119
0.629885
0.628637
0.629861
0.625678
0.637518
0.633258
0.643250
0.636417
0.643368
0.650459
0.656893
0.653172
0.649307
0.658284
0.664291
0.656325
0.660058
0.658252
0.670178
0.670568
0.674364
0.682665
0.677374
0.685776
0.683795
0.681126
0.685991
0.683890
0.691456
0.699873
0.691721
0.697449
0.703409
0.706921
0.705825
0.704102
0.709937
0.711585
0.721751
0.714066
0.718177
0.726604
0.723895
0.717202
0.731282
0.727650
0.734098
0.737427
0.742942
0.737625
0.739187
0.741346
0.748594
0.751181
0.754959
0.741098
0.760558
0.758474
0.754311
0.759282
0.758358
0.774418
0.772115
0.764824
0.763491
0.783256
0.774106
0.774411
0.784185
0.774063
0.780814
0.777867
0.799472
0.791842
0.794785
0.789876
0.795591
0.801549
0.798960
0.794984
0.802520
0.800295
0.807348
0.816671
0.814976
0.805434
0.821534
0.816712
0.817802
0.819715
0.826955
0.809858
0.828538
0.833439
0.824866
0.838068
0.827358
0.834863
0.846187
0.840692
0.833162
0.837823
0.836666
0.860198
0.841451
0.847599
0.855570
0.848376
0.857488
0.851698
0.857300
0.861437
0.866247
0.853041
0.860750
0.870462
0.871259
0.868588
0.871011
0.877430
0.869935
0.872729
0.874806
0.876044
0.873932
0.890496
0.885378
0.887557
0.884801
0.882602
0.889532
0.888622
0.888237
0.890668
0.898571
0.893827
0.896624
0.895123
0.909891
0.900763
0.901269
0.909287
0.909622
0.911909
0.900790
0.902867
0.912699
0.910605
0.912960
0.911314
0.920926
0.909195
0.920482
0.923697
0.917736
0.922845
0.933408
0.920775
0.919615
0.921386
0.926995
0.929895
0.934131
0.940779
0.930322
0.928318
0.925643
0.932980
0.942316
0.934849
0.939926
0.949705
0.938885
0.934888
0.947080
0.935981
0.947680
0.946711
0.944773
0.942162
0.946392
0.957493
0.953294
0.946164
0.950280
0.939959
0.962574
0.959255
0.946932
0.959168
0.956731
0.961378
0.953635
0.955587
0.963027
0.958213
0.964598
0.960010
0.959606
0.961254
0.971536
0.959643
0.962757
0.966970
0.959216
0.968210
0.973109
0.964512
0.978296
0.966809
0.966257
0.970835
0.965450
0.977674
0.955832
0.981916
0.976696
0.973569
0.973627
0.973506
0.969094
0.977399
0.977302
0.975618
0.977027
0.970765
0.977991
0.976851
0.973559
0.979244
0.980821
0.975091
0.985102
0.984466
0.977796
0.972690
0.975122
0.978041
0.983284
0.983081
0.981580
0.975158
0.984042
0.978608
0.977659
0.982854
0.982003
0.989016
0.980126
0.983447
0.981746
0.975525
0.981051
0.977626
0.981051
0.975525
0.981746
0.983447
0.980126
0.989016
0.982003
0.982854
0.977659
0.978608
0.984042
0.975158
0.981580
0.983081
0.983284
0.978041
0.975122
0.972690
0.977796
0.984466
0.985102
0.975091
0.980821
0.979244
0.973559
0.976851
0.977991
0.970765
0.977027
0.975618
0.977302
0.977399
0.969094
0.973506
0.973627
0.973569
0.976696
0.981916
0.955832
0.977674
0.965450
0.970835
0.966257
0.966809
0.978296
0.964512
0.973109
0.968210
0.959216
0.966970
0.962757
0.959643
0.971536
0.961254
0.959606
0.960010
0.964598
0.958213
0.963027
0.955587
0.953635
0.961378
0.956731
0.959168
0.946932
0.959255
0.962574
0.939959
0.950280
0.946164
0.953294
0.957493
0.946392
0.942162
0.944773
0.946711
0.947680
0.935981
0.947080
0.934888
0.938885
0.949705
0.939926
0.934849
0.942316
0.932980
0.925643
0.928318
0.930322
0.940779
0.934131
0.929895
0.926995
0.921386
0.919615
0.920775
0.933408
0.922845
0.917736
0.923697
0.920482
0.909195
0.920926
0.911314
0.912960
0.910605
0.912699
0.902867
0.900790
0.911909
0.909622
0.909287
0.901269
0.900763
0.909891
0.895123
0.896624
0.893827
0.898571
0.890668
0.888237
0.888622
0.889532
0.882602
0.884801
0.887557
0.885378
0.890496
0.873932
0.876044
0.874806
0.872729
0.869935
0.877430
0.871011
0.868588
0.871259
0.870462
0.860750
0.853041
0.866247
0.861437
0.857300
0.851698
0.857488
0.848376
0.855570
0.847599
0.841451
0.860198
0.836666
0.837823
0.833162
0.840692
0.846187
0.834863
0.827358
0.838068
0.824866
0.833439
0.828538
0.809858
0.826955
0.819715
0.817802
0.816712
0.821534
0.805434
0.814976
0.816671
0.807348
0.800295
0.802520
0.794984
0.798960
0.801549
0.795591
0.789876
0.794785
0.791842
0.799472
0.777867
0.780814
0.774063
0.784185
0.774411
0.774106
0.783256
0.763491
0.764824
0.772115
0.774418
0.758358
0.759282
0.754311
0.758474
0.760558
0.741098
0.754959
0.751181
0.748594
0.741346
0.739187
0.737625
0.742942
0.737427
0.734098
0.727650
0.731282
0.717202
0.723895
0.726604
0.718177
0.714066
0.721751
0.711585
0.709937
0.704102
0.705825
0.706921
0.703409
0.697449
0.691721
0.699873
0.691456
0.683890
0.685991
0.681126
0.683795
0.685776
0.677374
0.682665
0.674364
0.670568
0.670178
0.658252
0.660058
0.656325
0.664291
0.658284
0.649307
0.653172
0.656893
0.650459
0.643368
0.636417
0.643250
0.633258
0.637518
0.625678
0.629861
0.628637
0.629885
0.619119
0.620690
0.616059
0.613965
0.611526
0.610847
0.607151
0.611248
0.602211
0.601685
0.590757
0.596442
0.588948
0.583784
0.593508
0.575655
0.583823
0.583773
0.579121
0.577715
0.572851
0.568669
0.566129
0.562177
0.565604
0.555839
0.554876
0.550677
0.555053
0.552354
0.543798
0.538920
0.542200
0.536660
0.538601
0.537058
0.526376
0.530252
0.528243
0.517074
0.520141
0.517173
0.518698
0.507181
0.512276
0.504139
0.509489
0.495492
0.499700
0.498536
0.490421
0.485070
0.493490
0.489566
0.481991
0.476775
0.479263
0.482601
0.472246
0.469368
0.462392
0.464206
0.463329
0.457856
0.455852
0.461049
0.446215
0.442665
0.452126
0.440563
0.435936
0.445516
0.432086
0.433234
0.433160
0.425218
0.421481
0.421389
0.423128
0.426527
0.407353
0.407459
0.405003
0.406388
0.402760
0.406203
0.399095
0.392790
0.382317
0.388100
0.388890
0.388337
0.381275
0.381680
0.379857
0.370820
0.369723
0.370034
0.365489
0.364880
0.363046
0.354064
0.352582
0.351582
0.344627
0.347123
0.346704
0.341593
0.339664
0.335962
0.333555
0.335496
0.325025
0.324688
0.313343
0.324769
0.322120
0.319855
0.305671
0.309980
0.311467
0.299729
0.309025
0.295204
0.298032
0.289119
0.290284
0.290265
0.287554
0.281864
0.277172
0.278924
0.274072
0.274992
0.270829
0.267745
0.267305
0.257104
0.256375
0.259054
0.259105
0.250406
0.247883
0.241772
0.249792
0.246052
0.239303
0.234671
0.232255
0.231337
0.229964
0.222519
0.222697
0.216370
0.222100
0.215039
0.214740
0.210199
0.212571
0.203252
0.203322
0.199757
0.194835
0.200857
0.188695
0.192339
0.189941
0.187315
0.179750
0.178021
0.178761
0.173916
0.171101
0.175243
0.170418
0.161282
0.161916
0.161308
0.155151
0.154509
0.155587
0.151909
0.147878
0.148018
0.144946
0.139199
0.142740
0.130592
0.132084
0.129861
0.131293
0.123513
0.127942
0.111992
0.121526
0.122697
0.113675
0.118015
0.104824
0.109432
0.106512
0.101754
0.097393
0.096420
0.096565
0.091464
0.089174
0.083350
0.091774
0.089001
0.080106
0.082307
0.077789
0.069910
0.065061
0.076366
0.069563
0.065501
0.061765
0.062022
0.058860
0.059852
0.058509
0.052550
0.045961
0.043839
0.046004
0.040310
0.047124
0.038532
0.036109
0.034254
0.036130
0.026405
0.027230
0.027502
0.023338
0.024343
0.020762
0.019575
0.012701
0.010448
0.008764
0.008628
0.012949
0.005092
0.000892
0.000655
-0.001763
-0.006073
-0.003809
-0.004303
-0.006407
-0.011433
-0.010390
-0.018127
-0.019281
-0.022366
-0.018215
-0.025641
-0.025667
-0.026306
-0.026778
-0.036211
-0.034035
-0.038113
-0.031287
-0.039607
-0.036819
-0.047582
-0.046291
-0.041982
-0.047586
-0.047684
-0.053867
-0.055626
-0.056799
-0.063646
-0.053749
-0.061365
-0.064757
-0.065464
-0.066869
-0.069324
-0.069630
-0.068902
-0.072802
-0.077632
-0.079799
-0.077666
-0.082053
-0.083248
-0.086702
-0.085851
-0.087451
-0.088638
-0.093557
-0.094888
-0.092783
-0.090736
-0.096689
-0.100865
-0.103140
-0.100967
-0.108418
-0.108094
-0.111332
-0.111116
-0.107906
-0.111183
-0.119468
-0.112001
-0.119495
-0.116221
-0.115755
-0.118466
-0.127101
-0.129067
-0.125010
-0.134622
-0.127162
-0.125258
-0.131401
-0.137424
-0.136337
-0.136413
-0.140281
-0.144761
-0.135624
-0.142459
-0.141694
-0.144673
-0.146953
-0.151891
-0.147380
-0.154491
-0.151584
-0.157414
-0.156306
-0.151200
-0.154630
-0.159783
-0.156810
-0.160693
-0.166947
-0.166160
-0.159481
-0.164863
-0.170302
-0.173618
-0.172670
-0.169304
-0.172553
-0.166412
-0.171957
-0.178714
-0.185130
-0.173324
-0.181570
-0.180130
-0.185800
-0.181904
-0.183599
-0.183683
-0.184016
-0.188163
-0.188119
-0.193629
-0.193668
-0.191678
-0.189383
-0.193618
-0.194184
-0.195378
-0.195877
-0.192572
-0.199990
-0.205277
-0.201253
-0.200755
-0.200075
-0.203154
-0.202216
-0.206654
-0.209899
-0.207730
-0.210091
-0.206719
-0.206906
-0.211833
-0.210014
-0.218744
-0.216070
-0.212005
-0.210687
-0.214505
-0.222268
-0.215365
-0.215925
-0.217417
-0.217413
-0.223719
-0.224374
-0.222546
-0.224088
-0.223143
-0.224016
-0.220863
-0.233139
-0.226793
-0.229794
-0.223205
-0.229654
-0.229130
-0.226468
-0.225809
-0.234131
-0.235079
-0.234081
-0.237249
-0.233106
-0.231428
-0.234229
-0.236544
-0.236158
-0.235903
-0.239563
-0.240286
-0.238745
-0.239357
-0.236693
-0.238405
-0.236641
-0.243132
-0.242145
-0.242990
-0.242425
-0.246553
-0.243365
-0.238582
-0.244850
-0.249384
-0.244775
-0.245349
-0.245087
-0.244822
-0.245325
-0.245858
-0.251469
-0.247680
-0.250222
-0.249409
-0.250452
-0.244650
-0.246905
-0.249241
-0.250738
-0.253709
-0.255221
-0.250164
-0.245918
-0.250734
-0.247430
-0.254239
-0.252026
-0.249892
-0.254051
-0.251420
-0.255673
-0.252887
-0.250179
-0.251931
-0.254306
-0.256112
-0.255285
-0.251476
-0.254798
-0.257261
-0.252998
-0.250748
-0.253347
-0.253604
-0.258459
-0.256596
-0.253187
-0.256471
-0.257636
-0.252614
-0.252730
-0.255884
-0.256356
-0.257600
-0.255111
-0.252266
-0.262088
-0.251458
-0.256657
-0.259542
-0.253357
-0.255398
-0.256460
-0.256423
-0.251332
-0.256188
-0.252594
-0.252829
-0.256117
-0.252762
-0.255623
-0.255395
-0.254596
-0.252143
-0.255656
-0.255160
-0.255289
-0.252535
-0.254252
-0.249805
-0.247931
-0.251621
-0.258935
-0.257806
-0.247706
-0.253247
-0.253108
-0.249808
-0.252087
-0.249200
-0.250364
-0.253257
-0.246765
-0.257266
-0.252343
-0.244745
-0.247536
-0.249359
-0.246819
-0.246888
-0.249815
-0.245045
-0.248533
-0.246461
-0.246823
-0.251655
-0.244780
-0.244814
-0.245032
-0.244190
-0.246002
-0.243807
-0.241530
-0.244359
-0.241674
-0.241744
-0.243686
-0.243782
-0.243668
-0.242139
-0.239188
-0.239686
-0.235773
-0.238637
-0.237593
-0.242296
-0.236928
-0.236629
-0.238303
-0.235656
-0.236480
-0.233050
-0.238436
-0.230978
-0.236255
-0.231684
-0.237151
-0.232237
-0.232447
-0.232115
-0.228019
-0.229995
-0.227840
-0.228214
-0.230465
-0.228394
-0.226137
-0.225592
-0.225190
-0.225388
-0.227953
-0.226082
-0.220643
-0.223014
-0.220076
-0.227317
-0.219151
-0.220354
-0.222398
-0.221616
-0.216110
-0.218980
-0.217728
-0.216964
-0.215734
-0.214781
-0.212313
-0.213906
-0.213027
-0.212324
-0.212739
-0.210697
-0.214110
-0.209588
-0.209001
-0.211089
-0.208249
-0.205610
-0.207947
-0.205381
-0.204100
-0.208345
-0.204470
-0.203151
-0.200539
-0.200403
-0.199829
-0.197031
-0.200293
-0.201776
-0.197738
-0.190740
-0.197261
-0.195405
-0.196896
-0.195003
-0.191955
-0.193381
-0.192792
-0.194006
-0.185439
-0.189701
-0.188569
-0.186426
-0.182940
-0.187783
-0.184649
-0.186278
-0.182172
-0.183374
-0.185565
-0.180326
-0.179049
-0.181425
-0.176232
-0.177111
-0.174045
-0.174993
-0.178829
-0.174836
-0.171668
-0.169898
-0.176319
-0.171628
-0.166141
-0.169132
-0.165604
-0.170847
-0.166274
-0.167884
-0.165808
-0.166055
-0.160189
-0.161070
-0.164539
-0.157383
-0.159325
-0.158471
-0.157460
-0.153382
-0.155797
-0.154289
-0.156185
-0.155122
-0.155679
-0.151786
-0.148415
-0.148703
-0.151839
-0.144267
-0.149654
-0.142457
-0.146079
-0.142042
-0.144121
-0.140832
-0.141596
-0.139650
-0.141116
-0.142543
-0.140302
-0.135856
-0.135855
-0.129666
-0.135438
-0.132771
-0.131628
-0.126173
-0.129250
-0.129751
-0.130609
-0.131910
-0.126127
-0.124985
-0.127365
-0.122131
-0.125106
-0.119239
-0.120628
-0.117469
-0.116371
-0.116395
-0.118769
-0.117645
-0.118937
-0.111417
-0.113135
-0.111165
-0.110293
-0.111795
-0.113537
-0.107703
-0.107466
-0.106302
-0.105005
-0.104386
-0.102902
-0.103920
-0.101389
-0.099378
-0.097099
-0.097312
-0.099045
-0.096942
-0.098989
-0.095188
-0.095513
-0.095020
-0.090297
-0.090746
-0.091751
-0.086602
-0.093719
-0.088070
-0.086993
-0.083578
-0.088167
-0.082625
-0.081597
-0.081352
-0.080612
-0.081549
-0.074418
-0.079446
-0.078608
-0.073524
-0.073102
-0.075053
-0.073702
-0.074492
-0.071365
-0.073594
-0.067949
-0.068659
-0.070243
-0.062780
-0.064405
-0.063830
-0.065980
-0.063827
-0.061030
-0.060058
-0.061008
-0.059435
-0.058663
-0.057957
-0.057291
-0.053462
-0.053850
-0.053485
-0.053175
-0.054276
-0.050577
-0.051647
-0.048136
-0.047815
-0.046802
-0.049462
-0.043470
-0.048613
-0.040729
-0.043861
-0.039373
-0.039827
-0.038669
-0.039511
-0.035378
-0.037040
-0.040213
-0.036437
-0.033010
-0.034862
-0.030843
-0.034409
-0.031902
-0.030337
-0.030848
-0.029932
-0.028193
-0.027364
-0.025556
-0.024218
-0.021682
-0.020653
-0.020318
-0.024773
-0.022201
-0.019908
-0.018353
-0.014787
-0.016554
-0.018789
-0.018395
-0.018004
-0.014450
-0.012072
-0.011051
-0.010154
-0.006431
-0.008981
-0.009522
-0.007514
-0.007905
-0.010146
-0.005418
-0.008261
-0.000989
0.001126
0.000949
-0.002155
-0.000829
-0.003477
-0.000555
0.000183
0.001378
0.001797
0.006484
0.004237
0.009636
0.006164
0.008593
0.010887
0.007973
0.008259
0.010889
0.011922
0.010226
0.013678
0.015316
0.014471
0.014911
0.016449
0.016903
0.017759
0.014234
0.017231
0.020199
0.020240
0.022770
0.019038
0.021490
0.026355
0.023066
0.026356
0.026667
0.026169
0.028778
0.027828
0.028003
0.025855
0.029956
0.030803
0.029446
0.030544
0.032909
0.033884
0.036660
0.031947
0.037379
0.034698
0.037349
0.039695
0.034200
0.040143
0.037550
0.040960
0.039927
0.038844
0.042787
0.040629
0.042460
0.045405
0.044862
0.046165
0.044732
0.046386
0.045440
0.047237
0.046636
0.048694
0.048235
0.048962
0.051297
0.050226
0.054177
0.054794
0.050574
0.051556
0.052573
0.054538
0.055266
0.058630
0.053627
0.054711
0.054348
0.057212
0.056164
0.059487
0.061405
0.059087
0.061888
0.060593
0.061287
0.059973
0.060919
0.061194
0.063154
0.064626
0.065189
0.064456
0.063194
0.065428
0.064576
0.067480
0.065290
0.066410
0.067582
0.066898
0.070073
0.070774
0.067234
0.072574
0.069817
0.071589
0.069362
0.069257
0.071724
0.068769
0.072472
0.072137
0.074647
0.075274
0.076441
0.075866
0.075405
0.075740
0.076238
0.074438
0.077959
0.074355
0.077295
0.078992
0.078393
0.079930
0.082316
0.080068
0.078631
0.081573
0.080328
0.081963
0.081982
0.082235
0.085211
0.081931
0.086107
0.084185
0.086784
0.088807
0.086070
0.086254
0.087543
0.088555
0.083154
0.083880
0.085489
0.084827
0.086734
0.087090
0.088598
0.086108
0.084846
0.089172
0.083838
0.087505
0.089157
0.089043
0.089005
0.092143
0.092831
0.091246
0.094193
0.089853
0.092777
0.089358
0.092286
0.092309
0.089615
0.093032
0.092396
0.092695
0.096409
0.093291
0.092615
0.093144
0.095605
0.092507
0.091729
0.094044
0.095636
0.094487
0.097766
0.095403
0.093099
0.096668
0.097063
0.095442
0.097153
0.098453
0.096184
0.096311
0.094328
0.098606
0.096484
0.097415
0.094302
0.096999
0.096449
0.099727
0.099342
0.098320
0.098677
0.097625
0.097827
0.097653
0.099413
0.098119
0.098827
0.100650
0.099330
0.099948
0.099510
0.099058
0.096863
0.095308
0.099485
0.099506
0.099063
0.100987
0.098798
0.101539
0.101564
0.100581
0.100728
0.101515
0.099968
0.100500
0.098885
0.098720
0.096805
0.097639
0.098195
0.099481
0.102177
0.100225
0.100307
0.101458
0.103228
0.102522
0.100290
0.102218
0.100175
0.097771
0.099894
0.100037
0.096285
0.098032
0.100687
0.099472
0.099510
0.101413
0.100842
0.099863
0.101635
0.099692
0.102238
0.102497
0.100755
0.099566
0.098072
0.097743
0.097200
0.096453
0.101476
0.098103
0.100572
0.097169
0.099033
0.101801
0.099973
0.100989
0.098759
0.097406
0.098198
0.097981
0.096274
0.096958
0.098969
0.099570
0.098370
0.099046
0.096969
0.098902
0.096780
0.095890
0.098828
0.096847
0.099842
0.098934
0.097241
0.098163
0.096307
0.096437
0.094873
0.095138
0.095503
0.095518
0.094732
0.097092
0.095707
0.094024
0.094648
0.096502
0.093501
0.094548
0.096471
0.095659
0.096961
0.096308
0.093652
0.092503
0.094364
0.092200
0.092385
0.090902
0.092600
0.092897
0.092973
0.093713
0.092608
0.089626
0.092537
0.093222
0.088852
0.092549
0.093876
0.093041
0.092387
0.091514
0.089306
0.088079
0.088667
0.088630
0.086131
0.090583
0.090536
0.089473
0.090016
0.089799
0.091156
0.086565
0.087159
0.083527
0.085156
0.087953
0.089761
0.088242
0.085862
0.088966
0.086478
0.087173
0.083975
0.087159
0.084009
0.083003
0.082666
0.084644
0.082130
0.084950
0.085726
0.085022
0.082410
0.083697
0.085106
0.083508
0.083724
0.081400
0.082342
0.080991
0.080148
0.081374
0.081318
0.078295
0.079899
0.082215
0.079515
0.079403
0.079231
0.079715
0.079281
0.078829
0.076748
0.075889
0.080020
0.076965
0.074850
0.077059
0.078239
0.077724
0.075046
0.075702
0.076341
0.075323
0.077663
0.076062
0.073288
0.072211
0.073876
0.074086
0.070544
0.074574
0.072487
0.071701
0.071727
0.071585
0.071907
0.071398
0.071358
0.071509
0.070286
0.069271
0.070276
0.070712
0.070943
0.070507
0.069375
0.068745
0.068757
0.065030
0.065670
0.067174
0.066043
0.066424
0.068206
0.066678
0.066424
0.065115
0.066165
0.064418
0.065168
0.065500
0.065070
0.061975
0.064994
0.063013
0.064174
0.063101
0.061773
0.059920
0.062859
0.061759
0.060354
0.060225
0.059134
0.058283
0.060508
0.060979
0.059138
0.060653
0.058837
0.059677
0.059131
0.058842
0.057738
0.056841
0.057333
0.057279
0.053433
0.055814
0.057748
0.054507
0.055918
0.053399
0.054756
0.052808
0.054589
0.053313
0.054325
0.056561
0.053132
0.053600
0.052358
0.052459
0.051989
0.050222
0.049074
0.050542
0.049428
0.049647
0.049769
0.048666
0.049078
0.050018
0.048826
0.050322
0.049515
0.048976
0.046323
0.049263
0.045753
0.045689
0.046452
0.046227
0.045701
0.044901
0.045672
0.044523
0.044505
0.044905
0.044348
0.044344
0.043512
0.044312
0.042122
0.040481
0.041418
0.041565
0.042208
0.042557
0.041459
0.042604
0.041317
0.040990
0.040051
0.039734
0.038881
0.038492
0.037651
0.037895
0.038051
0.039177
0.038262
0.038676
0.039937
0.038320
0.036871
0.037011
0.035969
0.037275
0.034879
0.036744
0.033288
0.032898
0.033087
0.032625
0.033005
0.036274
0.036316
0.035043
0.034701
0.034331
0.032593
0.032341
0.032563
0.032788
0.029545
0.030427
0.030120
0.028646
0.031223
0.031055
0.028478
0.030876
0.031075
0.030738
0.029084
0.029269
0.029328
0.030100
0.026680
0.027211
0.024763
0.027147
0.027826
0.027946
0.025812
0.027989
0.028853
0.025137
0.024682
0.026635
0.024509
0.025464
0.023025
0.024179
0.023993
0.024922
0.025760
0.023336
0.024205
0.022851
0.022697
0.021908
0.021573
0.021793
0.022063
0.021079
0.022056
0.020837
0.023312
0.023849
0.021954
0.020529
0.019224
0.017710
0.017718
0.020062
0.020647
0.018980
0.020271
0.018324
0.018055
0.019897
0.017589
0.019332
0.018777
0.017318
0.017312
0.016877
0.017070
0.016223
0.017426
0.015805
0.016852
0.017006
0.016327
0.017258
0.013524
0.014886
0.016020
0.014664
0.014624
0.015393
0.011587
0.013099
0.016006
0.012990
0.015329
0.015044
0.014983
0.016208
0.018564
0.019477
0.020795
0.021326
0.024432
0.023250
0.024619
0.022397
0.027924


