M_loss: 10, M_sym: 4300.0, M_power: 9000, M_bandwidth: 22.3872113856834
-0.077606
-0.065735
-0.050690
-0.042139
-0.039661
-0.037877
-0.039035
-0.036746
-0.036724
-0.038461
-0.042013
-0.040679
-0.038715
-0.038830
-0.040326
-0.040312
-0.043267
-0.042632
-0.044566
-0.042018
-0.046644
-0.040977
-0.046745
-0.044847
-0.048449
-0.045317
-0.046694
-0.049730
-0.049381
-0.047848
-0.048320
-0.048036
-0.054460
-0.052438
-0.049961
-0.053162
-0.053756
-0.053650
-0.053851
-0.055204
-0.057093
-0.055127
-0.057687
-0.055892
-0.058962
-0.062099
-0.060009
-0.060415
-0.059567
-0.059148
-0.063369
-0.064541
-0.063643
-0.065826
-0.066916
-0.066694
-0.063480
-0.066690
-0.071498
-0.067823
-0.070909
-0.071284
-0.070720
-0.071020
-0.073170
-0.070865
-0.072021
-0.077016
-0.077312
-0.072274
-0.076060
-0.079639
-0.078612
-0.081664
-0.081839
-0.078480
-0.079654
-0.081817
-0.086251
-0.085540
-0.084992
-0.086977
-0.086782
-0.085127
-0.091301
-0.086857
-0.090366
-0.092603
-0.089331
-0.091783
-0.095588
-0.095176
-0.096316
-0.094835
-0.097079
-0.098409
-0.097510
-0.097374
-0.100621
-0.099976
-0.101571
-0.101490
-0.104238
-0.103168
-0.106936
-0.104669
-0.104275
-0.109174
-0.109564
-0.107657
-0.109668
-0.115452
-0.111474
-0.109833
-0.115682
-0.117268
-0.114910
-0.115840
-0.120501
-0.117995
-0.117684
-0.118817
-0.124925
-0.124361
-0.122677
-0.124178
-0.122457
-0.128042
-0.128251
-0.129208
-0.126572
-0.128757
-0.131278
-0.131042
-0.133170
-0.135031
-0.132847
-0.137495
-0.136764
-0.136760
-0.137601
-0.141893
-0.138790
-0.141209
-0.144745
-0.145289
-0.145137
-0.145989
-0.144777
-0.150300
-0.149511
-0.150131
-0.150857
-0.151898
-0.152566
-0.155353
-0.153832
-0.157210
-0.155661
-0.158943
-0.161982
-0.159085
-0.157599
-0.162007
-0.163152
-0.165984
-0.167575
-0.163448
-0.168577
-0.169879
-0.171942
-0.168153
-0.173120
-0.171509
-0.175018
-0.176342
-0.175940
-0.180142
-0.179978
-0.177992
-0.180586
-0.184113
-0.182152
-0.183592
-0.185299
-0.187756
-0.186196
-0.188385
-0.190650
-0.190942
-0.195329
-0.192563
-0.192113
-0.196883
-0.194528
-0.199058
-0.198004
-0.199023
-0.202734
-0.202171
-0.199041
-0.206830
-0.206264
-0.208521
-0.207598
-0.209317
-0.209007
-0.208285
-0.212331
-0.216683
-0.214627
-0.215490
-0.216119
-0.220333
-0.221660
-0.217456
-0.222664
-0.223424
-0.224659
-0.227323
-0.224291
-0.228031
-0.230620
-0.231311
-0.233762
-0.230195
-0.232705
-0.235868
-0.233066
-0.237161
-0.239453
-0.239867
-0.240812
-0.243617
-0.240146
-0.240993
-0.244313
-0.246561
-0.247973
-0.246278
-0.249283
-0.249600
-0.253444
-0.254107
-0.254083
-0.253048
-0.258587
-0.256766
-0.258193
-0.259970
-0.261359
-0.259768
-0.263121
-0.264016
-0.270161
-0.264945
-0.268214
-0.269303
-0.268197
-0.271121
-0.273879
-0.272725
-0.276322
-0.276888
-0.277245
-0.278706
-0.281192
-0.279457
-0.279703
-0.285761
-0.284618
-0.287478
-0.288020
-0.288571
-0.289960
-0.290269
-0.287198
-0.289179
-0.297332
-0.294753
-0.293310
-0.296254
-0.295734
-0.300077
-0.301934
-0.300498
-0.302235
-0.303156
-0.302974
-0.310191
-0.306121
-0.304002
-0.310897
-0.311369
-0.310932
-0.313647
-0.312025
-0.315650
-0.313344
-0.320757
-0.319391
-0.318146
-0.319723
-0.321328
-0.323660
-0.318896
-0.327687
-0.327836
-0.326470
-0.326912
-0.327509
-0.329374
-0.331421
-0.332293
-0.332093
-0.332750
-0.337848
-0.338466
-0.335990
-0.337461
-0.341295
-0.341085
-0.344357
-0.339601
-0.344801
-0.342720
-0.345430
-0.347722
-0.352627
-0.351092
-0.345796
-0.352463
-0.352066
-0.352055
-0.353838
-0.356320
-0.357766
-0.358151
-0.356412
-0.358039
-0.360656
-0.361199
-0.362356
-0.362872
-0.364600
-0.363206
-0.368455
-0.367556
-0.370572
-0.366325
-0.370774
-0.369649
-0.373454
-0.373414
-0.375651
-0.374426
-0.373450
-0.376885
-0.376137
-0.381895
-0.378791
-0.379465
-0.383809
-0.380914
-0.383118
-0.383666
-0.384513
-0.386641
-0.387718
-0.387423
-0.389875
-0.390193
-0.386653
-0.393354
-0.393303
-0.392968
-0.393398
-0.392711
-0.395843
-0.400474
-0.396682
-0.397595
-0.395175
-0.402871
-0.405586
-0.402701
-0.400566
-0.405056
-0.399866
-0.405192
-0.409660
-0.405086
-0.410969
-0.409865
-0.408535
-0.407143
-0.411756
-0.412329
-0.411207
-0.412307
-0.414200
-0.415327
-0.414808
-0.416143
-0.417901
-0.414642
-0.418417
-0.420839
-0.418861
-0.417731
-0.422399
-0.422418
-0.419954
-0.422132
-0.426784
-0.423767
-0.425891
-0.423662
-0.426042
-0.424881
-0.429742
-0.426862
-0.430531
-0.431097
-0.430157
-0.432157
-0.429718
-0.430943
-0.433919
-0.433368
-0.433388
-0.432730
-0.435962
-0.435970
-0.435327
-0.435624
-0.436290
-0.437577
-0.437993
-0.440739
-0.437842
-0.440775
-0.441270
-0.435873
-0.441824
-0.439425
-0.444381
-0.442065
-0.444759
-0.441902
-0.442084
-0.445402
-0.441206
-0.446805
-0.445619
-0.446461
-0.447273
-0.440703
-0.449132
-0.446653
-0.446896
-0.449388
-0.450070
-0.447573
-0.447863
-0.448111
-0.452635
-0.447715
-0.450082
-0.452673
-0.450983
-0.448711
-0.451153
-0.452051
-0.450815
-0.451091
-0.452396
-0.453685
-0.452717
-0.454861
-0.450219
-0.453363
-0.453363
-0.450346
-0.456092
-0.457005
-0.452473
-0.456021
-0.451223
-0.457062
-0.454645
-0.456763
-0.454172
-0.456132
-0.455162
-0.456455
-0.452206
-0.454004
-0.452344
-0.455980
-0.458750
-0.457955
-0.459657
-0.456320
-0.458336
-0.456571
-0.455461
-0.455576
-0.455563
-0.456750
-0.450686
-0.455221
-0.452746
-0.453276
-0.455983
-0.454098
-0.452804
-0.454385
-0.453170
-0.452046
-0.453498
-0.452639
-0.449713
-0.453686
-0.455349
-0.453249
-0.453442
-0.451099
-0.449685
-0.451168
-0.456446
-0.451314
-0.448867
-0.452147
-0.450931
-0.450704
-0.452559
-0.450543
-0.448057
-0.452588
-0.447736
-0.449885
-0.447516
-0.452728
-0.447680
-0.447662
-0.448082
-0.447988
-0.448358
-0.442321
-0.447868
-0.445087
-0.445446
-0.446242
-0.443739
-0.447484
-0.439102
-0.445557
-0.444158
-0.442062
-0.442520
-0.438359
-0.441259
-0.440511
-0.439467
-0.440427
-0.439550
-0.437940
-0.436342
-0.435041
-0.438023
-0.432700
-0.437414
-0.433110
-0.430011
-0.433870
-0.431457
-0.434641
-0.431720
-0.427071
-0.427670
-0.426093
-0.428583
-0.430261
-0.425246
-0.427119
-0.421358
-0.424768
-0.422221
-0.423831
-0.423073
-0.419289
-0.419833
-0.417267
-0.419029
-0.415385
-0.417751
-0.418408
-0.410500
-0.412731
-0.411889
-0.413326
-0.414288
-0.408582
-0.410021
-0.405847
-0.405327
-0.410355
-0.405379
-0.405387
-0.400517
-0.402443
-0.400552
-0.400647
-0.399437
-0.396904
-0.395290
-0.397579
-0.397835
-0.389351
-0.392012
-0.393411
-0.389778
-0.386870
-0.387958
-0.387339
-0.385310
-0.385449
-0.383314
-0.380491
-0.380091
-0.381317
-0.380589
-0.376697
-0.373850
-0.373334
-0.374318
-0.371404
-0.373441
-0.368448
-0.368627
-0.366763
-0.365310
-0.365467
-0.365913
-0.358624
-0.359346
-0.361066
-0.355247
-0.357025
-0.353001
-0.356980
-0.348493
-0.353655
-0.348340
-0.348810
-0.347425
-0.341654
-0.342875
-0.346151
-0.341728
-0.335855
-0.338952
-0.336826
-0.331983
-0.336535
-0.333180
-0.328046
-0.327158
-0.328153
-0.325287
-0.323497
-0.323833
-0.320617
-0.316829
-0.320868
-0.315206
-0.314856
-0.315399
-0.307944
-0.307073
-0.309616
-0.306660
-0.306494
-0.300851
-0.300309
-0.299066
-0.295907
-0.301123
-0.293885
-0.291969
-0.293357
-0.288217
-0.288508
-0.283901
-0.286080
-0.282662
-0.283546
-0.276241
-0.277981
-0.273166
-0.273734
-0.273057
-0.267286
-0.270465
-0.263166
-0.264461
-0.262545
-0.261916
-0.260318
-0.253340
-0.256678
-0.250048
-0.251866
-0.250971
-0.246099
-0.246934
-0.242942
-0.240393
-0.239418
-0.238629
-0.237294
-0.232508
-0.230939
-0.228896
-0.231145
-0.224751
-0.220982
-0.224008
-0.220717
-0.219355
-0.214910
-0.211844
-0.212301
-0.207924
-0.206749
-0.209724
-0.202612
-0.201705
-0.200175
-0.195092
-0.195928
-0.194653
-0.190803
-0.190155
-0.187877
-0.184369
-0.178073
-0.180796
-0.179150
-0.177000
-0.176883
-0.168333
-0.166934
-0.168750
-0.167913
-0.163011
-0.163772
-0.155047
-0.157513
-0.157927
-0.146420
-0.154112
-0.149319
-0.143395
-0.143345
-0.138694
-0.138604
-0.134237
-0.134806
-0.132114
-0.129543
-0.126152
-0.121985
-0.120773
-0.120670
-0.117051
-0.114315
-0.114221
-0.110517
-0.108310
-0.105717
-0.098771
-0.104748
-0.101786
-0.091492
-0.095396
-0.090949
-0.090787
-0.083054
-0.087246
-0.083640
-0.076331
-0.079580
-0.075782
-0.075436
-0.067474
-0.065430
-0.065833
-0.066495
-0.058136
-0.058910
-0.055907
-0.055111
-0.050813
-0.052063
-0.041487
-0.039737
-0.039519
-0.041286
-0.039020
-0.034894
-0.027845
-0.028790
-0.026907
-0.022327
-0.020702
-0.021547
-0.017433
-0.011241
-0.009859
-0.009148
-0.007286
-0.004367
-0.001849
0.001317
0.004223
0.007163
0.005256
0.011290
0.019061
0.012758
0.017230
0.017927
0.024309
0.025473
0.030374
0.031000
0.035069
0.035848
0.037550
0.041682
0.042008
0.046282
0.048300
0.051053
0.050253
0.061435
0.056968
0.063311
0.059038
0.068433
0.070017
0.070212
0.073333
0.075449
0.078657
0.080294
0.083461
0.085712
0.093949
0.088611
0.093393
0.096901
0.098117
0.101568
0.101841
0.108215
0.109792
0.110387
0.114412
0.118269
0.116115
0.123549
0.122012
0.126567
0.128493
0.132667
0.132770
0.135469
0.137154
0.143604
0.144684
0.147566
0.149401
0.149368
0.154052
0.158522
0.156182
0.160084
0.166959
0.166188
0.168021
0.169902
0.175214
0.177466
0.178246
0.176716
0.182682
0.189091
0.187187
0.191069
0.192032
0.192490
0.200789
0.201090
0.202248
0.204134
0.209793
0.209361
0.210497
0.214165
0.214896
0.224641
0.223785
0.221134
0.229997
0.226561
0.232818
0.233282
0.234742
0.240671
0.241366
0.245074
0.243911
0.250094
0.250750
0.250938
0.255659
0.256949
0.258956
0.262482
0.266042
0.267519
0.268904
0.270110
0.273134
0.277828
0.279388
0.278858
0.282275
0.281314
0.288510
0.291306
0.293096
0.290039
0.299277
0.299875
0.299614
0.302228
0.304662
0.311891
0.306404
0.309977
0.316266
0.319792
0.316863
0.319617
0.322287
0.326064
0.326134
0.329653
0.330862
0.335534
0.335057
0.333485
0.341798
0.344661
0.342419
0.347003
0.346418
0.352519
0.352624
0.351118
0.356354
0.360943
0.357039
0.363420
0.364122
0.370949
0.368252
0.369262
0.370647
0.375449
0.376719
0.378321
0.382599
0.381366
0.381947
0.386786
0.387381
0.392707
0.391508
0.396572
0.389278
0.399064
0.397752
0.400295
0.406361
0.402361
0.407686
0.407156
0.410785
0.411582
0.416083
0.416364
0.417942
0.419461
0.416863
0.422976
0.426422
0.424359
0.427795
0.428647
0.428271
0.434264
0.435071
0.434204
0.437873
0.439213
0.442636
0.441980
0.441665
0.448921
0.448005
0.447845
0.452258
0.450238
0.453051
0.457396
0.459044
0.457925
0.457058
0.461796
0.461942
0.471996
0.460326
0.465161
0.467023
0.472750
0.466063
0.476891
0.475638
0.474875
0.474196
0.477333
0.481118
0.478098
0.482972
0.482489
0.486034
0.483306
0.489353
0.483728
0.494465
0.488452
0.492155
0.491748
0.495375
0.490662
0.500260
0.495539
0.498163
0.499970
0.502019
0.500010
0.504904
0.503873
0.501868
0.508453
0.505619
0.509870
0.511905
0.508648
0.506516
0.517654
0.510934
0.512407
0.514047
0.519939
0.515149
0.516253
0.519454
0.520014
0.520167
0.521311
0.519291
0.526592
0.523900
0.523605
0.524651
0.527446
0.525731
0.525562
0.531188
0.527410
0.527763
0.532542
0.530882
0.530888
0.533051
0.531950
0.533198
0.534413
0.532863
0.534916
0.537308
0.535121
0.536117
0.538383
0.536693
0.540088
0.537019
0.536938
0.539255
0.541177
0.541758
0.537697
0.542059
0.541236
0.544702
0.542672
0.539427
0.541212
0.544642
0.543479
0.541158
0.546703
0.542226
0.543420
0.544528
0.545684
0.543576
0.541536
0.547448
0.545401
0.543541
0.546386
0.546582
0.546571
0.545115
0.543918
0.544712
0.549463
0.544709
0.545975
0.545166
0.542009
0.546978
0.543730
0.548259
0.545732
0.544838
0.540703
0.549424
0.543121
0.540805
0.548719
0.539205
0.543608
0.545461
0.542873
0.542538
0.543652
0.538303
0.543307
0.542680
0.539583
0.543403
0.539896
0.536037
0.542584
0.540589
0.540103
0.534568
0.540959
0.536505
0.539528
0.535831
0.533346
0.537209
0.533809
0.533721
0.537263
0.529987
0.533294
0.533726
0.525231
0.532223
0.531757
0.531042
0.528056
0.524791
0.527324
0.523354
0.526750
0.525394
0.521067
0.524312
0.521145
0.518527
0.521259
0.522093
0.517051
0.517992
0.518458
0.509438
0.518531
0.513377
0.511445
0.512154
0.508387
0.509502
0.510398
0.507894
0.505287
0.503721
0.506733
0.504016
0.501889
0.498870
0.498160
0.498183
0.497840
0.497928
0.496515
0.489222
0.490713
0.489656
0.494167
0.483532
0.489383
0.487844
0.485443
0.480472
0.480748
0.483881
0.477683
0.476769
0.475126
0.476743
0.475000
0.471358
0.470276
0.469229
0.471834
0.466303
0.462833
0.463052
0.463810
0.461502
0.457920
0.453981
0.457037
0.457214
0.451940
0.451242
0.447175
0.448935
0.446229
0.441855
0.442340
0.439549
0.437962
0.441165
0.433441
0.432205
0.433897
0.429089
0.431050
0.424389
0.427761
0.423491
0.415703
0.417911
0.417179
0.412440
0.414914
0.410457
0.411912
0.407373
0.404425
0.401253
0.401723
0.401725
0.400791
0.395326
0.391715
0.393253
0.390616
0.385038
0.385245
0.384381
0.381824
0.381970
0.375659
0.374455
0.373647
0.370181
0.367505
0.368485
0.365899
0.362544
0.358378
0.356265
0.356712
0.351904
0.348892
0.350993
0.345555
0.349040
0.338134
0.337126
0.339762
0.334000
0.331292
0.331719
0.323396
0.329994
0.322691
0.318507
0.316903
0.316994
0.314701
0.308404
0.309315
0.307551
0.303617
0.299972
0.301567
0.292249
0.294334
0.289964
0.287081
0.289938
0.283382
0.278134
0.278638
0.275555
0.272037
0.272141
0.266587
0.262803
0.269052
0.257667
0.254509
0.255925
0.254899
0.248197
0.243929
0.244956
0.240763
0.240219
0.236223
0.232299
0.230997
0.229783
0.225168
0.218184
0.220315
0.218959
0.213786
0.208786
0.210562
0.204881
0.205389
0.199800
0.194011
0.196768
0.192705
0.188085
0.187947
0.184437
0.176042
0.181176
0.175587
0.169677
0.166538
0.168181
0.164702
0.159229
0.156119
0.155050
0.151478
0.149896
0.144196
0.147986
0.134710
0.139551
0.127985
0.136473
0.126168
0.122587
0.123586
0.117693
0.119561
0.110860
0.108724
0.107704
0.100823
0.101734
0.101772
0.091735
0.095176
0.086626
0.085296
0.082508
0.078348
0.075610
0.077207
0.068613
0.071704
0.061732
0.055364
0.063607
0.053373
0.055547
0.044309
0.048619
0.040943
0.040552
0.035857
0.035324
0.027346
0.029939
0.023366
0.020943
0.016859
0.017380
0.012091
0.009541
0.006257
0.006270
-0.007885
-0.000234
-0.009255
-0.006536
-0.017290
-0.018223
-0.013665
-0.024793
-0.027075
-0.027530
-0.031328
-0.036814
-0.036866
-0.045696
-0.041174
-0.048736
-0.050322
-0.052134
-0.060274
-0.057883
-0.062280
-0.072109
-0.067243
-0.074271
-0.074381
-0.079172
-0.080743
-0.085619
-0.090609
-0.091986
-0.093600
-0.093510
-0.105300
-0.103584
-0.108075
-0.111948
-0.112304
-0.114989
-0.118086
-0.127184
-0.122491
-0.133965
-0.127975
-0.136576
-0.140666
-0.143002
-0.143878
-0.145772
-0.148339
-0.158433
-0.156852
-0.161283
-0.163754
-0.164765
-0.166119
-0.179115
-0.175798
-0.178512
-0.179986
-0.180504
-0.192312
-0.189599
-0.196753
-0.195052
-0.204722
-0.200518
-0.201759
-0.211009
-0.216270
-0.216854
-0.217551
-0.221997
-0.221835
-0.226412
-0.232329
-0.237307
-0.234771
-0.241629
-0.239499
-0.244736
-0.250538
-0.248699
-0.256800
-0.254533
-0.261784
-0.264483
-0.263322
-0.270631
-0.271674
-0.277487
-0.276202
-0.280494
-0.285051
-0.284659
-0.289589
-0.293164
-0.295763
-0.300145
-0.301414
-0.303444
-0.307005
-0.311023
-0.312222
-0.315142
-0.318785
-0.321879
-0.321370
-0.328560
-0.328147
-0.336283
-0.334235
-0.337120
-0.343519
-0.343451
-0.342506
-0.352126
-0.352776
-0.356559
-0.355946
-0.359259
-0.365649
-0.359441
-0.370436
-0.374780
-0.372861
-0.375877
-0.379344
-0.381873
-0.381674
-0.388056
-0.391922
-0.397077
-0.393118
-0.398268
-0.396814
-0.403588
-0.408876
-0.404005
-0.412640
-0.413904
-0.415091
-0.418202
-0.425632
-0.422419
-0.423187
-0.432196
-0.428015
-0.433202
-0.436592
-0.438112
-0.440818
-0.442303
-0.448025
-0.445870
-0.452822
-0.450126
-0.455566
-0.454744
-0.463178
-0.462451
-0.466714
-0.462160
-0.470707
-0.473363
-0.474201
-0.475219
-0.479659
-0.482475
-0.479781
-0.487037
-0.485176
-0.489407
-0.492400
-0.492411
-0.498731
-0.494337
-0.502655
-0.498903
-0.505426
-0.506532
-0.510965
-0.509322
-0.515353
-0.514499
-0.517154
-0.524328
-0.515123
-0.524135
-0.525597
-0.528693
-0.526211
-0.534320
-0.534233
-0.530454
-0.540089
-0.537282
-0.541785
-0.545747
-0.541359
-0.548350
-0.545344
-0.553094
-0.552235
-0.550462
-0.556630
-0.560038
-0.559186
-0.557834
-0.566471
-0.562358
-0.565752
-0.568695
-0.565386
-0.572968
-0.578317
-0.566573
-0.580796
-0.577628
-0.577925
-0.580221
-0.580261
-0.587726
-0.581672
-0.587122
-0.587473
-0.591097
-0.588151
-0.593616
-0.598065
-0.594334
-0.593263
-0.601642
-0.598173
-0.598907
-0.599133
-0.616415
-0.599987
-0.604684
-0.609276
-0.612087
-0.604939
-0.610686
-0.616792
-0.610208
-0.614126
-0.619016
-0.614934
-0.620761
-0.618337
-0.623740
-0.617359
-0.626735
-0.621110
-0.626572
-0.623971
-0.629899
-0.624855
-0.629816
-0.630743
-0.632318
-0.629841
-0.635043
-0.630811
-0.631044
-0.639518
-0.629180
-0.640391
-0.635437
-0.640429
-0.639511
-0.638213
-0.639335
-0.640226
-0.642529
-0.643329
-0.644053
-0.642747
-0.645707
-0.643734
-0.647210
-0.648547
-0.644489
-0.646529
-0.654074
-0.647070
-0.650808
-0.645994
-0.649375
-0.654347
-0.651670
-0.651692
-0.647554
-0.654031
-0.655110
-0.655454
-0.647135
-0.653517
-0.657128
-0.652843
-0.653105
-0.659379
-0.652935
-0.656896
-0.652225
-0.660359
-0.657462
-0.650122
-0.660277
-0.655270
-0.658238
-0.653386
-0.657785
-0.659736
-0.654580
-0.660070
-0.659763
-0.650584
-0.657822
-0.650584
-0.659763
-0.660070
-0.654580
-0.659736
-0.657785
-0.653386
-0.658238
-0.655270
-0.660277
-0.650122
-0.657462
-0.660359
-0.652225
-0.656896
-0.652935
-0.659379
-0.653105
-0.652843
-0.657128
-0.653517
-0.647135
-0.655454
-0.655110
-0.654031
-0.647554
-0.651692
-0.651670
-0.654347
-0.649375
-0.645994
-0.650808
-0.647070
-0.654074
-0.646529
-0.644489
-0.648547
-0.647210
-0.643734
-0.645707
-0.642747
-0.644053
-0.643329
-0.642529
-0.640226
-0.639335
-0.638213
-0.639511
-0.640429
-0.635437
-0.640391
-0.629180
-0.639518
-0.631044
-0.630811
-0.635043
-0.629841
-0.632318
-0.630743
-0.629816
-0.624855
-0.629899
-0.623971
-0.626572
-0.621110
-0.626735
-0.617359
-0.623740
-0.618337
-0.620761
-0.614934
-0.619016
-0.614126
-0.610208
-0.616792
-0.610686
-0.604939
-0.612087
-0.609276
-0.604684
-0.599987
-0.616415
-0.599133
-0.598907
-0.598173
-0.601642
-0.593263
-0.594334
-0.598065
-0.593616
-0.588151
-0.591097
-0.587473
-0.587122
-0.581672
-0.587726
-0.580261
-0.580221
-0.577925
-0.577628
-0.580796
-0.566573
-0.578317
-0.572968
-0.565386
-0.568695
-0.565752
-0.562358
-0.566471
-0.557834
-0.559186
-0.560038
-0.556630
-0.550462
-0.552235
-0.553094
-0.545344
-0.548350
-0.541359
-0.545747
-0.541785
-0.537282
-0.540089
-0.530454
-0.534233
-0.534320
-0.526211
-0.528693
-0.525597
-0.524135
-0.515123
-0.524328
-0.517154
-0.514499
-0.515353
-0.509322
-0.510965
-0.506532
-0.505426
-0.498903
-0.502655
-0.494337
-0.498731
-0.492411
-0.492400
-0.489407
-0.485176
-0.487037
-0.479781
-0.482475
-0.479659
-0.475219
-0.474201
-0.473363
-0.470707
-0.462160
-0.466714
-0.462451
-0.463178
-0.454744
-0.455566
-0.450126
-0.452822
-0.445870
-0.448025
-0.442303
-0.440818
-0.438112
-0.436592
-0.433202
-0.428015
-0.432196
-0.423187
-0.422419
-0.425632
-0.418202
-0.415091
-0.413904
-0.412640
-0.404005
-0.408876
-0.403588
-0.396814
-0.398268
-0.393118
-0.397077
-0.391922
-0.388056
-0.381674
-0.381873
-0.379344
-0.375877
-0.372861
-0.374780
-0.370436
-0.359441
-0.365649
-0.359259
-0.355946
-0.356559
-0.352776
-0.352126
-0.342506
-0.343451
-0.343519
-0.337120
-0.334235
-0.336283
-0.328147
-0.328560
-0.321370
-0.321879
-0.318785
-0.315142
-0.312222
-0.311023
-0.307005
-0.303444
-0.301414
-0.300145
-0.295763
-0.293164
-0.289589
-0.284659
-0.285051
-0.280494
-0.276202
-0.277487
-0.271674
-0.270631
-0.263322
-0.264483
-0.261784
-0.254533
-0.256800
-0.248699
-0.250538
-0.244736
-0.239499
-0.241629
-0.234771
-0.237307
-0.232329
-0.226412
-0.221835
-0.221997
-0.217551
-0.216854
-0.216270
-0.211009
-0.201759
-0.200518
-0.204722
-0.195052
-0.196753
-0.189599
-0.192312
-0.180504
-0.179986
-0.178512
-0.175798
-0.179115
-0.166119
-0.164765
-0.163754
-0.161283
-0.156852
-0.158433
-0.148339
-0.145772
-0.143878
-0.143002
-0.140666
-0.136576
-0.127975
-0.133965
-0.122491
-0.127184
-0.118086
-0.114989
-0.112304
-0.111948
-0.108075
-0.103584
-0.105300
-0.093510
-0.093600
-0.091986
-0.090609
-0.085619
-0.080743
-0.079172
-0.074381
-0.074271
-0.067243
-0.072109
-0.062280
-0.057883
-0.060274
-0.052134
-0.050322
-0.048736
-0.041174
-0.045696
-0.036866
-0.036814
-0.031328
-0.027530
-0.027075
-0.024793
-0.013665
-0.018223
-0.017290
-0.006536
-0.009255
-0.000234
-0.007885
0.006270
0.006257
0.009541
0.012091
0.017380
0.016859
0.020943
0.023366
0.029939
0.027346
0.035324
0.035857
0.040552
0.040943
0.048619
0.044309
0.055547
0.053373
0.063607
0.055364
0.061732
0.071704
0.068613
0.077207
0.075610
0.078348
0.082508
0.085296
0.086626
0.095176
0.091735
0.101772
0.101734
0.100823
0.107704
0.108724
0.110860
0.119561
0.117693
0.123586
0.122587
0.126168
0.136473
0.127985
0.139551
0.134710
0.147986
0.144196
0.149896
0.151478
0.155050
0.156119
0.159229
0.164702
0.168181
0.166538
0.169677
0.175587
0.181176
0.176042
0.184437
0.187947
0.188085
0.192705
0.196768
0.194011
0.199800
0.205389
0.204881
0.210562
0.208786
0.213786
0.218959
0.220315
0.218184
0.225168
0.229783
0.230997
0.232299
0.236223
0.240219
0.240763
0.244956
0.243929
0.248197
0.254899
0.255925
0.254509
0.257667
0.269052
0.262803
0.266587
0.272141
0.272037
0.275555
0.278638
0.278134
0.283382
0.289938
0.287081
0.289964
0.294334
0.292249
0.301567
0.299972
0.303617
0.307551
0.309315
0.308404
0.314701
0.316994
0.316903
0.318507
0.322691
0.329994
0.323396
0.331719
0.331292
0.334000
0.339762
0.337126
0.338134
0.349040
0.345555
0.350993
0.348892
0.351904
0.356712
0.356265
0.358378
0.362544
0.365899
0.368485
0.367505
0.370181
0.373647
0.374455
0.375659
0.381970
0.381824
0.384381
0.385245
0.385038
0.390616
0.393253
0.391715
0.395326
0.400791
0.401725
0.401723
0.401253
0.404425
0.407373
0.411912
0.410457
0.414914
0.412440
0.417179
0.417911
0.415703
0.423491
0.427761
0.424389
0.431050
0.429089
0.433897
0.432205
0.433441
0.441165
0.437962
0.439549
0.442340
0.441855
0.446229
0.448935
0.447175
0.451242
0.451940
0.457214
0.457037
0.453981
0.457920
0.461502
0.463810
0.463052
0.462833
0.466303
0.471834
0.469229
0.470276
0.471358
0.475000
0.476743
0.475126
0.476769
0.477683
0.483881
0.480748
0.480472
0.485443
0.487844
0.489383
0.483532
0.494167
0.489656
0.490713
0.489222
0.496515
0.497928
0.497840
0.498183
0.498160
0.498870
0.501889
0.504016
0.506733
0.503721
0.505287
0.507894
0.510398
0.509502
0.508387
0.512154
0.511445
0.513377
0.518531
0.509438
0.518458
0.517992
0.517051
0.522093
0.521259
0.518527
0.521145
0.524312
0.521067
0.525394
0.526750
0.523354
0.527324
0.524791
0.528056
0.531042
0.531757
0.532223
0.525231
0.533726
0.533294
0.529987
0.537263
0.533721
0.533809
0.537209
0.533346
0.535831
0.539528
0.536505
0.540959
0.534568
0.540103
0.540589
0.542584
0.536037
0.539896
0.543403
0.539583
0.542680
0.543307
0.538303
0.543652
0.542538
0.542873
0.545461
0.543608
0.539205
0.548719
0.540805
0.543121
0.549424
0.540703
0.544838
0.545732
0.548259
0.543730
0.546978
0.542009
0.545166
0.545975
0.544709
0.549463
0.544712
0.543918
0.545115
0.546571
0.546582
0.546386
0.543541
0.545401
0.547448
0.541536
0.543576
0.545684
0.544528
0.543420
0.542226
0.546703
0.541158
0.543479
0.544642
0.541212
0.539427
0.542672
0.544702
0.541236
0.542059
0.537697
0.541758
0.541177
0.539255
0.536938
0.537019
0.540088
0.536693
0.538383
0.536117
0.535121
0.537308
0.534916
0.532863
0.534413
0.533198
0.531950
0.533051
0.530888
0.530882
0.532542
0.527763
0.527410
0.531188
0.525562
0.525731
0.527446
0.524651
0.523605
0.523900
0.526592
0.519291
0.521311
0.520167
0.520014
0.519454
0.516253
0.515149
0.519939
0.514047
0.512407
0.510934
0.517654
0.506516
0.508648
0.511905
0.509870
0.505619
0.508453
0.501868
0.503873
0.504904
0.500010
0.502019
0.499970
0.498163
0.495539
0.500260
0.490662
0.495375
0.491748
0.492155
0.488452
0.494465
0.483728
0.489353
0.483306
0.486034
0.482489
0.482972
0.478098
0.481118
0.477333
0.474196
0.474875
0.475638
0.476891
0.466063
0.472750
0.467023
0.465161
0.460326
0.471996
0.461942
0.461796
0.457058
0.457925
0.459044
0.457396
0.453051
0.450238
0.452258
0.447845
0.448005
0.448921
0.441665
0.441980
0.442636
0.439213
0.437873
0.434204
0.435071
0.434264
0.428271
0.428647
0.427795
0.424359
0.426422
0.422976
0.416863
0.419461
0.417942
0.416364
0.416083
0.411582
0.410785
0.407156
0.407686
0.402361
0.406361
0.400295
0.397752
0.399064
0.389278
0.396572
0.391508
0.392707
0.387381
0.386786
0.381947
0.381366
0.382599
0.378321
0.376719
0.375449
0.370647
0.369262
0.368252
0.370949
0.364122
0.363420
0.357039
0.360943
0.356354
0.351118
0.352624
0.352519
0.346418
0.347003
0.342419
0.344661
0.341798
0.333485
0.335057
0.335534
0.330862
0.329653
0.326134
0.326064
0.322287
0.319617
0.316863
0.319792
0.316266
0.309977
0.306404
0.311891
0.304662
0.302228
0.299614
0.299875
0.299277
0.290039
0.293096
0.291306
0.288510
0.281314
0.282275
0.278858
0.279388
0.277828
0.273134
0.270110
0.268904
0.267519
0.266042
0.262482
0.258956
0.256949
0.255659
0.250938
0.250750
0.250094
0.243911
0.245074
0.241366
0.240671
0.234742
0.233282
0.232818
0.226561
0.229997
0.221134
0.223785
0.224641
0.214896
0.214165
0.210497
0.209361
0.209793
0.204134
0.202248
0.201090
0.200789
0.192490
0.192032
0.191069
0.187187
0.189091
0.182682
0.176716
0.178246
0.177466
0.175214
0.169902
0.168021
0.166188
0.166959
0.160084
0.156182
0.158522
0.154052
0.149368
0.149401
0.147566
0.144684
0.143604
0.137154
0.135469
0.132770
0.132667
0.128493
0.126567
0.122012
0.123549
0.116115
0.118269
0.114412
0.110387
0.109792
0.108215
0.101841
0.101568
0.098117
0.096901
0.093393
0.088611
0.093949
0.085712
0.083461
0.080294
0.078657
0.075449
0.073333
0.070212
0.070017
0.068433
0.059038
0.063311
0.056968
0.061435
0.050253
0.051053
0.048300
0.046282
0.042008
0.041682
0.037550
0.035848
0.035069
0.031000
0.030374
0.025473
0.024309
0.017927
0.017230
0.012758
0.019061
0.011290
0.005256
0.007163
0.004223
0.001317
-0.001849
-0.004367
-0.007286
-0.009148
-0.009859
-0.011241
-0.017433
-0.021547
-0.020702
-0.022327
-0.026907
-0.028790
-0.027845
-0.034894
-0.039020
-0.041286
-0.039519
-0.039737
-0.041487
-0.052063
-0.050813
-0.055111
-0.055907
-0.058910
-0.058136
-0.066495
-0.065833
-0.065430
-0.067474
-0.075436
-0.075782
-0.079580
-0.076331
-0.083640
-0.087246
-0.083054
-0.090787
-0.090949
-0.095396
-0.091492
-0.101786
-0.104748
-0.098771
-0.105717
-0.108310
-0.110517
-0.114221
-0.114315
-0.117051
-0.120670
-0.120773
-0.121985
-0.126152
-0.129543
-0.132114
-0.134806
-0.134237
-0.138604
-0.138694
-0.143345
-0.143395
-0.149319
-0.154112
-0.146420
-0.157927
-0.157513
-0.155047
-0.163772
-0.163011
-0.167913
-0.168750
-0.166934
-0.168333
-0.176883
-0.177000
-0.179150
-0.180796
-0.178073
-0.184369
-0.187877
-0.190155
-0.190803
-0.194653
-0.195928
-0.195092
-0.200175
-0.201705
-0.202612
-0.209724
-0.206749
-0.207924
-0.212301
-0.211844
-0.214910
-0.219355
-0.220717
-0.224008
-0.220982
-0.224751
-0.231145
-0.228896
-0.230939
-0.232508
-0.237294
-0.238629
-0.239418
-0.240393
-0.242942
-0.246934
-0.246099
-0.250971
-0.251866
-0.250048
-0.256678
-0.253340
-0.260318
-0.261916
-0.262545
-0.264461
-0.263166
-0.270465
-0.267286
-0.273057
-0.273734
-0.273166
-0.277981
-0.276241
-0.283546
-0.282662
-0.286080
-0.283901
-0.288508
-0.288217
-0.293357
-0.291969
-0.293885
-0.301123
-0.295907
-0.299066
-0.300309
-0.300851
-0.306494
-0.306660
-0.309616
-0.307073
-0.307944
-0.315399
-0.314856
-0.315206
-0.320868
-0.316829
-0.320617
-0.323833
-0.323497
-0.325287
-0.328153
-0.327158
-0.328046
-0.333180
-0.336535
-0.331983
-0.336826
-0.338952
-0.335855
-0.341728
-0.346151
-0.342875
-0.341654
-0.347425
-0.348810
-0.348340
-0.353655
-0.348493
-0.356980
-0.353001
-0.357025
-0.355247
-0.361066
-0.359346
-0.358624
-0.365913
-0.365467
-0.365310
-0.366763
-0.368627
-0.368448
-0.373441
-0.371404
-0.374318
-0.373334
-0.373850
-0.376697
-0.380589
-0.381317
-0.380091
-0.380491
-0.383314
-0.385449
-0.385310
-0.387339
-0.387958
-0.386870
-0.389778
-0.393411
-0.392012
-0.389351
-0.397835
-0.397579
-0.395290
-0.396904
-0.399437
-0.400647
-0.400552
-0.402443
-0.400517
-0.405387
-0.405379
-0.410355
-0.405327
-0.405847
-0.410021
-0.408582
-0.414288
-0.413326
-0.411889
-0.412731
-0.410500
-0.418408
-0.417751
-0.415385
-0.419029
-0.417267
-0.419833
-0.419289
-0.423073
-0.423831
-0.422221
-0.424768
-0.421358
-0.427119
-0.425246
-0.430261
-0.428583
-0.426093
-0.427670
-0.427071
-0.431720
-0.434641
-0.431457
-0.433870
-0.430011
-0.433110
-0.437414
-0.432700
-0.438023
-0.435041
-0.436342
-0.437940
-0.439550
-0.440427
-0.439467
-0.440511
-0.441259
-0.438359
-0.442520
-0.442062
-0.444158
-0.445557
-0.439102
-0.447484
-0.443739
-0.446242
-0.445446
-0.445087
-0.447868
-0.442321
-0.448358
-0.447988
-0.448082
-0.447662
-0.447680
-0.452728
-0.447516
-0.449885
-0.447736
-0.452588
-0.448057
-0.450543
-0.452559
-0.450704
-0.450931
-0.452147
-0.448867
-0.451314
-0.456446
-0.451168
-0.449685
-0.451099
-0.453442
-0.453249
-0.455349
-0.453686
-0.449713
-0.452639
-0.453498
-0.452046
-0.453170
-0.454385
-0.452804
-0.454098
-0.455983
-0.453276
-0.452746
-0.455221
-0.450686
-0.456750
-0.455563
-0.455576
-0.455461
-0.456571
-0.458336
-0.456320
-0.459657
-0.457955
-0.458750
-0.455980
-0.452344
-0.454004
-0.452206
-0.456455
-0.455162
-0.456132
-0.454172
-0.456763
-0.454645
-0.457062
-0.451223
-0.456021
-0.452473
-0.457005
-0.456092
-0.450346
-0.453363
-0.453363
-0.450219
-0.454861
-0.452717
-0.453685
-0.452396
-0.451091
-0.450815
-0.452051
-0.451153
-0.448711
-0.450983
-0.452673
-0.450082
-0.447715
-0.452635
-0.448111
-0.447863
-0.447573
-0.450070
-0.449388
-0.446896
-0.446653
-0.449132
-0.440703
-0.447273
-0.446461
-0.445619
-0.446805
-0.441206
-0.445402
-0.442084
-0.441902
-0.444759
-0.442065
-0.444381
-0.439425
-0.441824
-0.435873
-0.441270
-0.440775
-0.437842
-0.440739
-0.437993
-0.437577
-0.436290
-0.435624
-0.435327
-0.435970
-0.435962
-0.432730
-0.433388
-0.433368
-0.433919
-0.430943
-0.429718
-0.432157
-0.430157
-0.431097
-0.430531
-0.426862
-0.429742
-0.424881
-0.426042
-0.423662
-0.425891
-0.423767
-0.426784
-0.422132
-0.419954
-0.422418
-0.422399
-0.417731
-0.418861
-0.420839
-0.418417
-0.414642
-0.417901
-0.416143
-0.414808
-0.415327
-0.414200
-0.412307
-0.411207
-0.412329
-0.411756
-0.407143
-0.408535
-0.409865
-0.410969
-0.405086
-0.409660
-0.405192
-0.399866
-0.405056
-0.400566
-0.402701
-0.405586
-0.402871
-0.395175
-0.397595
-0.396682
-0.400474
-0.395843
-0.392711
-0.393398
-0.392968
-0.393303
-0.393354
-0.386653
-0.390193
-0.389875
-0.387423
-0.387718
-0.386641
-0.384513
-0.383666
-0.383118
-0.380914
-0.383809
-0.379465
-0.378791
-0.381895
-0.376137
-0.376885
-0.373450
-0.374426
-0.375651
-0.373414
-0.373454
-0.369649
-0.370774
-0.366325
-0.370572
-0.367556
-0.368455
-0.363206
-0.364600
-0.362872
-0.362356
-0.361199
-0.360656
-0.358039
-0.356412
-0.358151
-0.357766
-0.356320
-0.353838
-0.352055
-0.352066
-0.352463
-0.345796
-0.351092
-0.352627
-0.347722
-0.345430
-0.342720
-0.344801
-0.339601
-0.344357
-0.341085
-0.341295
-0.337461
-0.335990
-0.338466
-0.337848
-0.332750
-0.332093
-0.332293
-0.331421
-0.329374
-0.327509
-0.326912
-0.326470
-0.327836
-0.327687
-0.318896
-0.323660
-0.321328
-0.319723
-0.318146
-0.319391
-0.320757
-0.313344
-0.315650
-0.312025
-0.313647
-0.310932
-0.311369
-0.310897
-0.304002
-0.306121
-0.310191
-0.302974
-0.303156
-0.302235
-0.300498
-0.301934
-0.300077
-0.295734
-0.296254
-0.293310
-0.294753
-0.297332
-0.289179
-0.287198
-0.290269
-0.289960
-0.288571
-0.288020
-0.287478
-0.284618
-0.285761
-0.279703
-0.279457
-0.281192
-0.278706
-0.277245
-0.276888
-0.276322
-0.272725
-0.273879
-0.271121
-0.268197
-0.269303
-0.268214
-0.264945
-0.270161
-0.264016
-0.263121
-0.259768
-0.261359
-0.259970
-0.258193
-0.256766
-0.258587
-0.253048
-0.254083
-0.254107
-0.253444
-0.249600
-0.249283
-0.246278
-0.247973
-0.246561
-0.244313
-0.240993
-0.240146
-0.243617
-0.240812
-0.239867
-0.239453
-0.237161
-0.233066
-0.235868
-0.232705
-0.230195
-0.233762
-0.231311
-0.230620
-0.228031
-0.224291
-0.227323
-0.224659
-0.223424
-0.222664
-0.217456
-0.221660
-0.220333
-0.216119
-0.215490
-0.214627
-0.216683
-0.212331
-0.208285
-0.209007
-0.209317
-0.207598
-0.208521
-0.206264
-0.206830
-0.199041
-0.202171
-0.202734
-0.199023
-0.198004
-0.199058
-0.194528
-0.196883
-0.192113
-0.192563
-0.195329
-0.190942
-0.190650
-0.188385
-0.186196
-0.187756
-0.185299
-0.183592
-0.182152
-0.184113
-0.180586
-0.177992
-0.179978
-0.180142
-0.175940
-0.176342
-0.175018
-0.171509
-0.173120
-0.168153
-0.171942
-0.169879
-0.168577
-0.163448
-0.167575
-0.165984
-0.163152
-0.162007
-0.157599
-0.159085
-0.161982
-0.158943
-0.155661
-0.157210
-0.153832
-0.155353
-0.152566
-0.151898
-0.150857
-0.150131
-0.149511
-0.150300
-0.144777
-0.145989
-0.145137
-0.145289
-0.144745
-0.141209
-0.138790
-0.141893
-0.137601
-0.136760
-0.136764
-0.137495
-0.132847
-0.135031
-0.133170
-0.131042
-0.131278
-0.128757
-0.126572
-0.129208
-0.128251
-0.128042
-0.122457
-0.124178
-0.122677
-0.124361
-0.124925
-0.118817
-0.117684
-0.117995
-0.120501
-0.115840
-0.114910
-0.117268
-0.115682
-0.109833
-0.111474
-0.115452
-0.109668
-0.107657
-0.109564
-0.109174
-0.104275
-0.104669
-0.106936
-0.103168
-0.104238
-0.101490
-0.101571
-0.099976
-0.100621
-0.097374
-0.097510
-0.098409
-0.097079
-0.094835
-0.096316
-0.095176
-0.095588
-0.091783
-0.089331
-0.092603
-0.090366
-0.086857
-0.091301
-0.085127
-0.086782
-0.086977
-0.084992
-0.085540
-0.086251
-0.081817
-0.079654
-0.078480
-0.081839
-0.081664
-0.078612
-0.079639
-0.076060
-0.072274
-0.077312
-0.077016
-0.072021
-0.070865
-0.073170
-0.071020
-0.070720
-0.071284
-0.070909
-0.067823
-0.071498
-0.066690
-0.063480
-0.066694
-0.066916
-0.065826
-0.063643
-0.064541
-0.063369
-0.059148
-0.059567
-0.060415
-0.060009
-0.062099
-0.058962
-0.055892
-0.057687
-0.055127
-0.057093
-0.055204
-0.053851
-0.053650
-0.053756
-0.053162
-0.049961
-0.052438
-0.054460
-0.048036
-0.048320
-0.047848
-0.049381
-0.049730
-0.046694
-0.045317
-0.048449
-0.044847
-0.046745
-0.040977
-0.046644
-0.042018
-0.044566
-0.042632
-0.043267
-0.040312
-0.040326
-0.038830
-0.038715
-0.040679
-0.042013
-0.038461
-0.036724
-0.036746
-0.039035
-0.037877
-0.039661
-0.042139
-0.050690
-0.065735
-0.077606


