M_loss: 50, M_sym: 4300.0, M_power: 9000, M_bandwidth: 22.3872113856834
-0.021342
-0.020385
-0.021161
-0.021478
-0.019275
-0.021730
-0.020944
-0.020214
-0.021224
-0.018926
-0.019281
-0.018491
-0.021784
-0.017734
-0.018593
-0.023145
-0.020334
-0.022364
-0.022158
-0.023426
-0.021769
-0.024563
-0.023304
-0.019727
-0.023817
-0.022983
-0.018579
-0.020600
-0.021625
-0.020178
-0.023344
-0.024709
-0.022062
-0.023056
-0.021684
-0.024414
-0.023775
-0.027943
-0.026059
-0.024731
-0.026800
-0.022003
-0.029916
-0.029605
-0.029655
-0.026642
-0.028338
-0.030072
-0.031576
-0.029878
-0.030630
-0.031604
-0.032715
-0.029356
-0.032610
-0.033600
-0.032418
-0.034553
-0.036405
-0.039067
-0.035001
-0.032482
-0.036376
-0.038419
-0.036931
-0.038467
-0.035344
-0.038437
-0.038600
-0.039755
-0.038904
-0.042888
-0.041815
-0.043142
-0.043077
-0.042905
-0.037480
-0.040548
-0.046032
-0.043006
-0.045728
-0.041182
-0.042827
-0.045086
-0.052482
-0.050872
-0.050050
-0.046567
-0.048625
-0.050844
-0.052109
-0.051374
-0.053817
-0.053875
-0.052979
-0.053234
-0.054433
-0.053397
-0.053251
-0.054553
-0.051840
-0.057148
-0.058701
-0.057228
-0.062316
-0.060884
-0.059167
-0.059330
-0.061933
-0.061509
-0.063459
-0.060947
-0.062374
-0.059933
-0.063805
-0.066234
-0.063924
-0.067081
-0.065641
-0.068900
-0.070527
-0.068520
-0.068627
-0.069687
-0.074520
-0.070351
-0.072717
-0.077470
-0.076611
-0.077472
-0.077607
-0.075009
-0.076086
-0.078183
-0.076589
-0.075926
-0.080918
-0.078128
-0.078902
-0.081107
-0.083289
-0.082273
-0.084505
-0.082348
-0.086049
-0.083061
-0.088603
-0.087285
-0.088829
-0.089100
-0.090619
-0.089972
-0.091747
-0.091267
-0.092190
-0.094021
-0.094092
-0.099706
-0.092104
-0.094995
-0.095787
-0.098636
-0.099846
-0.098878
-0.100619
-0.098711
-0.101130
-0.105320
-0.102376
-0.105156
-0.104720
-0.109175
-0.105250
-0.109373
-0.110025
-0.112293
-0.111003
-0.109180
-0.113266
-0.106963
-0.110780
-0.113527
-0.117516
-0.116612
-0.119374
-0.118492
-0.119899
-0.118926
-0.122588
-0.121380
-0.122114
-0.121707
-0.126775
-0.128822
-0.125095
-0.129715
-0.127595
-0.129506
-0.130073
-0.131520
-0.131275
-0.134026
-0.133074
-0.136065
-0.138080
-0.140123
-0.137024
-0.134005
-0.135600
-0.145478
-0.141254
-0.144189
-0.142459
-0.146629
-0.146518
-0.150354
-0.148479
-0.147855
-0.146647
-0.149305
-0.149116
-0.150297
-0.150561
-0.149742
-0.154039
-0.149039
-0.154144
-0.155470
-0.154588
-0.162919
-0.158962
-0.162720
-0.161595
-0.161612
-0.163217
-0.163365
-0.165263
-0.161855
-0.167239
-0.162489
-0.171274
-0.164093
-0.169702
-0.168664
-0.174293
-0.174073
-0.168055
-0.175262
-0.174105
-0.173065
-0.174446
-0.177069
-0.175397
-0.176248
-0.184744
-0.180310
-0.182596
-0.184243
-0.180251
-0.186125
-0.187438
-0.187517
-0.187737
-0.184020
-0.187815
-0.194933
-0.188440
-0.192043
-0.194010
-0.193498
-0.195879
-0.196432
-0.193689
-0.199726
-0.199431
-0.197348
-0.194799
-0.200960
-0.203572
-0.204723
-0.203220
-0.205077
-0.208546
-0.205982
-0.207602
-0.208694
-0.210321
-0.211745
-0.212628
-0.212539
-0.216461
-0.214897
-0.214657
-0.215631
-0.217415
-0.218344
-0.225065
-0.217590
-0.220830
-0.222434
-0.212280
-0.226155
-0.225745
-0.226760
-0.229118
-0.226256
-0.225326
-0.230882
-0.232347
-0.230911
-0.229433
-0.233307
-0.234942
-0.235719
-0.234847
-0.232798
-0.236864
-0.238140
-0.237423
-0.240222
-0.239206
-0.241653
-0.241136
-0.241788
-0.243833
-0.245112
-0.243233
-0.245722
-0.247436
-0.248904
-0.251041
-0.244494
-0.248299
-0.251743
-0.250947
-0.255763
-0.252478
-0.255351
-0.258256
-0.257878
-0.260508
-0.257331
-0.257316
-0.261903
-0.260275
-0.261381
-0.259186
-0.260754
-0.264334
-0.264707
-0.268180
-0.266940
-0.271075
-0.271342
-0.269879
-0.274189
-0.269056
-0.272727
-0.273205
-0.274748
-0.274028
-0.277685
-0.277016
-0.273250
-0.280445
-0.277133
-0.281804
-0.280080
-0.283595
-0.282588
-0.287253
-0.289835
-0.285381
-0.285176
-0.282818
-0.286469
-0.287237
-0.287274
-0.294119
-0.290909
-0.295321
-0.291063
-0.293009
-0.297481
-0.298141
-0.296845
-0.299995
-0.298174
-0.299640
-0.302100
-0.301739
-0.299468
-0.304293
-0.301543
-0.307271
-0.308741
-0.307858
-0.306463
-0.310245
-0.309460
-0.311005
-0.308245
-0.314804
-0.316705
-0.316413
-0.309687
-0.312960
-0.316115
-0.317659
-0.321055
-0.321130
-0.320850
-0.320925
-0.320146
-0.327017
-0.321534
-0.326456
-0.326666
-0.323118
-0.325252
-0.324934
-0.330436
-0.329648
-0.327321
-0.327743
-0.329536
-0.332138
-0.331586
-0.334038
-0.333515
-0.335921
-0.329367
-0.339026
-0.332908
-0.341681
-0.341162
-0.341321
-0.346555
-0.338509
-0.342859
-0.340732
-0.343540
-0.346549
-0.342207
-0.343010
-0.344764
-0.347505
-0.348938
-0.348165
-0.347257
-0.347067
-0.352937
-0.348834
-0.355138
-0.353829
-0.350549
-0.348485
-0.357408
-0.356448
-0.356757
-0.357478
-0.360906
-0.357881
-0.360524
-0.357893
-0.360646
-0.361734
-0.362328
-0.362476
-0.366251
-0.362967
-0.359116
-0.364554
-0.366480
-0.365560
-0.362801
-0.364794
-0.368941
-0.368629
-0.371403
-0.365871
-0.369452
-0.368093
-0.372392
-0.373511
-0.373242
-0.373760
-0.373872
-0.377243
-0.375113
-0.376089
-0.378989
-0.377120
-0.372415
-0.379838
-0.380025
-0.379618
-0.379927
-0.378137
-0.384126
-0.380425
-0.380462
-0.384908
-0.381951
-0.383851
-0.383260
-0.383372
-0.381297
-0.386903
-0.383176
-0.384817
-0.383689
-0.380997
-0.388679
-0.387922
-0.388175
-0.383702
-0.389804
-0.390599
-0.392876
-0.388568
-0.389359
-0.392714
-0.390758
-0.387191
-0.389482
-0.392084
-0.392816
-0.396143
-0.396104
-0.394812
-0.394851
-0.395888
-0.396779
-0.394154
-0.391892
-0.394295
-0.396687
-0.396185
-0.396112
-0.395443
-0.396152
-0.399603
-0.395436
-0.393909
-0.396620
-0.396598
-0.398792
-0.399598
-0.401339
-0.400048
-0.400230
-0.401099
-0.402761
-0.401749
-0.403530
-0.398921
-0.404042
-0.404850
-0.405123
-0.401027
-0.404846
-0.401088
-0.399806
-0.402279
-0.406470
-0.397900
-0.401557
-0.404062
-0.402292
-0.396676
-0.404927
-0.401445
-0.407409
-0.396253
-0.403958
-0.402112
-0.404508
-0.404962
-0.399578
-0.398475
-0.404921
-0.400406
-0.400353
-0.401540
-0.407041
-0.403092
-0.398664
-0.401856
-0.402255
-0.406846
-0.404750
-0.405352
-0.401531
-0.407752
-0.406040
-0.401007
-0.404570
-0.400994
-0.404736
-0.402131
-0.404210
-0.398844
-0.399250
-0.401916
-0.400461
-0.399958
-0.402394
-0.397977
-0.401216
-0.399754
-0.400659
-0.399919
-0.400832
-0.401252
-0.400219
-0.401390
-0.401624
-0.401744
-0.397823
-0.398562
-0.398955
-0.397932
-0.401318
-0.400166
-0.397986
-0.398191
-0.397472
-0.398565
-0.396378
-0.396662
-0.398897
-0.394056
-0.399291
-0.393027
-0.390405
-0.396522
-0.397532
-0.394849
-0.393079
-0.390141
-0.397420
-0.396333
-0.393358
-0.387911
-0.390827
-0.394388
-0.391746
-0.394411
-0.392041
-0.387135
-0.391837
-0.388208
-0.388050
-0.390678
-0.385836
-0.389428
-0.387804
-0.384802
-0.383756
-0.382751
-0.385635
-0.383241
-0.387059
-0.386300
-0.381395
-0.380814
-0.384560
-0.382501
-0.383907
-0.384921
-0.383891
-0.387614
-0.382177
-0.377629
-0.381909
-0.377199
-0.376949
-0.372015
-0.377815
-0.372402
-0.374525
-0.376364
-0.370639
-0.374239
-0.371696
-0.374560
-0.372242
-0.370632
-0.367191
-0.364489
-0.366146
-0.372203
-0.365742
-0.367388
-0.367835
-0.368036
-0.362810
-0.364867
-0.365927
-0.365417
-0.355722
-0.358286
-0.357359
-0.358541
-0.362203
-0.360603
-0.360704
-0.359467
-0.356304
-0.353019
-0.357502
-0.348102
-0.350728
-0.353336
-0.350120
-0.342690
-0.350248
-0.345314
-0.346839
-0.344828
-0.338767
-0.342154
-0.343013
-0.343033
-0.338597
-0.339800
-0.337495
-0.341087
-0.336221
-0.335865
-0.332105
-0.330338
-0.333884
-0.330814
-0.330508
-0.332789
-0.328227
-0.328128
-0.322830
-0.327376
-0.323226
-0.325258
-0.323337
-0.319271
-0.319378
-0.316998
-0.317756
-0.312644
-0.309234
-0.310503
-0.315365
-0.313892
-0.308409
-0.309730
-0.302566
-0.307969
-0.305439
-0.301860
-0.306497
-0.301725
-0.300703
-0.298289
-0.298245
-0.291693
-0.293760
-0.295127
-0.292891
-0.296167
-0.288608
-0.291951
-0.285364
-0.288426
-0.283129
-0.284402
-0.286381
-0.286104
-0.278596
-0.282925
-0.277417
-0.279775
-0.275629
-0.275532
-0.268390
-0.276228
-0.269643
-0.266598
-0.263333
-0.265886
-0.265661
-0.264257
-0.263762
-0.257038
-0.256454
-0.257054
-0.257145
-0.255902
-0.254614
-0.254653
-0.254560
-0.249006
-0.248891
-0.246592
-0.245528
-0.245478
-0.239318
-0.241664
-0.238673
-0.232310
-0.236889
-0.236806
-0.228563
-0.228370
-0.228870
-0.225266
-0.224042
-0.228651
-0.220950
-0.219082
-0.219831
-0.214106
-0.217014
-0.213051
-0.212125
-0.213928
-0.209112
-0.208863
-0.206733
-0.203922
-0.209042
-0.201864
-0.201051
-0.199378
-0.197391
-0.192574
-0.194730
-0.185910
-0.186821
-0.187949
-0.186836
-0.185251
-0.183836
-0.181242
-0.171367
-0.176424
-0.176099
-0.174580
-0.172651
-0.176580
-0.169480
-0.166708
-0.167671
-0.166337
-0.160543
-0.158568
-0.156147
-0.157165
-0.154982
-0.155270
-0.154305
-0.150557
-0.152341
-0.143017
-0.142728
-0.144117
-0.142371
-0.139894
-0.132743
-0.141841
-0.133462
-0.136943
-0.132556
-0.125834
-0.123923
-0.123487
-0.124731
-0.122722
-0.120640
-0.117297
-0.117845
-0.110524
-0.109004
-0.111394
-0.103767
-0.110703
-0.106446
-0.103310
-0.097438
-0.098156
-0.095820
-0.095640
-0.093695
-0.089606
-0.091900
-0.083934
-0.086842
-0.081407
-0.083844
-0.078452
-0.076130
-0.082194
-0.077637
-0.074535
-0.069156
-0.065358
-0.065950
-0.064191
-0.064197
-0.066058
-0.059642
-0.055558
-0.052306
-0.057695
-0.052250
-0.045321
-0.044162
-0.045338
-0.041199
-0.045409
-0.040976
-0.036073
-0.037050
-0.035046
-0.031170
-0.027194
-0.030314
-0.024484
-0.027371
-0.026015
-0.021824
-0.019364
-0.021715
-0.012823
-0.012831
-0.010231
-0.004338
-0.006722
-0.010368
-0.007241
-0.002027
0.004094
0.004596
0.002761
0.005528
0.008935
0.008119
0.016594
0.012993
0.016027
0.018199
0.017481
0.019616
0.025268
0.025617
0.030010
0.028657
0.031303
0.032686
0.041364
0.033970
0.040228
0.045785
0.045283
0.046430
0.046063
0.052933
0.050454
0.052396
0.055151
0.059009
0.059518
0.065114
0.065955
0.067208
0.067150
0.066791
0.068925
0.070661
0.072452
0.076126
0.084005
0.083019
0.085928
0.086316
0.086745
0.094056
0.091310
0.095903
0.097829
0.095949
0.100632
0.099064
0.102642
0.104734
0.108734
0.108172
0.110535
0.109209
0.110749
0.118366
0.117292
0.122039
0.124177
0.125365
0.127604
0.129360
0.131380
0.130776
0.137607
0.137246
0.142407
0.140238
0.144005
0.144576
0.145577
0.145333
0.149917
0.147696
0.154413
0.156534
0.155343
0.160074
0.161586
0.165491
0.164886
0.171242
0.167099
0.166737
0.171026
0.171104
0.178834
0.178025
0.181341
0.181839
0.181932
0.185203
0.186546
0.194010
0.188460
0.193043
0.192317
0.197561
0.198536
0.200443
0.204986
0.204288
0.206079
0.214123
0.207836
0.213013
0.208216
0.216243
0.221281
0.221271
0.222920
0.222174
0.227798
0.228536
0.227031
0.231439
0.232559
0.228917
0.233169
0.238405
0.243938
0.243693
0.248754
0.246885
0.242645
0.244582
0.253693
0.250799
0.255328
0.257948
0.258893
0.259251
0.265949
0.263427
0.268896
0.268691
0.270236
0.271578
0.273998
0.269803
0.276940
0.275657
0.282787
0.282880
0.284196
0.283696
0.293471
0.284266
0.287911
0.289952
0.286459
0.297434
0.295044
0.297845
0.304292
0.305162
0.302136
0.301998
0.306438
0.311724
0.309736
0.311720
0.315704
0.312431
0.314701
0.315417
0.317362
0.325826
0.323635
0.325570
0.324753
0.329373
0.332522
0.334667
0.330021
0.331054
0.343530
0.338178
0.342011
0.339547
0.340222
0.346049
0.346615
0.350809
0.351329
0.344589
0.356664
0.351894
0.351983
0.353590
0.358605
0.362613
0.355739
0.367201
0.366449
0.367445
0.368640
0.368351
0.375118
0.370211
0.374528
0.374819
0.377668
0.376307
0.378446
0.384093
0.385607
0.381681
0.380255
0.387146
0.387968
0.383084
0.387857
0.394626
0.391567
0.391034
0.395614
0.400024
0.399714
0.399403
0.400727
0.403335
0.402969
0.404693
0.408110
0.407648
0.407962
0.406078
0.410746
0.415464
0.414685
0.416067
0.416116
0.418013
0.420969
0.421307
0.414676
0.427351
0.425177
0.419248
0.426866
0.424790
0.431020
0.433713
0.432307
0.429731
0.434869
0.429852
0.434309
0.439397
0.437948
0.437585
0.437683
0.440156
0.444486
0.447427
0.445990
0.446697
0.445147
0.448811
0.449503
0.448986
0.453643
0.452328
0.458259
0.456134
0.454250
0.455990
0.446652
0.456741
0.460003
0.460434
0.461893
0.464975
0.464507
0.469760
0.467262
0.458302
0.470598
0.473058
0.465745
0.471288
0.472977
0.473969
0.472662
0.478903
0.475371
0.478610
0.480514
0.478594
0.477821
0.478003
0.481590
0.482377
0.482421
0.484005
0.485297
0.486928
0.485986
0.494631
0.492976
0.482420
0.489580
0.488488
0.494986
0.494929
0.492302
0.492922
0.500207
0.491512
0.500539
0.501036
0.499481
0.500323
0.502416
0.505523
0.505486
0.499503
0.505391
0.506493
0.506617
0.504129
0.507706
0.503046
0.504867
0.505811
0.509114
0.507333
0.512204
0.511696
0.514097
0.515966
0.516008
0.510045
0.514510
0.520102
0.512931
0.514913
0.517491
0.519085
0.522964
0.518243
0.520406
0.522030
0.526161
0.523947
0.521527
0.525559
0.524533
0.523612
0.529225
0.528475
0.525070
0.528634
0.529618
0.527121
0.524804
0.528429
0.531294
0.534313
0.529882
0.528712
0.533012
0.536350
0.535343
0.534089
0.537379
0.532039
0.533564
0.535417
0.537076
0.539408
0.537080
0.536277
0.539319
0.538917
0.539218
0.544615
0.539196
0.536856
0.548716
0.541739
0.544095
0.540790
0.539306
0.545626
0.541999
0.548076
0.546203
0.549007
0.541883
0.548059
0.551606
0.545205
0.543980
0.548751
0.548980
0.551826
0.547464
0.544528
0.547704
0.549235
0.551404
0.552122
0.549905
0.549950
0.552335
0.550781
0.555660
0.553177
0.549878
0.548709
0.552975
0.552511
0.553234
0.552571
0.552745
0.559147
0.554499
0.549035
0.558435
0.556802
0.551955
0.554587
0.555018
0.547214
0.553876
0.553581
0.550947
0.555653
0.553204
0.553095
0.556927
0.555010
0.554115
0.555590
0.552763
0.558632
0.555914
0.552197
0.555002
0.557803
0.554796
0.552790
0.555819
0.552581
0.557186
0.554272
0.566183
0.556290
0.559579
0.555367
0.554968
0.554497
0.554934
0.556605
0.560764
0.557692
0.551465
0.556130
0.557220
0.559773
0.554062
0.558289
0.550856
0.558323
0.555598
0.557040
0.557567
0.552934
0.559188
0.555052
0.557113
0.559151
0.554565
0.550668
0.560506
0.555281
0.553630
0.559095
0.554044
0.553528
0.552535
0.558341
0.553731
0.553203
0.552288
0.550251
0.552893
0.553036
0.552470
0.557592
0.553422
0.550789
0.553880
0.553966
0.553103
0.553982
0.551801
0.552929
0.555784
0.553249
0.551015
0.551462
0.551362
0.553688
0.552311
0.546883
0.549913
0.549376
0.543807
0.551913
0.552513
0.551072
0.547077
0.548079
0.552714
0.546275
0.550390
0.545384
0.547901
0.548622
0.551114
0.545960
0.544464
0.547594
0.549490
0.543734
0.543741
0.547671
0.541925
0.542092
0.544457
0.551829
0.542286
0.546456
0.544682
0.544967
0.536457
0.543588
0.539899
0.540191
0.540227
0.538824
0.541320
0.539836
0.541633
0.536391
0.544871
0.537039
0.544043
0.537652
0.539425
0.537415
0.538285
0.541436
0.535156
0.533817
0.531643
0.536307
0.533916
0.533771
0.533655
0.536373
0.536663
0.533696
0.532201
0.533026
0.533026
0.529582
0.531485
0.534720
0.531477
0.531380
0.528503
0.527016
0.525893
0.532535
0.527830
0.534279
0.526843
0.524116
0.529582
0.523110
0.523851
0.525190
0.519168
0.528733
0.527915
0.526437
0.520701
0.521151
0.523592
0.527217
0.520930
0.525218
0.519121
0.523868
0.521351
0.520150
0.515279
0.521796
0.520424
0.517574
0.520202
0.520429
0.515015
0.517661
0.526123
0.519284
0.514236
0.516739
0.519013
0.513073
0.512897
0.515602
0.517115
0.511941
0.510800
0.518393
0.509672
0.511433
0.508970
0.514275
0.508075
0.514627
0.511236
0.520412
0.508336
0.509144
0.509540
0.507766
0.507585
0.513642
0.504240
0.498887
0.510034
0.502662
0.513053
0.507167
0.504196
0.505922
0.500861
0.504697
0.512438
0.502562
0.502420
0.503260
0.504204
0.511549
0.498781
0.500561
0.498233
0.501428
0.504116
0.494880
0.499132
0.498137
0.504506
0.501800
0.499486
0.499223
0.494662
0.498157
0.493408
0.494518
0.502880
0.493636
0.499129
0.494168
0.496722
0.500685
0.502068
0.495931
0.490967
0.494501
0.498969
0.491132
0.488963
0.496367
0.493381
0.488182
0.488598
0.488140
0.487534
0.489899
0.484877
0.504415
0.486994
0.492719
0.491277
0.490628
0.484544
0.493485
0.490928
0.485983
0.487932
0.480943
0.487702
0.483747
0.487862
0.487690
0.479370
0.488664
0.486523
0.492649
0.478157
0.484149
0.480728
0.481061
0.483507
0.482256
0.484442
0.486087
0.481560
0.474831
0.484506
0.475338
0.485120
0.475894
0.480211
0.475677
0.481462
0.479620
0.478137
0.472959
0.480194
0.470569
0.493109
0.471926
0.473312
0.482769
0.474148
0.471221
0.469254
0.473605
0.475309
0.471751
0.501925
0.478756
0.466734
0.481119
0.468517
0.466908
0.478322
0.473838
0.465019
0.473104
0.470459
0.468378
0.466562
0.472460
0.476641
0.476650
0.462735
0.469666
0.459548
0.462694
0.469615
0.466309
0.468383
0.474371
0.473686
0.465308
0.469419
0.466225
0.464415
0.474179
0.468197
0.462295
0.463392
0.466364
0.458869
0.465327
0.468678
0.465705
0.456443
0.470344
0.463857
0.468023
0.466400
0.471492
0.452363
0.456282
0.460305
0.468093
0.468355
0.456672
0.466635
0.472850
0.461551
0.466602
0.464367
0.465800
0.457412
0.458057
0.459950
0.473619
0.464605
0.467461
0.447915
0.461567
0.466439
0.450434
0.462000
0.469495
0.463740
0.469495
0.462000
0.450434
0.466439
0.461567
0.447915
0.467461
0.464605
0.473619
0.459950
0.458057
0.457412
0.465800
0.464367
0.466602
0.461551
0.472850
0.466635
0.456672
0.468355
0.468093
0.460305
0.456282
0.452363
0.471492
0.466400
0.468023
0.463857
0.470344
0.456443
0.465705
0.468678
0.465327
0.458869
0.466364
0.463392
0.462295
0.468197
0.474179
0.464415
0.466225
0.469419
0.465308
0.473686
0.474371
0.468383
0.466309
0.469615
0.462694
0.459548
0.469666
0.462735
0.476650
0.476641
0.472460
0.466562
0.468378
0.470459
0.473104
0.465019
0.473838
0.478322
0.466908
0.468517
0.481119
0.466734
0.478756
0.501925
0.471751
0.475309
0.473605
0.469254
0.471221
0.474148
0.482769
0.473312
0.471926
0.493109
0.470569
0.480194
0.472959
0.478137
0.479620
0.481462
0.475677
0.480211
0.475894
0.485120
0.475338
0.484506
0.474831
0.481560
0.486087
0.484442
0.482256
0.483507
0.481061
0.480728
0.484149
0.478157
0.492649
0.486523
0.488664
0.479370
0.487690
0.487862
0.483747
0.487702
0.480943
0.487932
0.485983
0.490928
0.493485
0.484544
0.490628
0.491277
0.492719
0.486994
0.504415
0.484877
0.489899
0.487534
0.488140
0.488598
0.488182
0.493381
0.496367
0.488963
0.491132
0.498969
0.494501
0.490967
0.495931
0.502068
0.500685
0.496722
0.494168
0.499129
0.493636
0.502880
0.494518
0.493408
0.498157
0.494662
0.499223
0.499486
0.501800
0.504506
0.498137
0.499132
0.494880
0.504116
0.501428
0.498233
0.500561
0.498781
0.511549
0.504204
0.503260
0.502420
0.502562
0.512438
0.504697
0.500861
0.505922
0.504196
0.507167
0.513053
0.502662
0.510034
0.498887
0.504240
0.513642
0.507585
0.507766
0.509540
0.509144
0.508336
0.520412
0.511236
0.514627
0.508075
0.514275
0.508970
0.511433
0.509672
0.518393
0.510800
0.511941
0.517115
0.515602
0.512897
0.513073
0.519013
0.516739
0.514236
0.519284
0.526123
0.517661
0.515015
0.520429
0.520202
0.517574
0.520424
0.521796
0.515279
0.520150
0.521351
0.523868
0.519121
0.525218
0.520930
0.527217
0.523592
0.521151
0.520701
0.526437
0.527915
0.528733
0.519168
0.525190
0.523851
0.523110
0.529582
0.524116
0.526843
0.534279
0.527830
0.532535
0.525893
0.527016
0.528503
0.531380
0.531477
0.534720
0.531485
0.529582
0.533026
0.533026
0.532201
0.533696
0.536663
0.536373
0.533655
0.533771
0.533916
0.536307
0.531643
0.533817
0.535156
0.541436
0.538285
0.537415
0.539425
0.537652
0.544043
0.537039
0.544871
0.536391
0.541633
0.539836
0.541320
0.538824
0.540227
0.540191
0.539899
0.543588
0.536457
0.544967
0.544682
0.546456
0.542286
0.551829
0.544457
0.542092
0.541925
0.547671
0.543741
0.543734
0.549490
0.547594
0.544464
0.545960
0.551114
0.548622
0.547901
0.545384
0.550390
0.546275
0.552714
0.548079
0.547077
0.551072
0.552513
0.551913
0.543807
0.549376
0.549913
0.546883
0.552311
0.553688
0.551362
0.551462
0.551015
0.553249
0.555784
0.552929
0.551801
0.553982
0.553103
0.553966
0.553880
0.550789
0.553422
0.557592
0.552470
0.553036
0.552893
0.550251
0.552288
0.553203
0.553731
0.558341
0.552535
0.553528
0.554044
0.559095
0.553630
0.555281
0.560506
0.550668
0.554565
0.559151
0.557113
0.555052
0.559188
0.552934
0.557567
0.557040
0.555598
0.558323
0.550856
0.558289
0.554062
0.559773
0.557220
0.556130
0.551465
0.557692
0.560764
0.556605
0.554934
0.554497
0.554968
0.555367
0.559579
0.556290
0.566183
0.554272
0.557186
0.552581
0.555819
0.552790
0.554796
0.557803
0.555002
0.552197
0.555914
0.558632
0.552763
0.555590
0.554115
0.555010
0.556927
0.553095
0.553204
0.555653
0.550947
0.553581
0.553876
0.547214
0.555018
0.554587
0.551955
0.556802
0.558435
0.549035
0.554499
0.559147
0.552745
0.552571
0.553234
0.552511
0.552975
0.548709
0.549878
0.553177
0.555660
0.550781
0.552335
0.549950
0.549905
0.552122
0.551404
0.549235
0.547704
0.544528
0.547464
0.551826
0.548980
0.548751
0.543980
0.545205
0.551606
0.548059
0.541883
0.549007
0.546203
0.548076
0.541999
0.545626
0.539306
0.540790
0.544095
0.541739
0.548716
0.536856
0.539196
0.544615
0.539218
0.538917
0.539319
0.536277
0.537080
0.539408
0.537076
0.535417
0.533564
0.532039
0.537379
0.534089
0.535343
0.536350
0.533012
0.528712
0.529882
0.534313
0.531294
0.528429
0.524804
0.527121
0.529618
0.528634
0.525070
0.528475
0.529225
0.523612
0.524533
0.525559
0.521527
0.523947
0.526161
0.522030
0.520406
0.518243
0.522964
0.519085
0.517491
0.514913
0.512931
0.520102
0.514510
0.510045
0.516008
0.515966
0.514097
0.511696
0.512204
0.507333
0.509114
0.505811
0.504867
0.503046
0.507706
0.504129
0.506617
0.506493
0.505391
0.499503
0.505486
0.505523
0.502416
0.500323
0.499481
0.501036
0.500539
0.491512
0.500207
0.492922
0.492302
0.494929
0.494986
0.488488
0.489580
0.482420
0.492976
0.494631
0.485986
0.486928
0.485297
0.484005
0.482421
0.482377
0.481590
0.478003
0.477821
0.478594
0.480514
0.478610
0.475371
0.478903
0.472662
0.473969
0.472977
0.471288
0.465745
0.473058
0.470598
0.458302
0.467262
0.469760
0.464507
0.464975
0.461893
0.460434
0.460003
0.456741
0.446652
0.455990
0.454250
0.456134
0.458259
0.452328
0.453643
0.448986
0.449503
0.448811
0.445147
0.446697
0.445990
0.447427
0.444486
0.440156
0.437683
0.437585
0.437948
0.439397
0.434309
0.429852
0.434869
0.429731
0.432307
0.433713
0.431020
0.424790
0.426866
0.419248
0.425177
0.427351
0.414676
0.421307
0.420969
0.418013
0.416116
0.416067
0.414685
0.415464
0.410746
0.406078
0.407962
0.407648
0.408110
0.404693
0.402969
0.403335
0.400727
0.399403
0.399714
0.400024
0.395614
0.391034
0.391567
0.394626
0.387857
0.383084
0.387968
0.387146
0.380255
0.381681
0.385607
0.384093
0.378446
0.376307
0.377668
0.374819
0.374528
0.370211
0.375118
0.368351
0.368640
0.367445
0.366449
0.367201
0.355739
0.362613
0.358605
0.353590
0.351983
0.351894
0.356664
0.344589
0.351329
0.350809
0.346615
0.346049
0.340222
0.339547
0.342011
0.338178
0.343530
0.331054
0.330021
0.334667
0.332522
0.329373
0.324753
0.325570
0.323635
0.325826
0.317362
0.315417
0.314701
0.312431
0.315704
0.311720
0.309736
0.311724
0.306438
0.301998
0.302136
0.305162
0.304292
0.297845
0.295044
0.297434
0.286459
0.289952
0.287911
0.284266
0.293471
0.283696
0.284196
0.282880
0.282787
0.275657
0.276940
0.269803
0.273998
0.271578
0.270236
0.268691
0.268896
0.263427
0.265949
0.259251
0.258893
0.257948
0.255328
0.250799
0.253693
0.244582
0.242645
0.246885
0.248754
0.243693
0.243938
0.238405
0.233169
0.228917
0.232559
0.231439
0.227031
0.228536
0.227798
0.222174
0.222920
0.221271
0.221281
0.216243
0.208216
0.213013
0.207836
0.214123
0.206079
0.204288
0.204986
0.200443
0.198536
0.197561
0.192317
0.193043
0.188460
0.194010
0.186546
0.185203
0.181932
0.181839
0.181341
0.178025
0.178834
0.171104
0.171026
0.166737
0.167099
0.171242
0.164886
0.165491
0.161586
0.160074
0.155343
0.156534
0.154413
0.147696
0.149917
0.145333
0.145577
0.144576
0.144005
0.140238
0.142407
0.137246
0.137607
0.130776
0.131380
0.129360
0.127604
0.125365
0.124177
0.122039
0.117292
0.118366
0.110749
0.109209
0.110535
0.108172
0.108734
0.104734
0.102642
0.099064
0.100632
0.095949
0.097829
0.095903
0.091310
0.094056
0.086745
0.086316
0.085928
0.083019
0.084005
0.076126
0.072452
0.070661
0.068925
0.066791
0.067150
0.067208
0.065955
0.065114
0.059518
0.059009
0.055151
0.052396
0.050454
0.052933
0.046063
0.046430
0.045283
0.045785
0.040228
0.033970
0.041364
0.032686
0.031303
0.028657
0.030010
0.025617
0.025268
0.019616
0.017481
0.018199
0.016027
0.012993
0.016594
0.008119
0.008935
0.005528
0.002761
0.004596
0.004094
-0.002027
-0.007241
-0.010368
-0.006722
-0.004338
-0.010231
-0.012831
-0.012823
-0.021715
-0.019364
-0.021824
-0.026015
-0.027371
-0.024484
-0.030314
-0.027194
-0.031170
-0.035046
-0.037050
-0.036073
-0.040976
-0.045409
-0.041199
-0.045338
-0.044162
-0.045321
-0.052250
-0.057695
-0.052306
-0.055558
-0.059642
-0.066058
-0.064197
-0.064191
-0.065950
-0.065358
-0.069156
-0.074535
-0.077637
-0.082194
-0.076130
-0.078452
-0.083844
-0.081407
-0.086842
-0.083934
-0.091900
-0.089606
-0.093695
-0.095640
-0.095820
-0.098156
-0.097438
-0.103310
-0.106446
-0.110703
-0.103767
-0.111394
-0.109004
-0.110524
-0.117845
-0.117297
-0.120640
-0.122722
-0.124731
-0.123487
-0.123923
-0.125834
-0.132556
-0.136943
-0.133462
-0.141841
-0.132743
-0.139894
-0.142371
-0.144117
-0.142728
-0.143017
-0.152341
-0.150557
-0.154305
-0.155270
-0.154982
-0.157165
-0.156147
-0.158568
-0.160543
-0.166337
-0.167671
-0.166708
-0.169480
-0.176580
-0.172651
-0.174580
-0.176099
-0.176424
-0.171367
-0.181242
-0.183836
-0.185251
-0.186836
-0.187949
-0.186821
-0.185910
-0.194730
-0.192574
-0.197391
-0.199378
-0.201051
-0.201864
-0.209042
-0.203922
-0.206733
-0.208863
-0.209112
-0.213928
-0.212125
-0.213051
-0.217014
-0.214106
-0.219831
-0.219082
-0.220950
-0.228651
-0.224042
-0.225266
-0.228870
-0.228370
-0.228563
-0.236806
-0.236889
-0.232310
-0.238673
-0.241664
-0.239318
-0.245478
-0.245528
-0.246592
-0.248891
-0.249006
-0.254560
-0.254653
-0.254614
-0.255902
-0.257145
-0.257054
-0.256454
-0.257038
-0.263762
-0.264257
-0.265661
-0.265886
-0.263333
-0.266598
-0.269643
-0.276228
-0.268390
-0.275532
-0.275629
-0.279775
-0.277417
-0.282925
-0.278596
-0.286104
-0.286381
-0.284402
-0.283129
-0.288426
-0.285364
-0.291951
-0.288608
-0.296167
-0.292891
-0.295127
-0.293760
-0.291693
-0.298245
-0.298289
-0.300703
-0.301725
-0.306497
-0.301860
-0.305439
-0.307969
-0.302566
-0.309730
-0.308409
-0.313892
-0.315365
-0.310503
-0.309234
-0.312644
-0.317756
-0.316998
-0.319378
-0.319271
-0.323337
-0.325258
-0.323226
-0.327376
-0.322830
-0.328128
-0.328227
-0.332789
-0.330508
-0.330814
-0.333884
-0.330338
-0.332105
-0.335865
-0.336221
-0.341087
-0.337495
-0.339800
-0.338597
-0.343033
-0.343013
-0.342154
-0.338767
-0.344828
-0.346839
-0.345314
-0.350248
-0.342690
-0.350120
-0.353336
-0.350728
-0.348102
-0.357502
-0.353019
-0.356304
-0.359467
-0.360704
-0.360603
-0.362203
-0.358541
-0.357359
-0.358286
-0.355722
-0.365417
-0.365927
-0.364867
-0.362810
-0.368036
-0.367835
-0.367388
-0.365742
-0.372203
-0.366146
-0.364489
-0.367191
-0.370632
-0.372242
-0.374560
-0.371696
-0.374239
-0.370639
-0.376364
-0.374525
-0.372402
-0.377815
-0.372015
-0.376949
-0.377199
-0.381909
-0.377629
-0.382177
-0.387614
-0.383891
-0.384921
-0.383907
-0.382501
-0.384560
-0.380814
-0.381395
-0.386300
-0.387059
-0.383241
-0.385635
-0.382751
-0.383756
-0.384802
-0.387804
-0.389428
-0.385836
-0.390678
-0.388050
-0.388208
-0.391837
-0.387135
-0.392041
-0.394411
-0.391746
-0.394388
-0.390827
-0.387911
-0.393358
-0.396333
-0.397420
-0.390141
-0.393079
-0.394849
-0.397532
-0.396522
-0.390405
-0.393027
-0.399291
-0.394056
-0.398897
-0.396662
-0.396378
-0.398565
-0.397472
-0.398191
-0.397986
-0.400166
-0.401318
-0.397932
-0.398955
-0.398562
-0.397823
-0.401744
-0.401624
-0.401390
-0.400219
-0.401252
-0.400832
-0.399919
-0.400659
-0.399754
-0.401216
-0.397977
-0.402394
-0.399958
-0.400461
-0.401916
-0.399250
-0.398844
-0.404210
-0.402131
-0.404736
-0.400994
-0.404570
-0.401007
-0.406040
-0.407752
-0.401531
-0.405352
-0.404750
-0.406846
-0.402255
-0.401856
-0.398664
-0.403092
-0.407041
-0.401540
-0.400353
-0.400406
-0.404921
-0.398475
-0.399578
-0.404962
-0.404508
-0.402112
-0.403958
-0.396253
-0.407409
-0.401445
-0.404927
-0.396676
-0.402292
-0.404062
-0.401557
-0.397900
-0.406470
-0.402279
-0.399806
-0.401088
-0.404846
-0.401027
-0.405123
-0.404850
-0.404042
-0.398921
-0.403530
-0.401749
-0.402761
-0.401099
-0.400230
-0.400048
-0.401339
-0.399598
-0.398792
-0.396598
-0.396620
-0.393909
-0.395436
-0.399603
-0.396152
-0.395443
-0.396112
-0.396185
-0.396687
-0.394295
-0.391892
-0.394154
-0.396779
-0.395888
-0.394851
-0.394812
-0.396104
-0.396143
-0.392816
-0.392084
-0.389482
-0.387191
-0.390758
-0.392714
-0.389359
-0.388568
-0.392876
-0.390599
-0.389804
-0.383702
-0.388175
-0.387922
-0.388679
-0.380997
-0.383689
-0.384817
-0.383176
-0.386903
-0.381297
-0.383372
-0.383260
-0.383851
-0.381951
-0.384908
-0.380462
-0.380425
-0.384126
-0.378137
-0.379927
-0.379618
-0.380025
-0.379838
-0.372415
-0.377120
-0.378989
-0.376089
-0.375113
-0.377243
-0.373872
-0.373760
-0.373242
-0.373511
-0.372392
-0.368093
-0.369452
-0.365871
-0.371403
-0.368629
-0.368941
-0.364794
-0.362801
-0.365560
-0.366480
-0.364554
-0.359116
-0.362967
-0.366251
-0.362476
-0.362328
-0.361734
-0.360646
-0.357893
-0.360524
-0.357881
-0.360906
-0.357478
-0.356757
-0.356448
-0.357408
-0.348485
-0.350549
-0.353829
-0.355138
-0.348834
-0.352937
-0.347067
-0.347257
-0.348165
-0.348938
-0.347505
-0.344764
-0.343010
-0.342207
-0.346549
-0.343540
-0.340732
-0.342859
-0.338509
-0.346555
-0.341321
-0.341162
-0.341681
-0.332908
-0.339026
-0.329367
-0.335921
-0.333515
-0.334038
-0.331586
-0.332138
-0.329536
-0.327743
-0.327321
-0.329648
-0.330436
-0.324934
-0.325252
-0.323118
-0.326666
-0.326456
-0.321534
-0.327017
-0.320146
-0.320925
-0.320850
-0.321130
-0.321055
-0.317659
-0.316115
-0.312960
-0.309687
-0.316413
-0.316705
-0.314804
-0.308245
-0.311005
-0.309460
-0.310245
-0.306463
-0.307858
-0.308741
-0.307271
-0.301543
-0.304293
-0.299468
-0.301739
-0.302100
-0.299640
-0.298174
-0.299995
-0.296845
-0.298141
-0.297481
-0.293009
-0.291063
-0.295321
-0.290909
-0.294119
-0.287274
-0.287237
-0.286469
-0.282818
-0.285176
-0.285381
-0.289835
-0.287253
-0.282588
-0.283595
-0.280080
-0.281804
-0.277133
-0.280445
-0.273250
-0.277016
-0.277685
-0.274028
-0.274748
-0.273205
-0.272727
-0.269056
-0.274189
-0.269879
-0.271342
-0.271075
-0.266940
-0.268180
-0.264707
-0.264334
-0.260754
-0.259186
-0.261381
-0.260275
-0.261903
-0.257316
-0.257331
-0.260508
-0.257878
-0.258256
-0.255351
-0.252478
-0.255763
-0.250947
-0.251743
-0.248299
-0.244494
-0.251041
-0.248904
-0.247436
-0.245722
-0.243233
-0.245112
-0.243833
-0.241788
-0.241136
-0.241653
-0.239206
-0.240222
-0.237423
-0.238140
-0.236864
-0.232798
-0.234847
-0.235719
-0.234942
-0.233307
-0.229433
-0.230911
-0.232347
-0.230882
-0.225326
-0.226256
-0.229118
-0.226760
-0.225745
-0.226155
-0.212280
-0.222434
-0.220830
-0.217590
-0.225065
-0.218344
-0.217415
-0.215631
-0.214657
-0.214897
-0.216461
-0.212539
-0.212628
-0.211745
-0.210321
-0.208694
-0.207602
-0.205982
-0.208546
-0.205077
-0.203220
-0.204723
-0.203572
-0.200960
-0.194799
-0.197348
-0.199431
-0.199726
-0.193689
-0.196432
-0.195879
-0.193498
-0.194010
-0.192043
-0.188440
-0.194933
-0.187815
-0.184020
-0.187737
-0.187517
-0.187438
-0.186125
-0.180251
-0.184243
-0.182596
-0.180310
-0.184744
-0.176248
-0.175397
-0.177069
-0.174446
-0.173065
-0.174105
-0.175262
-0.168055
-0.174073
-0.174293
-0.168664
-0.169702
-0.164093
-0.171274
-0.162489
-0.167239
-0.161855
-0.165263
-0.163365
-0.163217
-0.161612
-0.161595
-0.162720
-0.158962
-0.162919
-0.154588
-0.155470
-0.154144
-0.149039
-0.154039
-0.149742
-0.150561
-0.150297
-0.149116
-0.149305
-0.146647
-0.147855
-0.148479
-0.150354
-0.146518
-0.146629
-0.142459
-0.144189
-0.141254
-0.145478
-0.135600
-0.134005
-0.137024
-0.140123
-0.138080
-0.136065
-0.133074
-0.134026
-0.131275
-0.131520
-0.130073
-0.129506
-0.127595
-0.129715
-0.125095
-0.128822
-0.126775
-0.121707
-0.122114
-0.121380
-0.122588
-0.118926
-0.119899
-0.118492
-0.119374
-0.116612
-0.117516
-0.113527
-0.110780
-0.106963
-0.113266
-0.109180
-0.111003
-0.112293
-0.110025
-0.109373
-0.105250
-0.109175
-0.104720
-0.105156
-0.102376
-0.105320
-0.101130
-0.098711
-0.100619
-0.098878
-0.099846
-0.098636
-0.095787
-0.094995
-0.092104
-0.099706
-0.094092
-0.094021
-0.092190
-0.091267
-0.091747
-0.089972
-0.090619
-0.089100
-0.088829
-0.087285
-0.088603
-0.083061
-0.086049
-0.082348
-0.084505
-0.082273
-0.083289
-0.081107
-0.078902
-0.078128
-0.080918
-0.075926
-0.076589
-0.078183
-0.076086
-0.075009
-0.077607
-0.077472
-0.076611
-0.077470
-0.072717
-0.070351
-0.074520
-0.069687
-0.068627
-0.068520
-0.070527
-0.068900
-0.065641
-0.067081
-0.063924
-0.066234
-0.063805
-0.059933
-0.062374
-0.060947
-0.063459
-0.061509
-0.061933
-0.059330
-0.059167
-0.060884
-0.062316
-0.057228
-0.058701
-0.057148
-0.051840
-0.054553
-0.053251
-0.053397
-0.054433
-0.053234
-0.052979
-0.053875
-0.053817
-0.051374
-0.052109
-0.050844
-0.048625
-0.046567
-0.050050
-0.050872
-0.052482
-0.045086
-0.042827
-0.041182
-0.045728
-0.043006
-0.046032
-0.040548
-0.037480
-0.042905
-0.043077
-0.043142
-0.041815
-0.042888
-0.038904
-0.039755
-0.038600
-0.038437
-0.035344
-0.038467
-0.036931
-0.038419
-0.036376
-0.032482
-0.035001
-0.039067
-0.036405
-0.034553
-0.032418
-0.033600
-0.032610
-0.029356
-0.032715
-0.031604
-0.030630
-0.029878
-0.031576
-0.030072
-0.028338
-0.026642
-0.029655
-0.029605
-0.029916
-0.022003
-0.026800
-0.024731
-0.026059
-0.027943
-0.023775
-0.024414
-0.021684
-0.023056
-0.022062
-0.024709
-0.023344
-0.020178
-0.021625
-0.020600
-0.018579
-0.022983
-0.023817
-0.019727
-0.023304
-0.024563
-0.021769
-0.023426
-0.022158
-0.022364
-0.020334
-0.023145
-0.018593
-0.017734
-0.021784
-0.018491
-0.019281
-0.018926
-0.021224
-0.020214
-0.020944
-0.021730
-0.019275
-0.021478
-0.021161
-0.020385
-0.021342


