M_loss: 1, M_sym: 4300.0, M_power: 9000, M_bandwidth: 22.3872113856834
-0.072099
-0.068417
-0.060049
-0.044583
-0.037343
-0.035889
-0.035820
-0.040247
-0.039602
-0.039795
-0.040845
-0.040597
-0.041246
-0.041418
-0.041664
-0.042279
-0.040521
-0.046631
-0.044215
-0.043124
-0.046078
-0.045900
-0.047321
-0.045765
-0.047235
-0.049924
-0.049947
-0.047508
-0.051197
-0.048954
-0.052215
-0.052264
-0.053532
-0.054134
-0.055322
-0.052350
-0.054656
-0.058036
-0.057483
-0.057952
-0.056568
-0.058223
-0.061049
-0.059490
-0.063551
-0.062387
-0.061038
-0.062493
-0.064495
-0.064770
-0.067187
-0.066742
-0.065877
-0.069090
-0.069120
-0.069468
-0.066932
-0.070642
-0.074517
-0.074202
-0.072114
-0.073646
-0.073546
-0.077235
-0.076865
-0.076272
-0.078563
-0.081299
-0.078308
-0.077906
-0.081253
-0.084292
-0.085630
-0.084594
-0.081635
-0.085912
-0.085638
-0.089221
-0.088474
-0.090864
-0.090249
-0.090047
-0.090773
-0.092791
-0.094531
-0.093839
-0.096082
-0.096781
-0.097464
-0.096875
-0.098452
-0.099964
-0.103027
-0.101454
-0.102194
-0.102470
-0.102834
-0.109897
-0.106860
-0.104463
-0.107908
-0.111216
-0.111048
-0.109303
-0.114363
-0.113491
-0.114622
-0.115212
-0.115416
-0.117946
-0.117099
-0.121160
-0.121392
-0.119840
-0.122913
-0.122431
-0.125575
-0.126418
-0.126674
-0.127365
-0.126402
-0.130790
-0.131677
-0.132538
-0.132092
-0.132141
-0.136001
-0.137307
-0.137249
-0.137846
-0.137514
-0.142280
-0.139040
-0.144386
-0.145404
-0.142846
-0.146148
-0.145135
-0.148274
-0.149944
-0.150317
-0.151796
-0.150908
-0.153866
-0.154069
-0.155541
-0.158316
-0.157553
-0.159628
-0.156673
-0.161709
-0.163612
-0.165284
-0.165962
-0.164931
-0.164069
-0.167121
-0.171896
-0.171585
-0.172541
-0.170818
-0.174410
-0.176777
-0.175362
-0.176842
-0.179833
-0.181585
-0.179994
-0.182384
-0.182530
-0.186655
-0.185667
-0.186362
-0.190526
-0.187301
-0.191327
-0.194299
-0.191865
-0.195250
-0.195936
-0.197073
-0.197632
-0.198695
-0.201042
-0.204035
-0.203718
-0.200452
-0.206487
-0.207717
-0.209564
-0.208911
-0.208978
-0.212546
-0.214186
-0.213347
-0.216519
-0.215824
-0.217628
-0.222266
-0.219632
-0.220719
-0.223784
-0.225496
-0.225226
-0.226478
-0.228194
-0.231478
-0.231275
-0.230088
-0.234368
-0.235056
-0.235684
-0.238568
-0.238155
-0.239337
-0.244391
-0.241589
-0.242745
-0.243446
-0.250225
-0.247186
-0.247932
-0.251223
-0.251726
-0.252443
-0.255788
-0.255772
-0.255194
-0.259266
-0.261085
-0.262007
-0.260510
-0.265143
-0.264044
-0.266391
-0.267420
-0.270593
-0.271019
-0.270303
-0.273265
-0.274776
-0.275743
-0.279066
-0.277108
-0.278972
-0.282429
-0.282824
-0.285172
-0.283113
-0.286413
-0.288197
-0.291817
-0.290345
-0.291506
-0.293178
-0.294863
-0.296175
-0.297925
-0.298406
-0.301719
-0.301605
-0.300435
-0.305540
-0.305700
-0.308628
-0.306820
-0.309864
-0.311187
-0.313319
-0.311638
-0.314367
-0.317197
-0.320746
-0.317301
-0.318487
-0.322327
-0.324901
-0.324735
-0.324982
-0.326958
-0.328133
-0.329713
-0.333520
-0.332807
-0.332889
-0.332492
-0.337630
-0.339892
-0.338099
-0.342151
-0.341150
-0.341938
-0.346954
-0.344748
-0.347505
-0.348451
-0.351963
-0.349721
-0.352790
-0.355088
-0.354953
-0.357471
-0.356999
-0.359670
-0.361269
-0.360345
-0.366368
-0.364440
-0.365554
-0.368307
-0.365246
-0.371036
-0.374396
-0.373217
-0.375324
-0.370873
-0.377218
-0.377854
-0.381380
-0.381588
-0.381968
-0.381949
-0.385312
-0.385383
-0.384819
-0.390332
-0.392927
-0.389306
-0.389961
-0.395777
-0.394596
-0.397268
-0.396122
-0.399085
-0.401776
-0.399179
-0.403828
-0.404209
-0.404724
-0.407608
-0.406350
-0.407754
-0.411737
-0.412362
-0.413242
-0.414022
-0.413037
-0.416259
-0.418977
-0.418765
-0.420295
-0.422173
-0.421379
-0.424231
-0.423792
-0.426054
-0.429563
-0.429271
-0.427422
-0.428270
-0.433480
-0.434585
-0.435185
-0.435861
-0.434262
-0.440083
-0.438346
-0.438835
-0.442625
-0.444036
-0.440919
-0.445258
-0.448582
-0.447790
-0.444807
-0.450169
-0.451241
-0.453928
-0.451694
-0.453396
-0.456563
-0.455155
-0.456426
-0.458903
-0.460435
-0.461252
-0.461549
-0.460630
-0.464239
-0.467360
-0.464672
-0.466083
-0.468997
-0.467547
-0.472416
-0.469380
-0.471995
-0.472102
-0.474712
-0.477648
-0.475473
-0.476656
-0.476016
-0.479790
-0.482996
-0.482172
-0.479568
-0.480754
-0.484767
-0.487188
-0.486936
-0.485675
-0.485564
-0.491735
-0.489623
-0.489303
-0.488508
-0.496242
-0.493440
-0.494788
-0.494708
-0.491890
-0.496589
-0.500660
-0.500480
-0.500944
-0.497291
-0.500417
-0.500733
-0.503485
-0.508038
-0.505502
-0.503455
-0.503423
-0.506799
-0.511697
-0.507266
-0.510820
-0.508985
-0.509998
-0.511749
-0.511831
-0.512815
-0.518460
-0.513881
-0.512755
-0.517885
-0.515840
-0.517453
-0.516653
-0.520608
-0.518903
-0.521512
-0.520231
-0.521286
-0.521677
-0.523787
-0.524688
-0.521983
-0.526134
-0.526042
-0.524911
-0.526271
-0.529594
-0.525696
-0.531438
-0.528618
-0.526407
-0.528893
-0.533557
-0.531056
-0.530892
-0.532970
-0.532911
-0.532762
-0.532302
-0.534846
-0.536112
-0.532800
-0.537075
-0.536886
-0.533607
-0.539001
-0.536073
-0.539264
-0.538551
-0.540708
-0.537573
-0.536063
-0.540933
-0.541896
-0.539253
-0.540989
-0.543504
-0.543269
-0.542368
-0.538870
-0.533937
-0.539501
-0.544667
-0.547738
-0.550669
-0.545557
-0.547371
-0.545382
-0.549256
-0.546966
-0.543352
-0.544460
-0.544795
-0.544782
-0.544774
-0.545571
-0.543766
-0.543239
-0.546789
-0.544202
-0.546909
-0.546080
-0.543657
-0.546369
-0.546296
-0.545017
-0.549350
-0.546407
-0.544934
-0.545357
-0.549395
-0.547099
-0.549400
-0.547471
-0.544849
-0.546937
-0.547106
-0.551720
-0.546354
-0.544813
-0.546295
-0.549033
-0.550697
-0.548494
-0.543240
-0.547449
-0.546829
-0.547436
-0.548134
-0.546710
-0.547466
-0.543792
-0.546952
-0.547097
-0.545860
-0.543175
-0.546645
-0.545799
-0.546832
-0.543504
-0.544611
-0.545047
-0.543153
-0.543232
-0.543816
-0.545846
-0.540047
-0.542579
-0.539536
-0.543169
-0.544681
-0.538672
-0.543331
-0.536208
-0.539436
-0.540646
-0.539948
-0.538372
-0.537210
-0.539687
-0.534357
-0.536968
-0.536368
-0.533998
-0.534967
-0.533989
-0.537953
-0.531728
-0.529553
-0.532395
-0.535506
-0.529699
-0.529373
-0.530647
-0.531447
-0.527492
-0.526769
-0.526844
-0.528783
-0.526050
-0.523598
-0.524386
-0.524417
-0.524970
-0.522263
-0.521707
-0.518617
-0.521351
-0.520469
-0.516250
-0.516133
-0.521410
-0.514249
-0.515434
-0.514871
-0.513841
-0.512543
-0.509573
-0.513761
-0.511220
-0.507463
-0.506429
-0.508595
-0.508129
-0.504166
-0.506386
-0.502097
-0.503465
-0.500892
-0.502059
-0.497492
-0.500035
-0.500950
-0.494862
-0.496253
-0.492380
-0.494196
-0.494753
-0.490865
-0.490959
-0.488843
-0.488083
-0.488212
-0.481767
-0.489773
-0.484301
-0.480643
-0.478522
-0.481018
-0.481112
-0.476277
-0.478760
-0.474131
-0.473649
-0.473381
-0.470497
-0.467958
-0.469891
-0.470684
-0.467703
-0.463750
-0.463362
-0.459796
-0.461132
-0.462713
-0.458409
-0.456576
-0.451567
-0.457320
-0.454827
-0.448809
-0.447931
-0.450228
-0.447633
-0.449764
-0.438754
-0.445118
-0.438938
-0.442841
-0.436508
-0.438142
-0.435740
-0.431714
-0.430909
-0.435745
-0.426212
-0.430364
-0.423757
-0.423982
-0.424277
-0.421151
-0.418465
-0.420701
-0.416300
-0.412099
-0.413842
-0.411825
-0.411863
-0.408596
-0.405456
-0.402064
-0.403956
-0.404725
-0.396421
-0.397833
-0.398937
-0.395041
-0.389434
-0.392203
-0.388936
-0.384096
-0.391002
-0.382902
-0.380758
-0.381229
-0.376214
-0.377245
-0.374672
-0.372372
-0.371158
-0.369680
-0.366702
-0.366182
-0.361881
-0.362448
-0.356514
-0.362138
-0.354553
-0.355601
-0.351307
-0.346585
-0.348902
-0.347452
-0.345310
-0.340810
-0.336452
-0.341410
-0.337621
-0.330433
-0.332597
-0.331765
-0.327751
-0.327052
-0.323146
-0.319316
-0.322073
-0.315217
-0.317227
-0.314824
-0.311730
-0.305729
-0.309607
-0.304547
-0.302329
-0.301450
-0.297782
-0.298337
-0.290668
-0.293244
-0.292468
-0.288938
-0.280044
-0.284903
-0.283412
-0.279410
-0.275538
-0.274165
-0.273293
-0.270541
-0.264929
-0.265767
-0.265277
-0.260367
-0.260852
-0.254740
-0.254968
-0.247625
-0.254946
-0.246687
-0.243776
-0.242521
-0.243150
-0.236196
-0.234892
-0.233836
-0.228361
-0.231955
-0.228185
-0.223622
-0.218150
-0.220532
-0.218982
-0.212599
-0.212625
-0.212071
-0.204168
-0.207525
-0.200901
-0.201013
-0.197119
-0.194964
-0.194059
-0.189355
-0.187873
-0.187155
-0.183543
-0.181900
-0.176464
-0.175196
-0.173019
-0.170226
-0.171783
-0.165276
-0.164739
-0.159178
-0.156161
-0.158075
-0.155401
-0.150321
-0.149869
-0.145983
-0.143171
-0.139787
-0.137959
-0.137767
-0.133086
-0.132246
-0.128980
-0.129033
-0.119929
-0.119814
-0.118838
-0.118054
-0.114172
-0.110225
-0.107455
-0.103019
-0.104451
-0.102867
-0.095783
-0.099227
-0.090651
-0.090468
-0.086597
-0.085217
-0.085072
-0.078617
-0.078456
-0.073327
-0.073654
-0.066960
-0.069285
-0.064126
-0.062759
-0.058894
-0.055421
-0.054619
-0.051577
-0.047712
-0.046024
-0.044498
-0.044508
-0.033915
-0.036542
-0.033054
-0.031916
-0.025284
-0.028558
-0.022399
-0.015374
-0.018699
-0.017557
-0.010614
-0.012305
-0.003689
-0.003210
-0.003594
0.000406
0.007110
0.000541
0.013352
0.010547
0.015604
0.013318
0.022877
0.022609
0.021108
0.027543
0.030333
0.032255
0.034263
0.041767
0.037248
0.040256
0.046479
0.050853
0.050843
0.051625
0.058316
0.055292
0.060268
0.065090
0.067421
0.070585
0.071170
0.069997
0.077346
0.080517
0.082017
0.084132
0.088709
0.088745
0.089714
0.094948
0.098380
0.101809
0.102896
0.101002
0.108227
0.113103
0.113614
0.113355
0.117719
0.120373
0.120650
0.127735
0.131057
0.128609
0.130331
0.136873
0.138288
0.145156
0.141970
0.142418
0.149128
0.151316
0.153821
0.157205
0.156684
0.163194
0.160911
0.165409
0.168800
0.166714
0.176915
0.176138
0.178099
0.177249
0.185235
0.186989
0.186550
0.190592
0.187407
0.200252
0.197218
0.199506
0.204081
0.203516
0.203933
0.213684
0.211802
0.212474
0.217455
0.221182
0.218629
0.224086
0.228784
0.227972
0.229561
0.234401
0.235468
0.237569
0.239079
0.244243
0.242473
0.247190
0.248834
0.254324
0.254469
0.256541
0.253653
0.260367
0.266937
0.265823
0.266335
0.265914
0.271622
0.280968
0.274277
0.276797
0.281661
0.282142
0.284007
0.289707
0.288344
0.291118
0.293492
0.297440
0.297247
0.300226
0.299786
0.303714
0.305222
0.308238
0.313381
0.312765
0.312512
0.321075
0.319053
0.320403
0.324851
0.321270
0.329445
0.325216
0.333094
0.329979
0.334802
0.335812
0.335751
0.341704
0.340803
0.346834
0.342165
0.350768
0.348169
0.350766
0.356431
0.357723
0.352291
0.360771
0.363830
0.363465
0.362837
0.368771
0.370059
0.369964
0.370140
0.375092
0.376890
0.375052
0.379689
0.380780
0.385906
0.378921
0.390300
0.384707
0.389468
0.389970
0.394842
0.390565
0.395633
0.398842
0.398804
0.396053
0.403224
0.405129
0.402792
0.406378
0.407788
0.409366
0.408481
0.413684
0.416119
0.414877
0.414268
0.416833
0.423142
0.418020
0.424876
0.420581
0.425942
0.426545
0.428417
0.427099
0.429951
0.439067
0.427184
0.436638
0.431501
0.441312
0.438110
0.437934
0.444100
0.439098
0.443566
0.441976
0.452067
0.443746
0.447199
0.449043
0.453078
0.448964
0.455140
0.453261
0.454062
0.457139
0.458139
0.455908
0.458082
0.461493
0.460092
0.461506
0.465101
0.464599
0.464895
0.462837
0.466805
0.472738
0.466743
0.464520
0.475241
0.470594
0.472028
0.470248
0.476265
0.477899
0.471761
0.475173
0.477483
0.476490
0.480247
0.479680
0.475800
0.482798
0.480415
0.483316
0.479586
0.484956
0.480485
0.487008
0.485355
0.486064
0.484232
0.484257
0.487532
0.489542
0.486465
0.487719
0.489276
0.487920
0.491602
0.488215
0.492633
0.488560
0.494707
0.490305
0.490057
0.490225
0.496344
0.492461
0.493775
0.491190
0.496758
0.495308
0.489595
0.493486
0.498908
0.490955
0.499899
0.494114
0.493662
0.491745
0.501433
0.497420
0.492555
0.495756
0.495665
0.496289
0.497272
0.496029
0.497419
0.493240
0.495320
0.499571
0.493204
0.498046
0.495216
0.496707
0.494621
0.495228
0.495715
0.497254
0.489654
0.499155
0.494998
0.492738
0.497231
0.489761
0.495988
0.491959
0.496776
0.489122
0.491571
0.494078
0.491778
0.490634
0.491439
0.493321
0.485958
0.494264
0.482983
0.492713
0.486693
0.487595
0.491809
0.484209
0.490202
0.476521
0.486981
0.491499
0.481170
0.482981
0.480781
0.486204
0.480183
0.481274
0.478267
0.480907
0.479437
0.478650
0.476839
0.473229
0.480683
0.476167
0.472802
0.472426
0.472704
0.473696
0.471525
0.469549
0.469591
0.469200
0.467433
0.463841
0.469969
0.461354
0.463817
0.466903
0.456789
0.458480
0.466154
0.458968
0.458852
0.449219
0.460502
0.451081
0.457840
0.449423
0.451476
0.451670
0.448962
0.444443
0.447564
0.444521
0.447108
0.440616
0.443285
0.436550
0.442758
0.434752
0.438699
0.435270
0.430001
0.433621
0.436458
0.426436
0.426167
0.426835
0.428628
0.421066
0.426780
0.413217
0.427803
0.415875
0.412379
0.418309
0.415637
0.410652
0.410087
0.410948
0.406725
0.404310
0.405670
0.405256
0.395755
0.400877
0.398105
0.398535
0.394553
0.389772
0.391227
0.389258
0.390126
0.385900
0.381935
0.383087
0.382686
0.380109
0.374848
0.370787
0.378560
0.369223
0.370233
0.369762
0.363992
0.366657
0.361316
0.359952
0.354376
0.362932
0.351490
0.353520
0.351436
0.346004
0.347512
0.344026
0.343332
0.341729
0.337988
0.336470
0.331747
0.335217
0.330439
0.328009
0.324651
0.321417
0.324222
0.321532
0.318093
0.312599
0.313839
0.311330
0.312507
0.299665
0.309194
0.302923
0.297306
0.296689
0.297827
0.291413
0.294005
0.289964
0.280478
0.286504
0.284417
0.277537
0.277518
0.275825
0.271923
0.267636
0.269696
0.265847
0.263643
0.261738
0.254920
0.258402
0.252834
0.255106
0.240811
0.252140
0.242982
0.238928
0.242410
0.233196
0.236411
0.230257
0.231855
0.224556
0.222170
0.224628
0.216376
0.217697
0.217068
0.206466
0.209222
0.209730
0.197593
0.209664
0.196584
0.190416
0.198676
0.187448
0.189138
0.191840
0.174932
0.181045
0.183598
0.172555
0.170966
0.170268
0.170516
0.161977
0.161734
0.161983
0.151576
0.160227
0.147311
0.147219
0.145493
0.147355
0.138826
0.136309
0.131228
0.135048
0.132384
0.122909
0.123559
0.122038
0.116550
0.118177
0.110844
0.107839
0.109359
0.104653
0.101685
0.096107
0.096542
0.096197
0.087814
0.085043
0.086440
0.081982
0.081729
0.071820
0.071399
0.075100
0.067638
0.065751
0.060705
0.057689
0.056191
0.052051
0.053374
0.050317
0.040053
0.043403
0.041705
0.034360
0.029392
0.035364
0.026696
0.025818
0.023477
0.014550
0.019695
0.014170
0.009809
0.005517
0.004691
0.001076
0.001794
-0.004414
-0.008015
-0.008644
-0.014926
-0.014805
-0.019012
-0.021316
-0.024883
-0.027844
-0.028181
-0.036745
-0.033548
-0.041649
-0.041689
-0.040457
-0.051012
-0.049509
-0.052959
-0.061619
-0.057589
-0.059212
-0.063228
-0.067715
-0.075950
-0.069354
-0.077406
-0.081255
-0.081809
-0.084021
-0.088977
-0.090270
-0.094527
-0.097830
-0.100042
-0.099990
-0.105153
-0.112869
-0.109668
-0.112360
-0.118985
-0.122105
-0.122196
-0.124343
-0.126272
-0.134092
-0.133395
-0.137393
-0.142255
-0.140263
-0.147251
-0.144602
-0.151550
-0.158471
-0.156261
-0.157848
-0.166054
-0.161803
-0.168952
-0.177108
-0.172841
-0.173545
-0.182012
-0.182705
-0.183876
-0.188529
-0.192606
-0.193092
-0.191448
-0.202102
-0.203328
-0.203486
-0.207516
-0.212611
-0.213089
-0.215327
-0.217873
-0.220263
-0.228653
-0.224020
-0.231345
-0.234481
-0.233638
-0.237746
-0.241428
-0.246010
-0.244405
-0.248587
-0.253945
-0.250777
-0.257894
-0.255427
-0.267240
-0.264694
-0.266285
-0.269406
-0.270804
-0.278239
-0.275842
-0.280499
-0.284015
-0.284564
-0.288913
-0.292786
-0.288727
-0.297567
-0.300467
-0.299377
-0.302575
-0.311023
-0.303975
-0.314211
-0.312593
-0.313133
-0.324206
-0.323203
-0.321164
-0.326177
-0.329665
-0.331312
-0.331559
-0.339739
-0.338357
-0.341832
-0.341358
-0.348776
-0.348093
-0.348711
-0.353881
-0.358748
-0.354208
-0.361908
-0.363387
-0.366117
-0.365472
-0.368399
-0.374426
-0.373519
-0.374007
-0.380050
-0.382605
-0.381596
-0.388286
-0.384414
-0.393604
-0.388343
-0.393551
-0.402136
-0.396173
-0.399046
-0.401187
-0.409248
-0.408346
-0.406000
-0.409268
-0.421443
-0.413052
-0.412739
-0.426722
-0.420266
-0.420277
-0.429621
-0.426294
-0.432981
-0.432366
-0.431548
-0.437152
-0.439159
-0.440560
-0.441955
-0.441420
-0.451887
-0.441424
-0.452875
-0.454609
-0.450087
-0.454933
-0.458051
-0.461419
-0.462075
-0.458337
-0.465783
-0.471290
-0.467227
-0.467801
-0.471937
-0.473332
-0.478880
-0.474691
-0.477509
-0.485662
-0.478239
-0.482252
-0.489390
-0.487343
-0.487015
-0.491857
-0.488388
-0.501478
-0.491216
-0.492849
-0.500377
-0.509856
-0.492645
-0.503847
-0.504592
-0.501599
-0.513638
-0.511203
-0.507880
-0.508205
-0.512446
-0.519881
-0.515622
-0.517716
-0.517689
-0.515682
-0.526353
-0.523392
-0.520869
-0.527049
-0.526336
-0.527183
-0.529495
-0.528152
-0.536214
-0.528422
-0.538023
-0.533894
-0.536057
-0.532981
-0.543930
-0.536412
-0.542863
-0.538264
-0.544946
-0.544881
-0.543988
-0.543027
-0.551902
-0.544782
-0.549855
-0.549230
-0.547515
-0.555562
-0.551496
-0.552949
-0.558201
-0.548636
-0.560125
-0.556321
-0.556525
-0.558985
-0.560437
-0.561667
-0.557962
-0.562255
-0.563925
-0.560663
-0.563508
-0.564619
-0.566758
-0.566813
-0.566309
-0.564427
-0.568302
-0.572603
-0.565500
-0.567203
-0.572089
-0.572086
-0.565965
-0.577420
-0.568593
-0.572919
-0.570767
-0.578188
-0.569953
-0.574492
-0.575022
-0.573330
-0.579704
-0.573497
-0.576690
-0.571184
-0.581653
-0.572389
-0.578811
-0.577278
-0.580052
-0.575045
-0.575664
-0.581316
-0.582143
-0.569495
-0.581711
-0.583390
-0.574661
-0.578756
-0.578518
-0.578171
-0.584115
-0.578033
-0.574775
-0.578033
-0.584115
-0.578171
-0.578518
-0.578756
-0.574661
-0.583390
-0.581711
-0.569495
-0.582143
-0.581316
-0.575664
-0.575045
-0.580052
-0.577278
-0.578811
-0.572389
-0.581653
-0.571184
-0.576690
-0.573497
-0.579704
-0.573330
-0.575022
-0.574492
-0.569953
-0.578188
-0.570767
-0.572919
-0.568593
-0.577420
-0.565965
-0.572086
-0.572089
-0.567203
-0.565500
-0.572603
-0.568302
-0.564427
-0.566309
-0.566813
-0.566758
-0.564619
-0.563508
-0.560663
-0.563925
-0.562255
-0.557962
-0.561667
-0.560437
-0.558985
-0.556525
-0.556321
-0.560125
-0.548636
-0.558201
-0.552949
-0.551496
-0.555562
-0.547515
-0.549230
-0.549855
-0.544782
-0.551902
-0.543027
-0.543988
-0.544881
-0.544946
-0.538264
-0.542863
-0.536412
-0.543930
-0.532981
-0.536057
-0.533894
-0.538023
-0.528422
-0.536214
-0.528152
-0.529495
-0.527183
-0.526336
-0.527049
-0.520869
-0.523392
-0.526353
-0.515682
-0.517689
-0.517716
-0.515622
-0.519881
-0.512446
-0.508205
-0.507880
-0.511203
-0.513638
-0.501599
-0.504592
-0.503847
-0.492645
-0.509856
-0.500377
-0.492849
-0.491216
-0.501478
-0.488388
-0.491857
-0.487015
-0.487343
-0.489390
-0.482252
-0.478239
-0.485662
-0.477509
-0.474691
-0.478880
-0.473332
-0.471937
-0.467801
-0.467227
-0.471290
-0.465783
-0.458337
-0.462075
-0.461419
-0.458051
-0.454933
-0.450087
-0.454609
-0.452875
-0.441424
-0.451887
-0.441420
-0.441955
-0.440560
-0.439159
-0.437152
-0.431548
-0.432366
-0.432981
-0.426294
-0.429621
-0.420277
-0.420266
-0.426722
-0.412739
-0.413052
-0.421443
-0.409268
-0.406000
-0.408346
-0.409248
-0.401187
-0.399046
-0.396173
-0.402136
-0.393551
-0.388343
-0.393604
-0.384414
-0.388286
-0.381596
-0.382605
-0.380050
-0.374007
-0.373519
-0.374426
-0.368399
-0.365472
-0.366117
-0.363387
-0.361908
-0.354208
-0.358748
-0.353881
-0.348711
-0.348093
-0.348776
-0.341358
-0.341832
-0.338357
-0.339739
-0.331559
-0.331312
-0.329665
-0.326177
-0.321164
-0.323203
-0.324206
-0.313133
-0.312593
-0.314211
-0.303975
-0.311023
-0.302575
-0.299377
-0.300467
-0.297567
-0.288727
-0.292786
-0.288913
-0.284564
-0.284015
-0.280499
-0.275842
-0.278239
-0.270804
-0.269406
-0.266285
-0.264694
-0.267240
-0.255427
-0.257894
-0.250777
-0.253945
-0.248587
-0.244405
-0.246010
-0.241428
-0.237746
-0.233638
-0.234481
-0.231345
-0.224020
-0.228653
-0.220263
-0.217873
-0.215327
-0.213089
-0.212611
-0.207516
-0.203486
-0.203328
-0.202102
-0.191448
-0.193092
-0.192606
-0.188529
-0.183876
-0.182705
-0.182012
-0.173545
-0.172841
-0.177108
-0.168952
-0.161803
-0.166054
-0.157848
-0.156261
-0.158471
-0.151550
-0.144602
-0.147251
-0.140263
-0.142255
-0.137393
-0.133395
-0.134092
-0.126272
-0.124343
-0.122196
-0.122105
-0.118985
-0.112360
-0.109668
-0.112869
-0.105153
-0.099990
-0.100042
-0.097830
-0.094527
-0.090270
-0.088977
-0.084021
-0.081809
-0.081255
-0.077406
-0.069354
-0.075950
-0.067715
-0.063228
-0.059212
-0.057589
-0.061619
-0.052959
-0.049509
-0.051012
-0.040457
-0.041689
-0.041649
-0.033548
-0.036745
-0.028181
-0.027844
-0.024883
-0.021316
-0.019012
-0.014805
-0.014926
-0.008644
-0.008015
-0.004414
0.001794
0.001076
0.004691
0.005517
0.009809
0.014170
0.019695
0.014550
0.023477
0.025818
0.026696
0.035364
0.029392
0.034360
0.041705
0.043403
0.040053
0.050317
0.053374
0.052051
0.056191
0.057689
0.060705
0.065751
0.067638
0.075100
0.071399
0.071820
0.081729
0.081982
0.086440
0.085043
0.087814
0.096197
0.096542
0.096107
0.101685
0.104653
0.109359
0.107839
0.110844
0.118177
0.116550
0.122038
0.123559
0.122909
0.132384
0.135048
0.131228
0.136309
0.138826
0.147355
0.145493
0.147219
0.147311
0.160227
0.151576
0.161983
0.161734
0.161977
0.170516
0.170268
0.170966
0.172555
0.183598
0.181045
0.174932
0.191840
0.189138
0.187448
0.198676
0.190416
0.196584
0.209664
0.197593
0.209730
0.209222
0.206466
0.217068
0.217697
0.216376
0.224628
0.222170
0.224556
0.231855
0.230257
0.236411
0.233196
0.242410
0.238928
0.242982
0.252140
0.240811
0.255106
0.252834
0.258402
0.254920
0.261738
0.263643
0.265847
0.269696
0.267636
0.271923
0.275825
0.277518
0.277537
0.284417
0.286504
0.280478
0.289964
0.294005
0.291413
0.297827
0.296689
0.297306
0.302923
0.309194
0.299665
0.312507
0.311330
0.313839
0.312599
0.318093
0.321532
0.324222
0.321417
0.324651
0.328009
0.330439
0.335217
0.331747
0.336470
0.337988
0.341729
0.343332
0.344026
0.347512
0.346004
0.351436
0.353520
0.351490
0.362932
0.354376
0.359952
0.361316
0.366657
0.363992
0.369762
0.370233
0.369223
0.378560
0.370787
0.374848
0.380109
0.382686
0.383087
0.381935
0.385900
0.390126
0.389258
0.391227
0.389772
0.394553
0.398535
0.398105
0.400877
0.395755
0.405256
0.405670
0.404310
0.406725
0.410948
0.410087
0.410652
0.415637
0.418309
0.412379
0.415875
0.427803
0.413217
0.426780
0.421066
0.428628
0.426835
0.426167
0.426436
0.436458
0.433621
0.430001
0.435270
0.438699
0.434752
0.442758
0.436550
0.443285
0.440616
0.447108
0.444521
0.447564
0.444443
0.448962
0.451670
0.451476
0.449423
0.457840
0.451081
0.460502
0.449219
0.458852
0.458968
0.466154
0.458480
0.456789
0.466903
0.463817
0.461354
0.469969
0.463841
0.467433
0.469200
0.469591
0.469549
0.471525
0.473696
0.472704
0.472426
0.472802
0.476167
0.480683
0.473229
0.476839
0.478650
0.479437
0.480907
0.478267
0.481274
0.480183
0.486204
0.480781
0.482981
0.481170
0.491499
0.486981
0.476521
0.490202
0.484209
0.491809
0.487595
0.486693
0.492713
0.482983
0.494264
0.485958
0.493321
0.491439
0.490634
0.491778
0.494078
0.491571
0.489122
0.496776
0.491959
0.495988
0.489761
0.497231
0.492738
0.494998
0.499155
0.489654
0.497254
0.495715
0.495228
0.494621
0.496707
0.495216
0.498046
0.493204
0.499571
0.495320
0.493240
0.497419
0.496029
0.497272
0.496289
0.495665
0.495756
0.492555
0.497420
0.501433
0.491745
0.493662
0.494114
0.499899
0.490955
0.498908
0.493486
0.489595
0.495308
0.496758
0.491190
0.493775
0.492461
0.496344
0.490225
0.490057
0.490305
0.494707
0.488560
0.492633
0.488215
0.491602
0.487920
0.489276
0.487719
0.486465
0.489542
0.487532
0.484257
0.484232
0.486064
0.485355
0.487008
0.480485
0.484956
0.479586
0.483316
0.480415
0.482798
0.475800
0.479680
0.480247
0.476490
0.477483
0.475173
0.471761
0.477899
0.476265
0.470248
0.472028
0.470594
0.475241
0.464520
0.466743
0.472738
0.466805
0.462837
0.464895
0.464599
0.465101
0.461506
0.460092
0.461493
0.458082
0.455908
0.458139
0.457139
0.454062
0.453261
0.455140
0.448964
0.453078
0.449043
0.447199
0.443746
0.452067
0.441976
0.443566
0.439098
0.444100
0.437934
0.438110
0.441312
0.431501
0.436638
0.427184
0.439067
0.429951
0.427099
0.428417
0.426545
0.425942
0.420581
0.424876
0.418020
0.423142
0.416833
0.414268
0.414877
0.416119
0.413684
0.408481
0.409366
0.407788
0.406378
0.402792
0.405129
0.403224
0.396053
0.398804
0.398842
0.395633
0.390565
0.394842
0.389970
0.389468
0.384707
0.390300
0.378921
0.385906
0.380780
0.379689
0.375052
0.376890
0.375092
0.370140
0.369964
0.370059
0.368771
0.362837
0.363465
0.363830
0.360771
0.352291
0.357723
0.356431
0.350766
0.348169
0.350768
0.342165
0.346834
0.340803
0.341704
0.335751
0.335812
0.334802
0.329979
0.333094
0.325216
0.329445
0.321270
0.324851
0.320403
0.319053
0.321075
0.312512
0.312765
0.313381
0.308238
0.305222
0.303714
0.299786
0.300226
0.297247
0.297440
0.293492
0.291118
0.288344
0.289707
0.284007
0.282142
0.281661
0.276797
0.274277
0.280968
0.271622
0.265914
0.266335
0.265823
0.266937
0.260367
0.253653
0.256541
0.254469
0.254324
0.248834
0.247190
0.242473
0.244243
0.239079
0.237569
0.235468
0.234401
0.229561
0.227972
0.228784
0.224086
0.218629
0.221182
0.217455
0.212474
0.211802
0.213684
0.203933
0.203516
0.204081
0.199506
0.197218
0.200252
0.187407
0.190592
0.186550
0.186989
0.185235
0.177249
0.178099
0.176138
0.176915
0.166714
0.168800
0.165409
0.160911
0.163194
0.156684
0.157205
0.153821
0.151316
0.149128
0.142418
0.141970
0.145156
0.138288
0.136873
0.130331
0.128609
0.131057
0.127735
0.120650
0.120373
0.117719
0.113355
0.113614
0.113103
0.108227
0.101002
0.102896
0.101809
0.098380
0.094948
0.089714
0.088745
0.088709
0.084132
0.082017
0.080517
0.077346
0.069997
0.071170
0.070585
0.067421
0.065090
0.060268
0.055292
0.058316
0.051625
0.050843
0.050853
0.046479
0.040256
0.037248
0.041767
0.034263
0.032255
0.030333
0.027543
0.021108
0.022609
0.022877
0.013318
0.015604
0.010547
0.013352
0.000541
0.007110
0.000406
-0.003594
-0.003210
-0.003689
-0.012305
-0.010614
-0.017557
-0.018699
-0.015374
-0.022399
-0.028558
-0.025284
-0.031916
-0.033054
-0.036542
-0.033915
-0.044508
-0.044498
-0.046024
-0.047712
-0.051577
-0.054619
-0.055421
-0.058894
-0.062759
-0.064126
-0.069285
-0.066960
-0.073654
-0.073327
-0.078456
-0.078617
-0.085072
-0.085217
-0.086597
-0.090468
-0.090651
-0.099227
-0.095783
-0.102867
-0.104451
-0.103019
-0.107455
-0.110225
-0.114172
-0.118054
-0.118838
-0.119814
-0.119929
-0.129033
-0.128980
-0.132246
-0.133086
-0.137767
-0.137959
-0.139787
-0.143171
-0.145983
-0.149869
-0.150321
-0.155401
-0.158075
-0.156161
-0.159178
-0.164739
-0.165276
-0.171783
-0.170226
-0.173019
-0.175196
-0.176464
-0.181900
-0.183543
-0.187155
-0.187873
-0.189355
-0.194059
-0.194964
-0.197119
-0.201013
-0.200901
-0.207525
-0.204168
-0.212071
-0.212625
-0.212599
-0.218982
-0.220532
-0.218150
-0.223622
-0.228185
-0.231955
-0.228361
-0.233836
-0.234892
-0.236196
-0.243150
-0.242521
-0.243776
-0.246687
-0.254946
-0.247625
-0.254968
-0.254740
-0.260852
-0.260367
-0.265277
-0.265767
-0.264929
-0.270541
-0.273293
-0.274165
-0.275538
-0.279410
-0.283412
-0.284903
-0.280044
-0.288938
-0.292468
-0.293244
-0.290668
-0.298337
-0.297782
-0.301450
-0.302329
-0.304547
-0.309607
-0.305729
-0.311730
-0.314824
-0.317227
-0.315217
-0.322073
-0.319316
-0.323146
-0.327052
-0.327751
-0.331765
-0.332597
-0.330433
-0.337621
-0.341410
-0.336452
-0.340810
-0.345310
-0.347452
-0.348902
-0.346585
-0.351307
-0.355601
-0.354553
-0.362138
-0.356514
-0.362448
-0.361881
-0.366182
-0.366702
-0.369680
-0.371158
-0.372372
-0.374672
-0.377245
-0.376214
-0.381229
-0.380758
-0.382902
-0.391002
-0.384096
-0.388936
-0.392203
-0.389434
-0.395041
-0.398937
-0.397833
-0.396421
-0.404725
-0.403956
-0.402064
-0.405456
-0.408596
-0.411863
-0.411825
-0.413842
-0.412099
-0.416300
-0.420701
-0.418465
-0.421151
-0.424277
-0.423982
-0.423757
-0.430364
-0.426212
-0.435745
-0.430909
-0.431714
-0.435740
-0.438142
-0.436508
-0.442841
-0.438938
-0.445118
-0.438754
-0.449764
-0.447633
-0.450228
-0.447931
-0.448809
-0.454827
-0.457320
-0.451567
-0.456576
-0.458409
-0.462713
-0.461132
-0.459796
-0.463362
-0.463750
-0.467703
-0.470684
-0.469891
-0.467958
-0.470497
-0.473381
-0.473649
-0.474131
-0.478760
-0.476277
-0.481112
-0.481018
-0.478522
-0.480643
-0.484301
-0.489773
-0.481767
-0.488212
-0.488083
-0.488843
-0.490959
-0.490865
-0.494753
-0.494196
-0.492380
-0.496253
-0.494862
-0.500950
-0.500035
-0.497492
-0.502059
-0.500892
-0.503465
-0.502097
-0.506386
-0.504166
-0.508129
-0.508595
-0.506429
-0.507463
-0.511220
-0.513761
-0.509573
-0.512543
-0.513841
-0.514871
-0.515434
-0.514249
-0.521410
-0.516133
-0.516250
-0.520469
-0.521351
-0.518617
-0.521707
-0.522263
-0.524970
-0.524417
-0.524386
-0.523598
-0.526050
-0.528783
-0.526844
-0.526769
-0.527492
-0.531447
-0.530647
-0.529373
-0.529699
-0.535506
-0.532395
-0.529553
-0.531728
-0.537953
-0.533989
-0.534967
-0.533998
-0.536368
-0.536968
-0.534357
-0.539687
-0.537210
-0.538372
-0.539948
-0.540646
-0.539436
-0.536208
-0.543331
-0.538672
-0.544681
-0.543169
-0.539536
-0.542579
-0.540047
-0.545846
-0.543816
-0.543232
-0.543153
-0.545047
-0.544611
-0.543504
-0.546832
-0.545799
-0.546645
-0.543175
-0.545860
-0.547097
-0.546952
-0.543792
-0.547466
-0.546710
-0.548134
-0.547436
-0.546829
-0.547449
-0.543240
-0.548494
-0.550697
-0.549033
-0.546295
-0.544813
-0.546354
-0.551720
-0.547106
-0.546937
-0.544849
-0.547471
-0.549400
-0.547099
-0.549395
-0.545357
-0.544934
-0.546407
-0.549350
-0.545017
-0.546296
-0.546369
-0.543657
-0.546080
-0.546909
-0.544202
-0.546789
-0.543239
-0.543766
-0.545571
-0.544774
-0.544782
-0.544795
-0.544460
-0.543352
-0.546966
-0.549256
-0.545382
-0.547371
-0.545557
-0.550669
-0.547738
-0.544667
-0.539501
-0.533937
-0.538870
-0.542368
-0.543269
-0.543504
-0.540989
-0.539253
-0.541896
-0.540933
-0.536063
-0.537573
-0.540708
-0.538551
-0.539264
-0.536073
-0.539001
-0.533607
-0.536886
-0.537075
-0.532800
-0.536112
-0.534846
-0.532302
-0.532762
-0.532911
-0.532970
-0.530892
-0.531056
-0.533557
-0.528893
-0.526407
-0.528618
-0.531438
-0.525696
-0.529594
-0.526271
-0.524911
-0.526042
-0.526134
-0.521983
-0.524688
-0.523787
-0.521677
-0.521286
-0.520231
-0.521512
-0.518903
-0.520608
-0.516653
-0.517453
-0.515840
-0.517885
-0.512755
-0.513881
-0.518460
-0.512815
-0.511831
-0.511749
-0.509998
-0.508985
-0.510820
-0.507266
-0.511697
-0.506799
-0.503423
-0.503455
-0.505502
-0.508038
-0.503485
-0.500733
-0.500417
-0.497291
-0.500944
-0.500480
-0.500660
-0.496589
-0.491890
-0.494708
-0.494788
-0.493440
-0.496242
-0.488508
-0.489303
-0.489623
-0.491735
-0.485564
-0.485675
-0.486936
-0.487188
-0.484767
-0.480754
-0.479568
-0.482172
-0.482996
-0.479790
-0.476016
-0.476656
-0.475473
-0.477648
-0.474712
-0.472102
-0.471995
-0.469380
-0.472416
-0.467547
-0.468997
-0.466083
-0.464672
-0.467360
-0.464239
-0.460630
-0.461549
-0.461252
-0.460435
-0.458903
-0.456426
-0.455155
-0.456563
-0.453396
-0.451694
-0.453928
-0.451241
-0.450169
-0.444807
-0.447790
-0.448582
-0.445258
-0.440919
-0.444036
-0.442625
-0.438835
-0.438346
-0.440083
-0.434262
-0.435861
-0.435185
-0.434585
-0.433480
-0.428270
-0.427422
-0.429271
-0.429563
-0.426054
-0.423792
-0.424231
-0.421379
-0.422173
-0.420295
-0.418765
-0.418977
-0.416259
-0.413037
-0.414022
-0.413242
-0.412362
-0.411737
-0.407754
-0.406350
-0.407608
-0.404724
-0.404209
-0.403828
-0.399179
-0.401776
-0.399085
-0.396122
-0.397268
-0.394596
-0.395777
-0.389961
-0.389306
-0.392927
-0.390332
-0.384819
-0.385383
-0.385312
-0.381949
-0.381968
-0.381588
-0.381380
-0.377854
-0.377218
-0.370873
-0.375324
-0.373217
-0.374396
-0.371036
-0.365246
-0.368307
-0.365554
-0.364440
-0.366368
-0.360345
-0.361269
-0.359670
-0.356999
-0.357471
-0.354953
-0.355088
-0.352790
-0.349721
-0.351963
-0.348451
-0.347505
-0.344748
-0.346954
-0.341938
-0.341150
-0.342151
-0.338099
-0.339892
-0.337630
-0.332492
-0.332889
-0.332807
-0.333520
-0.329713
-0.328133
-0.326958
-0.324982
-0.324735
-0.324901
-0.322327
-0.318487
-0.317301
-0.320746
-0.317197
-0.314367
-0.311638
-0.313319
-0.311187
-0.309864
-0.306820
-0.308628
-0.305700
-0.305540
-0.300435
-0.301605
-0.301719
-0.298406
-0.297925
-0.296175
-0.294863
-0.293178
-0.291506
-0.290345
-0.291817
-0.288197
-0.286413
-0.283113
-0.285172
-0.282824
-0.282429
-0.278972
-0.277108
-0.279066
-0.275743
-0.274776
-0.273265
-0.270303
-0.271019
-0.270593
-0.267420
-0.266391
-0.264044
-0.265143
-0.260510
-0.262007
-0.261085
-0.259266
-0.255194
-0.255772
-0.255788
-0.252443
-0.251726
-0.251223
-0.247932
-0.247186
-0.250225
-0.243446
-0.242745
-0.241589
-0.244391
-0.239337
-0.238155
-0.238568
-0.235684
-0.235056
-0.234368
-0.230088
-0.231275
-0.231478
-0.228194
-0.226478
-0.225226
-0.225496
-0.223784
-0.220719
-0.219632
-0.222266
-0.217628
-0.215824
-0.216519
-0.213347
-0.214186
-0.212546
-0.208978
-0.208911
-0.209564
-0.207717
-0.206487
-0.200452
-0.203718
-0.204035
-0.201042
-0.198695
-0.197632
-0.197073
-0.195936
-0.195250
-0.191865
-0.194299
-0.191327
-0.187301
-0.190526
-0.186362
-0.185667
-0.186655
-0.182530
-0.182384
-0.179994
-0.181585
-0.179833
-0.176842
-0.175362
-0.176777
-0.174410
-0.170818
-0.172541
-0.171585
-0.171896
-0.167121
-0.164069
-0.164931
-0.165962
-0.165284
-0.163612
-0.161709
-0.156673
-0.159628
-0.157553
-0.158316
-0.155541
-0.154069
-0.153866
-0.150908
-0.151796
-0.150317
-0.149944
-0.148274
-0.145135
-0.146148
-0.142846
-0.145404
-0.144386
-0.139040
-0.142280
-0.137514
-0.137846
-0.137249
-0.137307
-0.136001
-0.132141
-0.132092
-0.132538
-0.131677
-0.130790
-0.126402
-0.127365
-0.126674
-0.126418
-0.125575
-0.122431
-0.122913
-0.119840
-0.121392
-0.121160
-0.117099
-0.117946
-0.115416
-0.115212
-0.114622
-0.113491
-0.114363
-0.109303
-0.111048
-0.111216
-0.107908
-0.104463
-0.106860
-0.109897
-0.102834
-0.102470
-0.102194
-0.101454
-0.103027
-0.099964
-0.098452
-0.096875
-0.097464
-0.096781
-0.096082
-0.093839
-0.094531
-0.092791
-0.090773
-0.090047
-0.090249
-0.090864
-0.088474
-0.089221
-0.085638
-0.085912
-0.081635
-0.084594
-0.085630
-0.084292
-0.081253
-0.077906
-0.078308
-0.081299
-0.078563
-0.076272
-0.076865
-0.077235
-0.073546
-0.073646
-0.072114
-0.074202
-0.074517
-0.070642
-0.066932
-0.069468
-0.069120
-0.069090
-0.065877
-0.066742
-0.067187
-0.064770
-0.064495
-0.062493
-0.061038
-0.062387
-0.063551
-0.059490
-0.061049
-0.058223
-0.056568
-0.057952
-0.057483
-0.058036
-0.054656
-0.052350
-0.055322
-0.054134
-0.053532
-0.052264
-0.052215
-0.048954
-0.051197
-0.047508
-0.049947
-0.049924
-0.047235
-0.045765
-0.047321
-0.045900
-0.046078
-0.043124
-0.044215
-0.046631
-0.040521
-0.042279
-0.041664
-0.041418
-0.041246
-0.040597
-0.040845
-0.039795
-0.039602
-0.040247
-0.035820
-0.035889
-0.037343
-0.044583
-0.060049
-0.068417
-0.072099


