M_loss: 3, M_sym: 5, M_power: 9000, M_bandwidth: 22.3872113856834
-0.001368
-0.000070
0.000759
0.001118
-0.000557
-0.000078
-0.000150
-0.001236
-0.001577
-0.000287
-0.000419
-0.000127
0.000198
0.000320
-0.000687
0.000576
0.000016
-0.000690
-0.001167
0.000060
-0.000035
-0.001408
-0.000920
-0.001514
-0.000199
0.000647
-0.000035
-0.000021
0.000319
0.000514
-0.001355
0.000978
-0.000244
-0.000074
-0.001446
-0.000011
-0.000068
0.000514
-0.000759
-0.001243
0.000281
-0.000464
-0.000947
-0.002669
-0.000857
-0.002402
-0.000036
-0.000021
-0.002757
-0.000137
-0.000263
-0.000670
-0.000950
-0.000236
-0.000216
-0.001465
-0.001676
-0.000233
-0.000347
-0.002335
-0.000520
-0.002234
-0.000691
-0.002048
-0.000593
0.000435
-0.000743
-0.000395
-0.000893
-0.001905
-0.000878
-0.000839
-0.000462
-0.002730
-0.001436
-0.002115
-0.001953
-0.002056
-0.003284
-0.003236
-0.001493
-0.000334
-0.002978
-0.001031
-0.003350
-0.002498
-0.003325
-0.002353
-0.003573
-0.002662
-0.002247
-0.003345
-0.001876
-0.002228
-0.002377
-0.001301
-0.002829
-0.002522
-0.002681
-0.003652
-0.002047
-0.003082
-0.002951
-0.003725
-0.004003
-0.002886
-0.003146
-0.001832
-0.002796
-0.002346
-0.002848
-0.002910
-0.003435
-0.003178
-0.004165
-0.004282
-0.004357
-0.003126
-0.002843
-0.004083
-0.005177
-0.003553
-0.003185
-0.002395
-0.004335
-0.004046
-0.003369
-0.004317
-0.003604
-0.004228
-0.004142
-0.005302
-0.004413
-0.004190
-0.004022
-0.004158
-0.005645
-0.003860
-0.005128
-0.004671
-0.004495
-0.004075
-0.004281
-0.004119
-0.003621
-0.004616
-0.003516
-0.005033
-0.004016
-0.005495
-0.005685
-0.005534
-0.004851
-0.006614
-0.004822
-0.004833
-0.004875
-0.006086
-0.006038
-0.007158
-0.007257
-0.006550
-0.006861
-0.005922
-0.008463
-0.008352
-0.007770
-0.007535
-0.006921
-0.008505
-0.007989
-0.008864
-0.008482
-0.008923
-0.007649
-0.007742
-0.008693
-0.008758
-0.010179
-0.009184
-0.007854
-0.009065
-0.009979
-0.008721
-0.009855
-0.009294
-0.008838
-0.010337
-0.007652
-0.008667
-0.010541
-0.010362
-0.010441
-0.010970
-0.011436
-0.010128
-0.010110
-0.011678
-0.010639
-0.010694
-0.010876
-0.011553
-0.011347
-0.010520
-0.012125
-0.011172
-0.011995
-0.012221
-0.010728
-0.011765
-0.012639
-0.011584
-0.011837
-0.012626
-0.011311
-0.010898
-0.011031
-0.013655
-0.012671
-0.011873
-0.014192
-0.013531
-0.014048
-0.012287
-0.012785
-0.013576
-0.013930
-0.012773
-0.013859
-0.015127
-0.013632
-0.014278
-0.012283
-0.015361
-0.014732
-0.015239
-0.015047
-0.015286
-0.014677
-0.015943
-0.012980
-0.015115
-0.016967
-0.017403
-0.013960
-0.014709
-0.016132
-0.017205
-0.015840
-0.015666
-0.017657
-0.018051
-0.019161
-0.016799
-0.016664
-0.017966
-0.017022
-0.017191
-0.018875
-0.018054
-0.018729
-0.018880
-0.019274
-0.020108
-0.019111
-0.020640
-0.017845
-0.019897
-0.021064
-0.021429
-0.021307
-0.019439
-0.020403
-0.021800
-0.020138
-0.022803
-0.022594
-0.022557
-0.023729
-0.022417
-0.022436
-0.022846
-0.024870
-0.021545
-0.025152
-0.024483
-0.023889
-0.022888
-0.024108
-0.024168
-0.024248
-0.024482
-0.025473
-0.023793
-0.025784
-0.025257
-0.023981
-0.024637
-0.027249
-0.026416
-0.026875
-0.027059
-0.026367
-0.026915
-0.027601
-0.028697
-0.027699
-0.029201
-0.029452
-0.029100
-0.028632
-0.029715
-0.029512
-0.030584
-0.029873
-0.029456
-0.029154
-0.030505
-0.031794
-0.031281
-0.029944
-0.032420
-0.031891
-0.031360
-0.031422
-0.032329
-0.031589
-0.030819
-0.031697
-0.034390
-0.032670
-0.032080
-0.032268
-0.032331
-0.032009
-0.033512
-0.031575
-0.035438
-0.033370
-0.034089
-0.034518
-0.034615
-0.036435
-0.037545
-0.037790
-0.038097
-0.037599
-0.036719
-0.039057
-0.037409
-0.038655
-0.036994
-0.036112
-0.039441
-0.038793
-0.041818
-0.041422
-0.040372
-0.040661
-0.041262
-0.039527
-0.039460
-0.042791
-0.042842
-0.043070
-0.040122
-0.043338
-0.041691
-0.043764
-0.043142
-0.043058
-0.045056
-0.044108
-0.045119
-0.045334
-0.043428
-0.045816
-0.044139
-0.043305
-0.046245
-0.047359
-0.048152
-0.045175
-0.048175
-0.048218
-0.047151
-0.047925
-0.048259
-0.048184
-0.049322
-0.049527
-0.049687
-0.049868
-0.049888
-0.049217
-0.049562
-0.052362
-0.051302
-0.052271
-0.051188
-0.052692
-0.052718
-0.054877
-0.055377
-0.053384
-0.055558
-0.053431
-0.054046
-0.054726
-0.054806
-0.052309
-0.056463
-0.057440
-0.051725
-0.054832
-0.055216
-0.055742
-0.056355
-0.057169
-0.058874
-0.058966
-0.057661
-0.060927
-0.059315
-0.059460
-0.061588
-0.059004
-0.059508
-0.060170
-0.064393
-0.060403
-0.059917
-0.061327
-0.061201
-0.061371
-0.062659
-0.065975
-0.064070
-0.063952
-0.065242
-0.064478
-0.066243
-0.066592
-0.069268
-0.064411
-0.067638
-0.066245
-0.067303
-0.068135
-0.067758
-0.069341
-0.070112
-0.069075
-0.067657
-0.072342
-0.071212
-0.070717
-0.073312
-0.071588
-0.072115
-0.071969
-0.073731
-0.072626
-0.072978
-0.073446
-0.072675
-0.073674
-0.074246
-0.075880
-0.074882
-0.075142
-0.076988
-0.078632
-0.077214
-0.077303
-0.078516
-0.075093
-0.076851
-0.078351
-0.078053
-0.079207
-0.080014
-0.081294
-0.080833
-0.082880
-0.083428
-0.082537
-0.083651
-0.083747
-0.081680
-0.084230
-0.085228
-0.084297
-0.084018
-0.084824
-0.084504
-0.085661
-0.088117
-0.088884
-0.086724
-0.088552
-0.086630
-0.087957
-0.089955
-0.088677
-0.086411
-0.089073
-0.091626
-0.090261
-0.091444
-0.086979
-0.090808
-0.091323
-0.095210
-0.090037
-0.092641
-0.094527
-0.093821
-0.094471
-0.095617
-0.092643
-0.097694
-0.094387
-0.095392
-0.094372
-0.096516
-0.098650
-0.098497
-0.099917
-0.097342
-0.098595
-0.099666
-0.099526
-0.101958
-0.102464
-0.098801
-0.098526
-0.102366
-0.103609
-0.102767
-0.103993
-0.103873
-0.105868
-0.105415
-0.103439
-0.105903
-0.105577
-0.103520
-0.104164
-0.105584
-0.108715
-0.105739
-0.106317
-0.108221
-0.106375
-0.109990
-0.111391
-0.107986
-0.113281
-0.112442
-0.111638
-0.110822
-0.112236
-0.114369
-0.110900
-0.112481
-0.117119
-0.112083
-0.116651
-0.117760
-0.115145
-0.114189
-0.115457
-0.116420
-0.117525
-0.118339
-0.117400
-0.118088
-0.121639
-0.121272
-0.121759
-0.123334
-0.120156
-0.118006
-0.119045
-0.118469
-0.123110
-0.124566
-0.120728
-0.122810
-0.124552
-0.125096
-0.122409
-0.122824
-0.123979
-0.127489
-0.127303
-0.126339
-0.125698
-0.128053
-0.126768
-0.127775
-0.129521
-0.129401
-0.126784
-0.127906
-0.131864
-0.131628
-0.131710
-0.132481
-0.131202
-0.131147
-0.132080
-0.133830
-0.134912
-0.133870
-0.132591
-0.132808
-0.133198
-0.134979
-0.134253
-0.136286
-0.135058
-0.132656
-0.134100
-0.135849
-0.138752
-0.139869
-0.137690
-0.138684
-0.139330
-0.140612
-0.140555
-0.143059
-0.141001
-0.139671
-0.144627
-0.143464
-0.143037
-0.145293
-0.141916
-0.143681
-0.143808
-0.141757
-0.145449
-0.144584
-0.145219
-0.149516
-0.143396
-0.142909
-0.148285
-0.145869
-0.148554
-0.147955
-0.147259
-0.148562
-0.150955
-0.150817
-0.150684
-0.149744
-0.152188
-0.150848
-0.153201
-0.151385
-0.149523
-0.152616
-0.153783
-0.156943
-0.152644
-0.155222
-0.156006
-0.153599
-0.155985
-0.157579
-0.156678
-0.155964
-0.155438
-0.160747
-0.158198
-0.156239
-0.156228
-0.160153
-0.160806
-0.158100
-0.157312
-0.158474
-0.160329
-0.164125
-0.162891
-0.159237
-0.160048
-0.160881
-0.162858
-0.163435
-0.162024
-0.163582
-0.162179
-0.162640
-0.163756
-0.166876
-0.162037
-0.164598
-0.165011
-0.165026
-0.164016
-0.166707
-0.163763
-0.165284
-0.164363
-0.168247
-0.170294
-0.165617
-0.171515
-0.169110
-0.166706
-0.171093
-0.167667
-0.170691
-0.165400
-0.170601
-0.171143
-0.170232
-0.170790
-0.170216
-0.169052
-0.171808
-0.173353
-0.170916
-0.171554
-0.174638
-0.176208
-0.169303
-0.172742
-0.173987
-0.173979
-0.167575
-0.174593
-0.173529
-0.174873
-0.170866
-0.176736
-0.178526
-0.175232
-0.177027
-0.178569
-0.179143
-0.178921
-0.175260
-0.173990
-0.175232
-0.180435
-0.178123
-0.176300
-0.180666
-0.176947
-0.179081
-0.178657
-0.179903
-0.180035
-0.181765
-0.179176
-0.182123
-0.176881
-0.180604
-0.179800
-0.181033
-0.183500
-0.179979
-0.180765
-0.182897
-0.180018
-0.181575
-0.182481
-0.182407
-0.179336
-0.183807
-0.182413
-0.180272
-0.185405
-0.184280
-0.181299
-0.185545
-0.182691
-0.182155
-0.185526
-0.184770
-0.183299
-0.185789
-0.181727
-0.184973
-0.184713
-0.184834
-0.187587
-0.183950
-0.185432
-0.183764
-0.186027
-0.185749
-0.187483
-0.189031
-0.186237
-0.185110
-0.187637
-0.189499
-0.185454
-0.186849
-0.185026
-0.186885
-0.185424
-0.187980
-0.186999
-0.186883
-0.186297
-0.186378
-0.189296
-0.189680
-0.189040
-0.186422
-0.184501
-0.189029
-0.188347
-0.186112
-0.181725
-0.182131
-0.188201
-0.189385
-0.190550
-0.185386
-0.187626
-0.183758
-0.188203
-0.189205
-0.188185
-0.184672
-0.185371
-0.191089
-0.184768
-0.188475
-0.185890
-0.186169
-0.185737
-0.186022
-0.187400
-0.185967
-0.183864
-0.185112
-0.189318
-0.190799
-0.186042
-0.184450
-0.188658
-0.186646
-0.190029
-0.185706
-0.185724
-0.183775
-0.180397
-0.187369
-0.181542
-0.187583
-0.185698
-0.187162
-0.181626
-0.184465
-0.185788
-0.186668
-0.184855
-0.184276
-0.180676
-0.184346
-0.182418
-0.182311
-0.183682
-0.182513
-0.180315
-0.182298
-0.181744
-0.186039
-0.181527
-0.181282
-0.181463
-0.182473
-0.179886
-0.180901
-0.182743
-0.183185
-0.178484
-0.177642
-0.180505
-0.178842
-0.178822
-0.184345
-0.182098
-0.181448
-0.181156
-0.181262
-0.177716
-0.182968
-0.183893
-0.190899
-0.180341
-0.181703
-0.176198
-0.178470
-0.175282
-0.172949
-0.176293
-0.175420
-0.176329
-0.173375
-0.176084
-0.174980
-0.173277
-0.171834
-0.175564
-0.173709
-0.168567
-0.175755
-0.169998
-0.171886
-0.178021
-0.171886
-0.171412
-0.169522
-0.167620
-0.168146
-0.166973
-0.168922
-0.166849
-0.169889
-0.165252
-0.164739
-0.169220
-0.165691
-0.168908
-0.168331
-0.166497
-0.161257
-0.167938
-0.164658
-0.164404
-0.166360
-0.161234
-0.163046
-0.163016
-0.166113
-0.158842
-0.164774
-0.162025
-0.156354
-0.159242
-0.160202
-0.163001
-0.159442
-0.157678
-0.156995
-0.158899
-0.155756
-0.157721
-0.153459
-0.151735
-0.152605
-0.154309
-0.155499
-0.151091
-0.152529
-0.151685
-0.144805
-0.150748
-0.152627
-0.148529
-0.152507
-0.148568
-0.145276
-0.148989
-0.147166
-0.145992
-0.144420
-0.145782
-0.143198
-0.139796
-0.145421
-0.139534
-0.135469
-0.141182
-0.137856
-0.134969
-0.142503
-0.139705
-0.140076
-0.137548
-0.133451
-0.135304
-0.135456
-0.130813
-0.134444
-0.130675
-0.129000
-0.131968
-0.130804
-0.131721
-0.129629
-0.125501
-0.126879
-0.123648
-0.126817
-0.124887
-0.124583
-0.125848
-0.119660
-0.123440
-0.123473
-0.127075
-0.120879
-0.120333
-0.120721
-0.116667
-0.114081
-0.108263
-0.114860
-0.119206
-0.117247
-0.114103
-0.113037
-0.113592
-0.111352
-0.111104
-0.107034
-0.108938
-0.110168
-0.106952
-0.106253
-0.103011
-0.105582
-0.098023
-0.098237
-0.100822
-0.102756
-0.100606
-0.099899
-0.099231
-0.096791
-0.095157
-0.103127
-0.090660
-0.092826
-0.088485
-0.095870
-0.090332
-0.090535
-0.090360
-0.091659
-0.085682
-0.088922
-0.080870
-0.082248
-0.081297
-0.073598
-0.081504
-0.080670
-0.077147
-0.081138
-0.074149
-0.073537
-0.071131
-0.074250
-0.071999
-0.066799
-0.067667
-0.071185
-0.067987
-0.068091
-0.066635
-0.063456
-0.066341
-0.063103
-0.057635
-0.055309
-0.060262
-0.057624
-0.055871
-0.050804
-0.051362
-0.053623
-0.050991
-0.046089
-0.049212
-0.051425
-0.047885
-0.051635
-0.043807
-0.043526
-0.051328
-0.040274
-0.036241
-0.041666
-0.038853
-0.039432
-0.038715
-0.037230
-0.031826
-0.035379
-0.034268
-0.033713
-0.028441
-0.028160
-0.028330
-0.027359
-0.023571
-0.025313
-0.023548
-0.018168
-0.020090
-0.018588
-0.018980
-0.017972
-0.016081
-0.009834
-0.013213
-0.011092
-0.006668
-0.015330
-0.009039
-0.003686
-0.008261
-0.003633
-0.000841
0.001823
-0.002009
-0.000653
0.003222
0.006126
0.009238
0.007062
0.009874
0.008071
0.012555
0.015050
0.017012
0.014293
0.018604
0.019471
0.025703
0.019112
0.021825
0.022754
0.022071
0.028654
0.027141
0.030118
0.031416
0.030866
0.031218
0.033075
0.032460
0.037029
0.037989
0.041027
0.045192
0.042814
0.050099
0.048998
0.041297
0.052961
0.050390
0.051082
0.051275
0.059457
0.053888
0.060249
0.060489
0.061916
0.063212
0.062778
0.066894
0.067961
0.064952
0.073963
0.075296
0.072595
0.076319
0.073738
0.081004
0.080417
0.077861
0.084523
0.083693
0.083980
0.085900
0.088465
0.091944
0.090073
0.093400
0.095348
0.095874
0.098899
0.101069
0.102825
0.101179
0.103491
0.107521
0.110697
0.117957
0.114296
0.115890
0.111875
0.115339
0.115739
0.121361
0.119654
0.128886
0.125187
0.126336
0.128335
0.130261
0.131584
0.135370
0.134939
0.134162
0.139020
0.142856
0.142266
0.143855
0.138684
0.142068
0.151132
0.150118
0.151426
0.149151
0.156542
0.157423
0.160089
0.155921
0.160179
0.164535
0.161821
0.164649
0.168253
0.168913
0.170042
0.171163
0.172933
0.179446
0.194232
0.179810
0.183196
0.190026
0.184701
0.186804
0.185042
0.194438
0.192465
0.192063
0.194952
0.196580
0.198127
0.203107
0.200603
0.206802
0.217534
0.206268
0.210789
0.211636
0.213246
0.216128
0.221119
0.221611
0.219107
0.221136
0.217049
0.226734
0.228320
0.230331
0.235789
0.232095
0.234666
0.236830
0.241619
0.237187
0.242081
0.238951
0.248056
0.246442
0.246001
0.251491
0.250944
0.253445
0.257242
0.259097
0.259589
0.261148
0.264400
0.267261
0.266270
0.271693
0.271265
0.273331
0.275020
0.279234
0.283686
0.276611
0.285273
0.287368
0.288279
0.281615
0.291422
0.287064
0.308836
0.293887
0.309463
0.299202
0.296041
0.300405
0.309099
0.307232
0.305858
0.308636
0.313463
0.319262
0.319125
0.320015
0.317299
0.323724
0.322046
0.327064
0.328839
0.331363
0.329021
0.333083
0.337419
0.335276
0.337834
0.342100
0.343815
0.343933
0.346789
0.349430
0.352110
0.355167
0.353806
0.354768
0.358126
0.358731
0.362379
0.362696
0.365339
0.368667
0.369390
0.373379
0.374745
0.376120
0.380707
0.372154
0.385767
0.387318
0.377915
0.389968
0.387572
0.385449
0.395413
0.391022
0.397706
0.400533
0.398831
0.399775
0.397414
0.408046
0.406124
0.410828
0.408760
0.415340
0.417579
0.415334
0.421312
0.421258
0.431735
0.429368
0.427552
0.428285
0.428856
0.435700
0.431019
0.434880
0.444554
0.440989
0.436505
0.443113
0.448012
0.445160
0.449976
0.447750
0.453977
0.453546
0.458346
0.459614
0.458050
0.459427
0.460330
0.466741
0.470562
0.471369
0.471853
0.471029
0.475576
0.474849
0.477817
0.481620
0.486721
0.483074
0.490486
0.487256
0.490137
0.491547
0.495260
0.495927
0.501020
0.496993
0.505291
0.502305
0.502252
0.507672
0.507189
0.509298
0.512521
0.513086
0.516577
0.518976
0.518606
0.523029
0.521610
0.515437
0.531199
0.530953
0.529853
0.534849
0.533888
0.532662
0.540660
0.538191
0.536597
0.544143
0.540901
0.546329
0.544087
0.555567
0.554269
0.558029
0.554151
0.556993
0.555563
0.554404
0.564987
0.567482
0.566139
0.562998
0.570541
0.568118
0.568787
0.577657
0.574954
0.579905
0.576813
0.584847
0.580789
0.585067
0.585675
0.585558
0.584340
0.589010
0.592002
0.594100
0.596440
0.597161
0.605750
0.599401
0.600037
0.603774
0.607933
0.609121
0.609791
0.612463
0.618987
0.612340
0.616003
0.620427
0.622550
0.624688
0.626620
0.626675
0.627674
0.629862
0.631424
0.632126
0.630620
0.636445
0.635023
0.645651
0.635351
0.641377
0.636594
0.645967
0.645678
0.651623
0.649650
0.648660
0.657161
0.657073
0.650860
0.658219
0.657327
0.660248
0.664583
0.671251
0.659702
0.665415
0.669194
0.667575
0.672172
0.674937
0.673667
0.672699
0.679429
0.683949
0.679732
0.684451
0.683825
0.687783
0.687195
0.680717
0.686585
0.694828
0.689536
0.692915
0.687733
0.697870
0.700409
0.699301
0.694453
0.705962
0.705125
0.707845
0.713626
0.709062
0.709714
0.714052
0.713790
0.714813
0.712979
0.716784
0.714941
0.718967
0.718128
0.717770
0.721374
0.722214
0.727606
0.729012
0.730815
0.731626
0.732220
0.732430
0.731148
0.736170
0.736594
0.736351
0.741409
0.746431
0.745224
0.744572
0.746398
0.747394
0.745345
0.743398
0.752413
0.743031
0.743971
0.751183
0.753144
0.746669
0.758282
0.759183
0.758088
0.759812
0.762409
0.758818
0.753234
0.762408
0.771332
0.768833
0.770986
0.769175
0.767541
0.774015
0.771279
0.779654
0.772778
0.777642
0.777569
0.778337
0.777043
0.774183
0.785186
0.782430
0.782095
0.779460
0.783775
0.784016
0.786969
0.789233
0.795776
0.790370
0.792319
0.787078
0.791976
0.793860
0.800646
0.793266
0.800040
0.802055
0.796705
0.797462
0.799734
0.801733
0.801480
0.810846
0.807546
0.807793
0.808708
0.804153
0.809743
0.811261
0.808961
0.809568
0.809379
0.817445
0.806634
0.814787
0.818704
0.815140
0.815055
0.806940
0.823635
0.816392
0.817485
0.822884
0.821165
0.824567
0.820122
0.831792
0.826170
0.821744
0.820013
0.833626
0.831282
0.830652
0.831423
0.833530
0.829986
0.828398
0.831784
0.836761
0.832583
0.832997
0.839811
0.835885
0.835993
0.829565
0.838490
0.838124
0.842285
0.832916
0.840905
0.839277
0.838247
0.838060
0.837097
0.843302
0.847439
0.845121
0.849995
0.846473
0.852137
0.849214
0.848036
0.848268
0.843453
0.851351
0.853096
0.849533
0.852308
0.845175
0.853688
0.857972
0.854295
0.853899
0.845186
0.848567
0.851441
0.855425
0.849446
0.850960
0.859488
0.852313
0.861083
0.847939
0.852689
0.862931
0.860635
0.853682
0.859920
0.859367
0.861874
0.858819
0.857216
0.860569
0.855219
0.861148
0.859150
0.864063
0.863099
0.856217
0.864740
0.859987
0.866318
0.862010
0.865897
0.870283
0.863792
0.866089
0.863107
0.865338
0.861666
0.866063
0.858829
0.860335
0.867719
0.866548
0.861736
0.865471
0.864413
0.867789
0.863914
0.865683
0.864972
0.869324
0.862338
0.867206
0.864509
0.864846
0.865390
0.871895
0.865390
0.864846
0.864509
0.867206
0.862338
0.869324
0.864972
0.865683
0.863914
0.867789
0.864413
0.865471
0.861736
0.866548
0.867719
0.860335
0.858829
0.866063
0.861666
0.865338
0.863107
0.866089
0.863792
0.870283
0.865897
0.862010
0.866318
0.859987
0.864740
0.856217
0.863099
0.864063
0.859150
0.861148
0.855219
0.860569
0.857216
0.858819
0.861874
0.859367
0.859920
0.853682
0.860635
0.862931
0.852689
0.847939
0.861083
0.852313
0.859488
0.850960
0.849446
0.855425
0.851441
0.848567
0.845186
0.853899
0.854295
0.857972
0.853688
0.845175
0.852308
0.849533
0.853096
0.851351
0.843453
0.848268
0.848036
0.849214
0.852137
0.846473
0.849995
0.845121
0.847439
0.843302
0.837097
0.838060
0.838247
0.839277
0.840905
0.832916
0.842285
0.838124
0.838490
0.829565
0.835993
0.835885
0.839811
0.832997
0.832583
0.836761
0.831784
0.828398
0.829986
0.833530
0.831423
0.830652
0.831282
0.833626
0.820013
0.821744
0.826170
0.831792
0.820122
0.824567
0.821165
0.822884
0.817485
0.816392
0.823635
0.806940
0.815055
0.815140
0.818704
0.814787
0.806634
0.817445
0.809379
0.809568
0.808961
0.811261
0.809743
0.804153
0.808708
0.807793
0.807546
0.810846
0.801480
0.801733
0.799734
0.797462
0.796705
0.802055
0.800040
0.793266
0.800646
0.793860
0.791976
0.787078
0.792319
0.790370
0.795776
0.789233
0.786969
0.784016
0.783775
0.779460
0.782095
0.782430
0.785186
0.774183
0.777043
0.778337
0.777569
0.777642
0.772778
0.779654
0.771279
0.774015
0.767541
0.769175
0.770986
0.768833
0.771332
0.762408
0.753234
0.758818
0.762409
0.759812
0.758088
0.759183
0.758282
0.746669
0.753144
0.751183
0.743971
0.743031
0.752413
0.743398
0.745345
0.747394
0.746398
0.744572
0.745224
0.746431
0.741409
0.736351
0.736594
0.736170
0.731148
0.732430
0.732220
0.731626
0.730815
0.729012
0.727606
0.722214
0.721374
0.717770
0.718128
0.718967
0.714941
0.716784
0.712979
0.714813
0.713790
0.714052
0.709714
0.709062
0.713626
0.707845
0.705125
0.705962
0.694453
0.699301
0.700409
0.697870
0.687733
0.692915
0.689536
0.694828
0.686585
0.680717
0.687195
0.687783
0.683825
0.684451
0.679732
0.683949
0.679429
0.672699
0.673667
0.674937
0.672172
0.667575
0.669194
0.665415
0.659702
0.671251
0.664583
0.660248
0.657327
0.658219
0.650860
0.657073
0.657161
0.648660
0.649650
0.651623
0.645678
0.645967
0.636594
0.641377
0.635351
0.645651
0.635023
0.636445
0.630620
0.632126
0.631424
0.629862
0.627674
0.626675
0.626620
0.624688
0.622550
0.620427
0.616003
0.612340
0.618987
0.612463
0.609791
0.609121
0.607933
0.603774
0.600037
0.599401
0.605750
0.597161
0.596440
0.594100
0.592002
0.589010
0.584340
0.585558
0.585675
0.585067
0.580789
0.584847
0.576813
0.579905
0.574954
0.577657
0.568787
0.568118
0.570541
0.562998
0.566139
0.567482
0.564987
0.554404
0.555563
0.556993
0.554151
0.558029
0.554269
0.555567
0.544087
0.546329
0.540901
0.544143
0.536597
0.538191
0.540660
0.532662
0.533888
0.534849
0.529853
0.530953
0.531199
0.515437
0.521610
0.523029
0.518606
0.518976
0.516577
0.513086
0.512521
0.509298
0.507189
0.507672
0.502252
0.502305
0.505291
0.496993
0.501020
0.495927
0.495260
0.491547
0.490137
0.487256
0.490486
0.483074
0.486721
0.481620
0.477817
0.474849
0.475576
0.471029
0.471853
0.471369
0.470562
0.466741
0.460330
0.459427
0.458050
0.459614
0.458346
0.453546
0.453977
0.447750
0.449976
0.445160
0.448012
0.443113
0.436505
0.440989
0.444554
0.434880
0.431019
0.435700
0.428856
0.428285
0.427552
0.429368
0.431735
0.421258
0.421312
0.415334
0.417579
0.415340
0.408760
0.410828
0.406124
0.408046
0.397414
0.399775
0.398831
0.400533
0.397706
0.391022
0.395413
0.385449
0.387572
0.389968
0.377915
0.387318
0.385767
0.372154
0.380707
0.376120
0.374745
0.373379
0.369390
0.368667
0.365339
0.362696
0.362379
0.358731
0.358126
0.354768
0.353806
0.355167
0.352110
0.349430
0.346789
0.343933
0.343815
0.342100
0.337834
0.335276
0.337419
0.333083
0.329021
0.331363
0.328839
0.327064
0.322046
0.323724
0.317299
0.320015
0.319125
0.319262
0.313463
0.308636
0.305858
0.307232
0.309099
0.300405
0.296041
0.299202
0.309463
0.293887
0.308836
0.287064
0.291422
0.281615
0.288279
0.287368
0.285273
0.276611
0.283686
0.279234
0.275020
0.273331
0.271265
0.271693
0.266270
0.267261
0.264400
0.261148
0.259589
0.259097
0.257242
0.253445
0.250944
0.251491
0.246001
0.246442
0.248056
0.238951
0.242081
0.237187
0.241619
0.236830
0.234666
0.232095
0.235789
0.230331
0.228320
0.226734
0.217049
0.221136
0.219107
0.221611
0.221119
0.216128
0.213246
0.211636
0.210789
0.206268
0.217534
0.206802
0.200603
0.203107
0.198127
0.196580
0.194952
0.192063
0.192465
0.194438
0.185042
0.186804
0.184701
0.190026
0.183196
0.179810
0.194232
0.179446
0.172933
0.171163
0.170042
0.168913
0.168253
0.164649
0.161821
0.164535
0.160179
0.155921
0.160089
0.157423
0.156542
0.149151
0.151426
0.150118
0.151132
0.142068
0.138684
0.143855
0.142266
0.142856
0.139020
0.134162
0.134939
0.135370
0.131584
0.130261
0.128335
0.126336
0.125187
0.128886
0.119654
0.121361
0.115739
0.115339
0.111875
0.115890
0.114296
0.117957
0.110697
0.107521
0.103491
0.101179
0.102825
0.101069
0.098899
0.095874
0.095348
0.093400
0.090073
0.091944
0.088465
0.085900
0.083980
0.083693
0.084523
0.077861
0.080417
0.081004
0.073738
0.076319
0.072595
0.075296
0.073963
0.064952
0.067961
0.066894
0.062778
0.063212
0.061916
0.060489
0.060249
0.053888
0.059457
0.051275
0.051082
0.050390
0.052961
0.041297
0.048998
0.050099
0.042814
0.045192
0.041027
0.037989
0.037029
0.032460
0.033075
0.031218
0.030866
0.031416
0.030118
0.027141
0.028654
0.022071
0.022754
0.021825
0.019112
0.025703
0.019471
0.018604
0.014293
0.017012
0.015050
0.012555
0.008071
0.009874
0.007062
0.009238
0.006126
0.003222
-0.000653
-0.002009
0.001823
-0.000841
-0.003633
-0.008261
-0.003686
-0.009039
-0.015330
-0.006668
-0.011092
-0.013213
-0.009834
-0.016081
-0.017972
-0.018980
-0.018588
-0.020090
-0.018168
-0.023548
-0.025313
-0.023571
-0.027359
-0.028330
-0.028160
-0.028441
-0.033713
-0.034268
-0.035379
-0.031826
-0.037230
-0.038715
-0.039432
-0.038853
-0.041666
-0.036241
-0.040274
-0.051328
-0.043526
-0.043807
-0.051635
-0.047885
-0.051425
-0.049212
-0.046089
-0.050991
-0.053623
-0.051362
-0.050804
-0.055871
-0.057624
-0.060262
-0.055309
-0.057635
-0.063103
-0.066341
-0.063456
-0.066635
-0.068091
-0.067987
-0.071185
-0.067667
-0.066799
-0.071999
-0.074250
-0.071131
-0.073537
-0.074149
-0.081138
-0.077147
-0.080670
-0.081504
-0.073598
-0.081297
-0.082248
-0.080870
-0.088922
-0.085682
-0.091659
-0.090360
-0.090535
-0.090332
-0.095870
-0.088485
-0.092826
-0.090660
-0.103127
-0.095157
-0.096791
-0.099231
-0.099899
-0.100606
-0.102756
-0.100822
-0.098237
-0.098023
-0.105582
-0.103011
-0.106253
-0.106952
-0.110168
-0.108938
-0.107034
-0.111104
-0.111352
-0.113592
-0.113037
-0.114103
-0.117247
-0.119206
-0.114860
-0.108263
-0.114081
-0.116667
-0.120721
-0.120333
-0.120879
-0.127075
-0.123473
-0.123440
-0.119660
-0.125848
-0.124583
-0.124887
-0.126817
-0.123648
-0.126879
-0.125501
-0.129629
-0.131721
-0.130804
-0.131968
-0.129000
-0.130675
-0.134444
-0.130813
-0.135456
-0.135304
-0.133451
-0.137548
-0.140076
-0.139705
-0.142503
-0.134969
-0.137856
-0.141182
-0.135469
-0.139534
-0.145421
-0.139796
-0.143198
-0.145782
-0.144420
-0.145992
-0.147166
-0.148989
-0.145276
-0.148568
-0.152507
-0.148529
-0.152627
-0.150748
-0.144805
-0.151685
-0.152529
-0.151091
-0.155499
-0.154309
-0.152605
-0.151735
-0.153459
-0.157721
-0.155756
-0.158899
-0.156995
-0.157678
-0.159442
-0.163001
-0.160202
-0.159242
-0.156354
-0.162025
-0.164774
-0.158842
-0.166113
-0.163016
-0.163046
-0.161234
-0.166360
-0.164404
-0.164658
-0.167938
-0.161257
-0.166497
-0.168331
-0.168908
-0.165691
-0.169220
-0.164739
-0.165252
-0.169889
-0.166849
-0.168922
-0.166973
-0.168146
-0.167620
-0.169522
-0.171412
-0.171886
-0.178021
-0.171886
-0.169998
-0.175755
-0.168567
-0.173709
-0.175564
-0.171834
-0.173277
-0.174980
-0.176084
-0.173375
-0.176329
-0.175420
-0.176293
-0.172949
-0.175282
-0.178470
-0.176198
-0.181703
-0.180341
-0.190899
-0.183893
-0.182968
-0.177716
-0.181262
-0.181156
-0.181448
-0.182098
-0.184345
-0.178822
-0.178842
-0.180505
-0.177642
-0.178484
-0.183185
-0.182743
-0.180901
-0.179886
-0.182473
-0.181463
-0.181282
-0.181527
-0.186039
-0.181744
-0.182298
-0.180315
-0.182513
-0.183682
-0.182311
-0.182418
-0.184346
-0.180676
-0.184276
-0.184855
-0.186668
-0.185788
-0.184465
-0.181626
-0.187162
-0.185698
-0.187583
-0.181542
-0.187369
-0.180397
-0.183775
-0.185724
-0.185706
-0.190029
-0.186646
-0.188658
-0.184450
-0.186042
-0.190799
-0.189318
-0.185112
-0.183864
-0.185967
-0.187400
-0.186022
-0.185737
-0.186169
-0.185890
-0.188475
-0.184768
-0.191089
-0.185371
-0.184672
-0.188185
-0.189205
-0.188203
-0.183758
-0.187626
-0.185386
-0.190550
-0.189385
-0.188201
-0.182131
-0.181725
-0.186112
-0.188347
-0.189029
-0.184501
-0.186422
-0.189040
-0.189680
-0.189296
-0.186378
-0.186297
-0.186883
-0.186999
-0.187980
-0.185424
-0.186885
-0.185026
-0.186849
-0.185454
-0.189499
-0.187637
-0.185110
-0.186237
-0.189031
-0.187483
-0.185749
-0.186027
-0.183764
-0.185432
-0.183950
-0.187587
-0.184834
-0.184713
-0.184973
-0.181727
-0.185789
-0.183299
-0.184770
-0.185526
-0.182155
-0.182691
-0.185545
-0.181299
-0.184280
-0.185405
-0.180272
-0.182413
-0.183807
-0.179336
-0.182407
-0.182481
-0.181575
-0.180018
-0.182897
-0.180765
-0.179979
-0.183500
-0.181033
-0.179800
-0.180604
-0.176881
-0.182123
-0.179176
-0.181765
-0.180035
-0.179903
-0.178657
-0.179081
-0.176947
-0.180666
-0.176300
-0.178123
-0.180435
-0.175232
-0.173990
-0.175260
-0.178921
-0.179143
-0.178569
-0.177027
-0.175232
-0.178526
-0.176736
-0.170866
-0.174873
-0.173529
-0.174593
-0.167575
-0.173979
-0.173987
-0.172742
-0.169303
-0.176208
-0.174638
-0.171554
-0.170916
-0.173353
-0.171808
-0.169052
-0.170216
-0.170790
-0.170232
-0.171143
-0.170601
-0.165400
-0.170691
-0.167667
-0.171093
-0.166706
-0.169110
-0.171515
-0.165617
-0.170294
-0.168247
-0.164363
-0.165284
-0.163763
-0.166707
-0.164016
-0.165026
-0.165011
-0.164598
-0.162037
-0.166876
-0.163756
-0.162640
-0.162179
-0.163582
-0.162024
-0.163435
-0.162858
-0.160881
-0.160048
-0.159237
-0.162891
-0.164125
-0.160329
-0.158474
-0.157312
-0.158100
-0.160806
-0.160153
-0.156228
-0.156239
-0.158198
-0.160747
-0.155438
-0.155964
-0.156678
-0.157579
-0.155985
-0.153599
-0.156006
-0.155222
-0.152644
-0.156943
-0.153783
-0.152616
-0.149523
-0.151385
-0.153201
-0.150848
-0.152188
-0.149744
-0.150684
-0.150817
-0.150955
-0.148562
-0.147259
-0.147955
-0.148554
-0.145869
-0.148285
-0.142909
-0.143396
-0.149516
-0.145219
-0.144584
-0.145449
-0.141757
-0.143808
-0.143681
-0.141916
-0.145293
-0.143037
-0.143464
-0.144627
-0.139671
-0.141001
-0.143059
-0.140555
-0.140612
-0.139330
-0.138684
-0.137690
-0.139869
-0.138752
-0.135849
-0.134100
-0.132656
-0.135058
-0.136286
-0.134253
-0.134979
-0.133198
-0.132808
-0.132591
-0.133870
-0.134912
-0.133830
-0.132080
-0.131147
-0.131202
-0.132481
-0.131710
-0.131628
-0.131864
-0.127906
-0.126784
-0.129401
-0.129521
-0.127775
-0.126768
-0.128053
-0.125698
-0.126339
-0.127303
-0.127489
-0.123979
-0.122824
-0.122409
-0.125096
-0.124552
-0.122810
-0.120728
-0.124566
-0.123110
-0.118469
-0.119045
-0.118006
-0.120156
-0.123334
-0.121759
-0.121272
-0.121639
-0.118088
-0.117400
-0.118339
-0.117525
-0.116420
-0.115457
-0.114189
-0.115145
-0.117760
-0.116651
-0.112083
-0.117119
-0.112481
-0.110900
-0.114369
-0.112236
-0.110822
-0.111638
-0.112442
-0.113281
-0.107986
-0.111391
-0.109990
-0.106375
-0.108221
-0.106317
-0.105739
-0.108715
-0.105584
-0.104164
-0.103520
-0.105577
-0.105903
-0.103439
-0.105415
-0.105868
-0.103873
-0.103993
-0.102767
-0.103609
-0.102366
-0.098526
-0.098801
-0.102464
-0.101958
-0.099526
-0.099666
-0.098595
-0.097342
-0.099917
-0.098497
-0.098650
-0.096516
-0.094372
-0.095392
-0.094387
-0.097694
-0.092643
-0.095617
-0.094471
-0.093821
-0.094527
-0.092641
-0.090037
-0.095210
-0.091323
-0.090808
-0.086979
-0.091444
-0.090261
-0.091626
-0.089073
-0.086411
-0.088677
-0.089955
-0.087957
-0.086630
-0.088552
-0.086724
-0.088884
-0.088117
-0.085661
-0.084504
-0.084824
-0.084018
-0.084297
-0.085228
-0.084230
-0.081680
-0.083747
-0.083651
-0.082537
-0.083428
-0.082880
-0.080833
-0.081294
-0.080014
-0.079207
-0.078053
-0.078351
-0.076851
-0.075093
-0.078516
-0.077303
-0.077214
-0.078632
-0.076988
-0.075142
-0.074882
-0.075880
-0.074246
-0.073674
-0.072675
-0.073446
-0.072978
-0.072626
-0.073731
-0.071969
-0.072115
-0.071588
-0.073312
-0.070717
-0.071212
-0.072342
-0.067657
-0.069075
-0.070112
-0.069341
-0.067758
-0.068135
-0.067303
-0.066245
-0.067638
-0.064411
-0.069268
-0.066592
-0.066243
-0.064478
-0.065242
-0.063952
-0.064070
-0.065975
-0.062659
-0.061371
-0.061201
-0.061327
-0.059917
-0.060403
-0.064393
-0.060170
-0.059508
-0.059004
-0.061588
-0.059460
-0.059315
-0.060927
-0.057661
-0.058966
-0.058874
-0.057169
-0.056355
-0.055742
-0.055216
-0.054832
-0.051725
-0.057440
-0.056463
-0.052309
-0.054806
-0.054726
-0.054046
-0.053431
-0.055558
-0.053384
-0.055377
-0.054877
-0.052718
-0.052692
-0.051188
-0.052271
-0.051302
-0.052362
-0.049562
-0.049217
-0.049888
-0.049868
-0.049687
-0.049527
-0.049322
-0.048184
-0.048259
-0.047925
-0.047151
-0.048218
-0.048175
-0.045175
-0.048152
-0.047359
-0.046245
-0.043305
-0.044139
-0.045816
-0.043428
-0.045334
-0.045119
-0.044108
-0.045056
-0.043058
-0.043142
-0.043764
-0.041691
-0.043338
-0.040122
-0.043070
-0.042842
-0.042791
-0.039460
-0.039527
-0.041262
-0.040661
-0.040372
-0.041422
-0.041818
-0.038793
-0.039441
-0.036112
-0.036994
-0.038655
-0.037409
-0.039057
-0.036719
-0.037599
-0.038097
-0.037790
-0.037545
-0.036435
-0.034615
-0.034518
-0.034089
-0.033370
-0.035438
-0.031575
-0.033512
-0.032009
-0.032331
-0.032268
-0.032080
-0.032670
-0.034390
-0.031697
-0.030819
-0.031589
-0.032329
-0.031422
-0.031360
-0.031891
-0.032420
-0.029944
-0.031281
-0.031794
-0.030505
-0.029154
-0.029456
-0.029873
-0.030584
-0.029512
-0.029715
-0.028632
-0.029100
-0.029452
-0.029201
-0.027699
-0.028697
-0.027601
-0.026915
-0.026367
-0.027059
-0.026875
-0.026416
-0.027249
-0.024637
-0.023981
-0.025257
-0.025784
-0.023793
-0.025473
-0.024482
-0.024248
-0.024168
-0.024108
-0.022888
-0.023889
-0.024483
-0.025152
-0.021545
-0.024870
-0.022846
-0.022436
-0.022417
-0.023729
-0.022557
-0.022594
-0.022803
-0.020138
-0.021800
-0.020403
-0.019439
-0.021307
-0.021429
-0.021064
-0.019897
-0.017845
-0.020640
-0.019111
-0.020108
-0.019274
-0.018880
-0.018729
-0.018054
-0.018875
-0.017191
-0.017022
-0.017966
-0.016664
-0.016799
-0.019161
-0.018051
-0.017657
-0.015666
-0.015840
-0.017205
-0.016132
-0.014709
-0.013960
-0.017403
-0.016967
-0.015115
-0.012980
-0.015943
-0.014677
-0.015286
-0.015047
-0.015239
-0.014732
-0.015361
-0.012283
-0.014278
-0.013632
-0.015127
-0.013859
-0.012773
-0.013930
-0.013576
-0.012785
-0.012287
-0.014048
-0.013531
-0.014192
-0.011873
-0.012671
-0.013655
-0.011031
-0.010898
-0.011311
-0.012626
-0.011837
-0.011584
-0.012639
-0.011765
-0.010728
-0.012221
-0.011995
-0.011172
-0.012125
-0.010520
-0.011347
-0.011553
-0.010876
-0.010694
-0.010639
-0.011678
-0.010110
-0.010128
-0.011436
-0.010970
-0.010441
-0.010362
-0.010541
-0.008667
-0.007652
-0.010337
-0.008838
-0.009294
-0.009855
-0.008721
-0.009979
-0.009065
-0.007854
-0.009184
-0.010179
-0.008758
-0.008693
-0.007742
-0.007649
-0.008923
-0.008482
-0.008864
-0.007989
-0.008505
-0.006921
-0.007535
-0.007770
-0.008352
-0.008463
-0.005922
-0.006861
-0.006550
-0.007257
-0.007158
-0.006038
-0.006086
-0.004875
-0.004833
-0.004822
-0.006614
-0.004851
-0.005534
-0.005685
-0.005495
-0.004016
-0.005033
-0.003516
-0.004616
-0.003621
-0.004119
-0.004281
-0.004075
-0.004495
-0.004671
-0.005128
-0.003860
-0.005645
-0.004158
-0.004022
-0.004190
-0.004413
-0.005302
-0.004142
-0.004228
-0.003604
-0.004317
-0.003369
-0.004046
-0.004335
-0.002395
-0.003185
-0.003553
-0.005177
-0.004083
-0.002843
-0.003126
-0.004357
-0.004282
-0.004165
-0.003178
-0.003435
-0.002910
-0.002848
-0.002346
-0.002796
-0.001832
-0.003146
-0.002886
-0.004003
-0.003725
-0.002951
-0.003082
-0.002047
-0.003652
-0.002681
-0.002522
-0.002829
-0.001301
-0.002377
-0.002228
-0.001876
-0.003345
-0.002247
-0.002662
-0.003573
-0.002353
-0.003325
-0.002498
-0.003350
-0.001031
-0.002978
-0.000334
-0.001493
-0.003236
-0.003284
-0.002056
-0.001953
-0.002115
-0.001436
-0.002730
-0.000462
-0.000839
-0.000878
-0.001905
-0.000893
-0.000395
-0.000743
0.000435
-0.000593
-0.002048
-0.000691
-0.002234
-0.000520
-0.002335
-0.000347
-0.000233
-0.001676
-0.001465
-0.000216
-0.000236
-0.000950
-0.000670
-0.000263
-0.000137
-0.002757
-0.000021
-0.000036
-0.002402
-0.000857
-0.002669
-0.000947
-0.000464
0.000281
-0.001243
-0.000759
0.000514
-0.000068
-0.000011
-0.001446
-0.000074
-0.000244
0.000978
-0.001355
0.000514
0.000319
-0.000021
-0.000035
0.000647
-0.000199
-0.001514
-0.000920
-0.001408
-0.000035
0.000060
-0.001167
-0.000690
0.000016
0.000576
-0.000687
0.000320
0.000198
-0.000127
-0.000419
-0.000287
-0.001577
-0.001236
-0.000150
-0.000078
-0.000557
0.001118
0.000759
-0.000070
-0.001368


