M_loss: 5, M_sym: 4300.0, M_power: 9000, M_bandwidth: 22.3872113856834
-0.001466
-0.001363
-0.001167
0.004332
0.004872
-0.001512
0.002710
0.006096
0.002235
0.004925
0.005706
0.002772
0.003943
0.002714
0.003352
0.005829
0.007458
0.005550
0.003231
0.008562
0.006363
0.004603
0.007932
0.008694
0.008251
0.006080
0.008498
0.004333
0.006105
0.002401
0.006577
0.007578
0.009812
0.008037
0.008229
0.006748
0.009628
0.009276
0.011014
0.009037
0.008122
0.010216
0.009367
0.010647
0.009994
0.012177
0.009228
0.012362
0.007804
0.010559
0.009895
0.011849
0.008731
0.010775
0.011826
0.015130
0.013536
0.014774
0.013769
0.011459
0.013787
0.012374
0.011720
0.012134
0.013770
0.014981
0.015103
0.015190
0.015114
0.017650
0.014257
0.015810
0.014644
0.014880
0.016056
0.016253
0.018370
0.015020
0.015561
0.018973
0.016169
0.015986
0.018539
0.017900
0.015540
0.019359
0.019050
0.019026
0.018201
0.022801
0.020638
0.021304
0.021333
0.018989
0.022487
0.022973
0.022268
0.024260
0.022220
0.023479
0.024886
0.022028
0.026343
0.026690
0.025149
0.025846
0.025053
0.027983
0.025460
0.030185
0.028025
0.029251
0.030687
0.030423
0.029307
0.029962
0.029849
0.030751
0.033211
0.033272
0.030804
0.031991
0.034103
0.031994
0.035326
0.034519
0.033969
0.037771
0.036309
0.036400
0.037256
0.035861
0.035754
0.038159
0.037850
0.039532
0.038313
0.037969
0.039024
0.039023
0.039757
0.038404
0.040377
0.041701
0.041780
0.040139
0.041632
0.041952
0.041803
0.041600
0.042080
0.047021
0.043735
0.044788
0.045620
0.046843
0.042990
0.045907
0.047509
0.047749
0.046108
0.051084
0.049923
0.049822
0.050340
0.050423
0.051138
0.051622
0.052109
0.054237
0.052697
0.052928
0.054565
0.055397
0.054362
0.056579
0.056553
0.057382
0.057418
0.059385
0.058528
0.058445
0.059912
0.061371
0.060861
0.062610
0.061566
0.062013
0.062223
0.065454
0.064037
0.066227
0.065244
0.069931
0.067813
0.068406
0.066703
0.071464
0.069958
0.072045
0.070386
0.072741
0.075070
0.073153
0.072969
0.078151
0.078447
0.075343
0.077624
0.078740
0.079580
0.079268
0.082759
0.078441
0.080202
0.082166
0.082040
0.082701
0.082157
0.086778
0.086465
0.086451
0.086214
0.090185
0.088147
0.085805
0.090223
0.091386
0.087380
0.089272
0.092014
0.096539
0.094258
0.096654
0.095086
0.095693
0.097646
0.098658
0.098591
0.100863
0.099631
0.100446
0.101112
0.103306
0.105878
0.103808
0.104777
0.104283
0.106959
0.106503
0.110447
0.109056
0.108865
0.109468
0.113068
0.112187
0.111862
0.116760
0.113478
0.118037
0.116263
0.115805
0.116545
0.117553
0.118483
0.120813
0.123197
0.122309
0.122371
0.122863
0.124669
0.125044
0.125906
0.123975
0.128491
0.127045
0.127595
0.130466
0.131546
0.131577
0.131458
0.135356
0.132217
0.134505
0.135450
0.138840
0.137125
0.139024
0.138160
0.140618
0.140231
0.141343
0.143497
0.142218
0.143979
0.144758
0.146448
0.145521
0.149325
0.150625
0.150713
0.148759
0.151496
0.150792
0.152458
0.155728
0.157012
0.154307
0.156394
0.159136
0.159666
0.159015
0.160010
0.160876
0.163322
0.163371
0.164430
0.166108
0.165772
0.167675
0.167142
0.168141
0.170575
0.167714
0.173211
0.171238
0.171931
0.173320
0.174998
0.177046
0.176144
0.180845
0.180457
0.181319
0.180516
0.182907
0.184104
0.183804
0.184970
0.187282
0.186669
0.189797
0.187458
0.188631
0.191431
0.189966
0.191585
0.196452
0.195746
0.195613
0.194762
0.198453
0.198665
0.200558
0.200298
0.203427
0.204145
0.203860
0.204801
0.203700
0.208366
0.206899
0.211151
0.208195
0.211312
0.214271
0.214291
0.213896
0.215180
0.216333
0.214880
0.219847
0.217467
0.219409
0.218764
0.220022
0.220272
0.223461
0.224252
0.227057
0.225945
0.227227
0.228948
0.228632
0.228886
0.231022
0.234267
0.234157
0.233608
0.235380
0.238287
0.234470
0.236668
0.242476
0.239845
0.241281
0.241403
0.244878
0.243508
0.246535
0.245031
0.247046
0.248407
0.246987
0.250667
0.249406
0.251370
0.252001
0.253054
0.253862
0.254708
0.254386
0.259660
0.257013
0.262061
0.259926
0.259666
0.264938
0.263247
0.265012
0.264959
0.266164
0.266512
0.267664
0.268944
0.271140
0.275442
0.272962
0.273890
0.273379
0.274413
0.275205
0.278407
0.276507
0.280744
0.278887
0.282596
0.284759
0.280044
0.282862
0.280147
0.285779
0.286703
0.287339
0.288533
0.291535
0.289959
0.292846
0.289467
0.291216
0.293317
0.290717
0.294874
0.296846
0.295904
0.297381
0.294975
0.296435
0.297749
0.302348
0.303012
0.304714
0.303556
0.302403
0.305338
0.306425
0.309547
0.308726
0.309579
0.306547
0.309809
0.310824
0.312886
0.314204
0.316046
0.314991
0.319066
0.315137
0.317169
0.321919
0.318300
0.316377
0.316284
0.321724
0.322868
0.324457
0.323872
0.325482
0.323025
0.325682
0.326054
0.325178
0.328803
0.328978
0.328173
0.332057
0.332217
0.333976
0.333505
0.330680
0.334952
0.334729
0.334171
0.335487
0.334472
0.337631
0.336827
0.339219
0.343051
0.340276
0.339027
0.339818
0.342662
0.340770
0.343300
0.339689
0.345990
0.344355
0.344133
0.349703
0.346357
0.343840
0.347876
0.347872
0.346650
0.349362
0.349324
0.353855
0.350737
0.353225
0.355907
0.349579
0.355416
0.355385
0.356721
0.352817
0.356442
0.354215
0.356816
0.355110
0.358691
0.360212
0.357683
0.356266
0.360097
0.360501
0.360762
0.361770
0.363787
0.363215
0.358862
0.364525
0.364713
0.360470
0.361543
0.364706
0.365747
0.362509
0.365039
0.366545
0.364877
0.367964
0.367201
0.366665
0.368989
0.369278
0.365365
0.368934
0.369466
0.365842
0.366773
0.367303
0.373844
0.369102
0.369405
0.370186
0.370375
0.369237
0.372381
0.371429
0.372138
0.372317
0.372852
0.371056
0.374732
0.372499
0.371606
0.371404
0.375094
0.374757
0.375259
0.374036
0.372605
0.371123
0.374239
0.375588
0.372084
0.370600
0.377132
0.372582
0.373823
0.373470
0.375105
0.375144
0.371746
0.376761
0.373950
0.376122
0.374886
0.372359
0.374937
0.373450
0.374113
0.372770
0.374311
0.371343
0.370821
0.370053
0.374325
0.372096
0.373594
0.372537
0.373969
0.374185
0.372325
0.370416
0.369846
0.372386
0.373613
0.368989
0.369754
0.373639
0.367646
0.368882
0.371095
0.369895
0.367541
0.368886
0.366313
0.367482
0.368736
0.367179
0.368069
0.367100
0.366299
0.367124
0.368315
0.364969
0.366966
0.363958
0.363998
0.361977
0.366407
0.363473
0.363480
0.366008
0.359808
0.362337
0.360392
0.363278
0.359425
0.362164
0.359282
0.359531
0.359242
0.357471
0.356509
0.354799
0.348800
0.356388
0.354085
0.352866
0.352499
0.352058
0.350058
0.352039
0.352695
0.349499
0.349660
0.348071
0.348594
0.344524
0.347685
0.345821
0.344699
0.344097
0.341943
0.341905
0.342073
0.341565
0.343248
0.340059
0.336913
0.341266
0.337320
0.334285
0.337844
0.334328
0.332500
0.329068
0.332650
0.330087
0.328109
0.327947
0.329589
0.325740
0.327414
0.326932
0.322957
0.326720
0.320773
0.322773
0.319281
0.319267
0.322014
0.319700
0.314759
0.322624
0.312701
0.315547
0.314563
0.313085
0.312052
0.312181
0.310785
0.303761
0.305148
0.313200
0.300949
0.300083
0.300317
0.300294
0.292338
0.293908
0.299576
0.292308
0.292369
0.290518
0.293547
0.291483
0.288130
0.284958
0.285704
0.282254
0.281205
0.278940
0.279999
0.282307
0.275393
0.278215
0.275985
0.277771
0.274809
0.265783
0.267948
0.269363
0.264704
0.266275
0.263624
0.261051
0.262979
0.259721
0.262168
0.257671
0.252938
0.253889
0.249828
0.249440
0.249761
0.248997
0.244548
0.246502
0.242306
0.239784
0.238816
0.242081
0.236990
0.233620
0.230502
0.230026
0.226505
0.226756
0.221875
0.224419
0.219585
0.219982
0.217448
0.215305
0.216302
0.215251
0.207544
0.208875
0.207122
0.208235
0.204971
0.205844
0.201024
0.199283
0.200578
0.195525
0.196364
0.193679
0.193713
0.185927
0.186705
0.186247
0.183665
0.184031
0.179680
0.180205
0.177302
0.173358
0.171129
0.170871
0.169218
0.165124
0.163221
0.163715
0.159553
0.160259
0.155174
0.152976
0.153101
0.153844
0.142069
0.145900
0.143081
0.144458
0.138188
0.136876
0.139408
0.131488
0.131842
0.130651
0.127957
0.126804
0.124041
0.124618
0.117761
0.118167
0.117311
0.113906
0.109097
0.111680
0.105016
0.107065
0.105956
0.105183
0.098387
0.099092
0.094368
0.091089
0.091568
0.088180
0.090471
0.084111
0.078271
0.085234
0.080348
0.075213
0.074422
0.067268
0.066518
0.067669
0.065999
0.060426
0.062857
0.057106
0.054882
0.054122
0.053912
0.047118
0.041455
0.046054
0.040508
0.037388
0.039196
0.033464
0.035876
0.033535
0.030252
0.026604
0.025289
0.017743
0.019367
0.014312
0.017128
0.011386
0.009530
0.011974
0.004061
0.002200
0.000590
-0.002771
-0.003573
-0.005461
-0.010217
-0.011925
-0.012343
-0.019463
-0.017427
-0.020165
-0.021023
-0.022460
-0.029746
-0.028325
-0.030382
-0.035729
-0.037146
-0.037939
-0.042278
-0.046933
-0.044329
-0.044711
-0.049805
-0.054484
-0.056955
-0.051202
-0.059144
-0.059890
-0.064146
-0.073051
-0.072538
-0.072290
-0.073984
-0.072600
-0.079181
-0.079418
-0.084783
-0.087965
-0.088365
-0.089111
-0.100169
-0.097799
-0.098381
-0.097219
-0.101680
-0.102622
-0.106777
-0.104323
-0.112885
-0.116732
-0.114617
-0.118847
-0.121693
-0.125131
-0.127082
-0.126364
-0.130191
-0.135576
-0.131645
-0.135464
-0.138777
-0.137735
-0.149779
-0.138683
-0.148566
-0.146009
-0.151704
-0.153120
-0.157274
-0.156900
-0.163373
-0.164015
-0.169052
-0.167839
-0.171083
-0.175462
-0.180616
-0.177921
-0.180976
-0.186217
-0.182868
-0.186542
-0.187316
-0.192713
-0.194038
-0.198822
-0.200745
-0.199191
-0.204545
-0.207242
-0.205568
-0.209455
-0.215248
-0.219343
-0.214999
-0.218324
-0.220557
-0.221768
-0.222595
-0.224569
-0.231494
-0.235105
-0.233513
-0.232976
-0.236252
-0.241085
-0.245571
-0.242311
-0.243433
-0.245769
-0.252792
-0.253565
-0.252756
-0.250770
-0.255570
-0.259929
-0.260270
-0.264563
-0.268709
-0.266237
-0.269145
-0.272664
-0.275644
-0.273933
-0.279594
-0.282352
-0.286790
-0.288718
-0.291122
-0.289382
-0.289991
-0.295941
-0.296278
-0.300455
-0.300534
-0.302582
-0.307616
-0.299371
-0.304863
-0.309332
-0.311725
-0.309265
-0.315140
-0.318724
-0.316533
-0.323523
-0.321862
-0.321305
-0.324986
-0.327457
-0.328487
-0.336064
-0.335780
-0.333849
-0.336385
-0.337735
-0.335751
-0.338347
-0.346279
-0.347512
-0.344790
-0.348051
-0.353440
-0.351239
-0.356966
-0.358058
-0.360304
-0.352647
-0.364466
-0.355478
-0.360568
-0.360742
-0.365610
-0.370040
-0.368516
-0.368133
-0.373835
-0.372904
-0.372779
-0.376967
-0.381368
-0.385864
-0.374238
-0.378028
-0.385649
-0.385179
-0.383689
-0.390657
-0.390262
-0.386716
-0.390439
-0.391131
-0.389224
-0.398750
-0.398056
-0.398077
-0.402075
-0.405876
-0.402072
-0.402249
-0.404006
-0.402022
-0.410460
-0.410627
-0.413194
-0.409037
-0.411003
-0.407518
-0.409921
-0.418305
-0.417954
-0.413271
-0.418391
-0.420508
-0.423250
-0.425634
-0.425020
-0.423947
-0.426484
-0.423624
-0.424427
-0.419134
-0.427821
-0.429100
-0.421703
-0.432222
-0.432137
-0.427531
-0.433839
-0.438767
-0.434972
-0.441080
-0.441428
-0.431910
-0.431551
-0.430523
-0.435382
-0.443870
-0.443596
-0.438933
-0.439919
-0.442722
-0.442517
-0.446958
-0.444249
-0.447109
-0.440541
-0.447867
-0.450640
-0.439239
-0.444241
-0.451706
-0.448714
-0.450924
-0.445420
-0.445063
-0.453457
-0.450622
-0.447386
-0.445566
-0.455713
-0.450875
-0.452584
-0.450522
-0.449446
-0.456202
-0.456566
-0.455623
-0.451832
-0.455696
-0.447389
-0.454294
-0.456605
-0.457073
-0.451052
-0.451467
-0.455536
-0.453669
-0.449343
-0.451186
-0.449240
-0.457960
-0.451889
-0.456956
-0.452405
-0.456820
-0.449660
-0.454380
-0.453240
-0.455362
-0.453185
-0.456971
-0.454056
-0.449890
-0.449586
-0.454082
-0.451201
-0.446961
-0.445380
-0.453247
-0.454816
-0.450212
-0.450751
-0.457785
-0.454910
-0.446057
-0.449968
-0.449001
-0.450962
-0.447210
-0.444940
-0.436793
-0.443653
-0.440268
-0.438457
-0.438958
-0.437541
-0.438766
-0.440856
-0.444225
-0.435132
-0.438642
-0.438556
-0.432878
-0.434396
-0.438216
-0.428602
-0.431092
-0.435161
-0.433327
-0.432864
-0.429732
-0.432906
-0.428662
-0.429792
-0.424198
-0.425673
-0.424261
-0.419021
-0.424502
-0.420609
-0.414420
-0.419336
-0.409721
-0.415685
-0.412053
-0.413200
-0.409886
-0.417967
-0.410064
-0.410691
-0.410262
-0.406456
-0.403866
-0.406606
-0.395861
-0.401925
-0.397218
-0.398333
-0.401093
-0.396667
-0.397450
-0.394728
-0.391602
-0.385375
-0.389147
-0.385507
-0.383369
-0.382614
-0.381071
-0.381559
-0.372495
-0.371640
-0.373928
-0.374876
-0.373669
-0.365624
-0.371257
-0.369618
-0.366826
-0.365255
-0.363412
-0.358498
-0.356894
-0.358131
-0.349623
-0.358834
-0.355938
-0.350416
-0.347032
-0.336150
-0.346410
-0.334020
-0.341274
-0.333627
-0.334015
-0.326265
-0.330229
-0.328634
-0.326356
-0.325123
-0.321934
-0.329312
-0.322848
-0.318794
-0.309987
-0.313635
-0.307659
-0.303810
-0.302670
-0.300115
-0.296200
-0.299815
-0.292978
-0.293372
-0.300798
-0.284650
-0.280228
-0.287902
-0.277307
-0.284596
-0.280928
-0.280315
-0.275328
-0.273230
-0.266376
-0.264505
-0.259419
-0.258548
-0.260090
-0.259620
-0.251370
-0.249006
-0.249857
-0.240828
-0.246185
-0.236088
-0.234575
-0.237775
-0.225599
-0.229598
-0.222993
-0.223762
-0.223910
-0.217413
-0.218830
-0.204046
-0.202242
-0.207289
-0.202389
-0.205269
-0.196774
-0.201156
-0.200489
-0.192248
-0.188937
-0.178702
-0.175258
-0.177003
-0.170167
-0.171576
-0.162663
-0.159364
-0.163513
-0.155791
-0.160230
-0.156835
-0.143130
-0.150387
-0.142927
-0.144493
-0.134132
-0.135151
-0.130973
-0.130560
-0.127274
-0.128233
-0.116795
-0.118139
-0.114453
-0.110797
-0.108747
-0.103192
-0.092946
-0.093049
-0.097018
-0.094164
-0.086742
-0.088005
-0.073468
-0.072957
-0.070339
-0.070600
-0.064597
-0.061928
-0.058215
-0.056086
-0.059356
-0.046213
-0.048283
-0.043298
-0.039852
-0.033087
-0.030830
-0.030669
-0.027810
-0.017880
-0.019509
-0.014252
-0.013000
-0.009241
-0.007050
-0.000166
-0.005547
0.006846
0.007613
0.010425
0.012491
0.016683
0.022675
0.026132
0.024979
0.031368
0.041936
0.038006
0.048058
0.047945
0.045801
0.058893
0.067120
0.064857
0.063591
0.062095
0.076222
0.079413
0.076211
0.082924
0.097962
0.098078
0.097587
0.099374
0.100315
0.104939
0.113379
0.119486
0.118486
0.119249
0.122088
0.133054
0.127046
0.135303
0.143508
0.139987
0.143180
0.142305
0.155911
0.161873
0.159701
0.163609
0.172173
0.173688
0.170010
0.182626
0.181115
0.188235
0.195495
0.195837
0.208065
0.206785
0.206152
0.204904
0.218623
0.218015
0.216176
0.224871
0.226747
0.235379
0.236321
0.239621
0.240982
0.244694
0.254383
0.256995
0.254678
0.264207
0.267325
0.276060
0.268410
0.280640
0.279219
0.287360
0.291975
0.292657
0.296013
0.306553
0.304236
0.312738
0.313663
0.315395
0.321816
0.323263
0.328262
0.338654
0.334681
0.339940
0.347777
0.341177
0.353400
0.356855
0.357244
0.358926
0.360903
0.363422
0.381363
0.376063
0.381719
0.380894
0.390984
0.393061
0.392890
0.403073
0.403209
0.404799
0.407666
0.414855
0.414762
0.424904
0.429728
0.430077
0.425574
0.429076
0.440537
0.442126
0.441166
0.449668
0.450415
0.458930
0.460656
0.462084
0.459525
0.478589
0.476081
0.478027
0.488886
0.486752
0.480057
0.493400
0.493723
0.502089
0.503851
0.508268
0.511232
0.514081
0.521520
0.522026
0.520832
0.530874
0.527889
0.530600
0.534428
0.537405
0.544199
0.550382
0.552776
0.554642
0.561982
0.562325
0.569818
0.564511
0.575828
0.575521
0.573804
0.581969
0.586863
0.590910
0.593517
0.601637
0.606993
0.597220
0.604101
0.611453
0.612313
0.615721
0.619083
0.622937
0.619578
0.625232
0.633215
0.631056
0.637312
0.634039
0.641717
0.639931
0.655955
0.648620
0.654372
0.648337
0.651779
0.652885
0.666776
0.670288
0.674122
0.677832
0.677034
0.681873
0.683297
0.687248
0.682850
0.703880
0.700340
0.706225
0.701413
0.708680
0.705662
0.707918
0.708371
0.709370
0.722675
0.720680
0.715935
0.730503
0.728869
0.719684
0.739333
0.744585
0.735109
0.742389
0.743464
0.753058
0.754930
0.757829
0.754481
0.761544
0.759438
0.763340
0.767654
0.761438
0.763086
0.778013
0.769287
0.773893
0.771487
0.786286
0.785846
0.792378
0.788938
0.785421
0.801116
0.801900
0.796649
0.804139
0.796036
0.802110
0.800692
0.813978
0.813852
0.815004
0.802658
0.815149
0.813342
0.830282
0.816669
0.821112
0.823454
0.819690
0.837238
0.822635
0.839474
0.832093
0.842805
0.851621
0.833834
0.841821
0.851046
0.847488
0.850978
0.852210
0.859990
0.852587
0.849404
0.856443
0.853912
0.861667
0.863828
0.871736
0.860496
0.865918
0.863760
0.874816
0.873294
0.868755
0.883413
0.872857
0.881953
0.881996
0.873862
0.875357
0.886533
0.881145
0.877317
0.887896
0.894422
0.900792
0.882318
0.886818
0.890585
0.889497
0.894250
0.902233
0.903062
0.893224
0.894255
0.897319
0.899643
0.906826
0.900805
0.902790
0.900914
0.909403
0.903965
0.903223
0.904342
0.903598
0.911214
0.906185
0.916003
0.905517
0.902895
0.918898
0.910069
0.911301
0.918843
0.908094
0.934523
0.921967
0.909463
0.910699
0.914411
0.924507
0.917164
0.919232
0.909832
0.923555
0.921637
0.926677
0.934156
0.921251
0.923467
0.910207
0.916994
0.908718
0.928178
0.923087
0.918104
0.924667
0.923375
0.919428
0.927266
0.915224
0.927266
0.919428
0.923375
0.924667
0.918104
0.923087
0.928178
0.908718
0.916994
0.910207
0.923467
0.921251
0.934156
0.926677
0.921637
0.923555
0.909832
0.919232
0.917164
0.924507
0.914411
0.910699
0.909463
0.921967
0.934523
0.908094
0.918843
0.911301
0.910069
0.918898
0.902895
0.905517
0.916003
0.906185
0.911214
0.903598
0.904342
0.903223
0.903965
0.909403
0.900914
0.902790
0.900805
0.906826
0.899643
0.897319
0.894255
0.893224
0.903062
0.902233
0.894250
0.889497
0.890585
0.886818
0.882318
0.900792
0.894422
0.887896
0.877317
0.881145
0.886533
0.875357
0.873862
0.881996
0.881953
0.872857
0.883413
0.868755
0.873294
0.874816
0.863760
0.865918
0.860496
0.871736
0.863828
0.861667
0.853912
0.856443
0.849404
0.852587
0.859990
0.852210
0.850978
0.847488
0.851046
0.841821
0.833834
0.851621
0.842805
0.832093
0.839474
0.822635
0.837238
0.819690
0.823454
0.821112
0.816669
0.830282
0.813342
0.815149
0.802658
0.815004
0.813852
0.813978
0.800692
0.802110
0.796036
0.804139
0.796649
0.801900
0.801116
0.785421
0.788938
0.792378
0.785846
0.786286
0.771487
0.773893
0.769287
0.778013
0.763086
0.761438
0.767654
0.763340
0.759438
0.761544
0.754481
0.757829
0.754930
0.753058
0.743464
0.742389
0.735109
0.744585
0.739333
0.719684
0.728869
0.730503
0.715935
0.720680
0.722675
0.709370
0.708371
0.707918
0.705662
0.708680
0.701413
0.706225
0.700340
0.703880
0.682850
0.687248
0.683297
0.681873
0.677034
0.677832
0.674122
0.670288
0.666776
0.652885
0.651779
0.648337
0.654372
0.648620
0.655955
0.639931
0.641717
0.634039
0.637312
0.631056
0.633215
0.625232
0.619578
0.622937
0.619083
0.615721
0.612313
0.611453
0.604101
0.597220
0.606993
0.601637
0.593517
0.590910
0.586863
0.581969
0.573804
0.575521
0.575828
0.564511
0.569818
0.562325
0.561982
0.554642
0.552776
0.550382
0.544199
0.537405
0.534428
0.530600
0.527889
0.530874
0.520832
0.522026
0.521520
0.514081
0.511232
0.508268
0.503851
0.502089
0.493723
0.493400
0.480057
0.486752
0.488886
0.478027
0.476081
0.478589
0.459525
0.462084
0.460656
0.458930
0.450415
0.449668
0.441166
0.442126
0.440537
0.429076
0.425574
0.430077
0.429728
0.424904
0.414762
0.414855
0.407666
0.404799
0.403209
0.403073
0.392890
0.393061
0.390984
0.380894
0.381719
0.376063
0.381363
0.363422
0.360903
0.358926
0.357244
0.356855
0.353400
0.341177
0.347777
0.339940
0.334681
0.338654
0.328262
0.323263
0.321816
0.315395
0.313663
0.312738
0.304236
0.306553
0.296013
0.292657
0.291975
0.287360
0.279219
0.280640
0.268410
0.276060
0.267325
0.264207
0.254678
0.256995
0.254383
0.244694
0.240982
0.239621
0.236321
0.235379
0.226747
0.224871
0.216176
0.218015
0.218623
0.204904
0.206152
0.206785
0.208065
0.195837
0.195495
0.188235
0.181115
0.182626
0.170010
0.173688
0.172173
0.163609
0.159701
0.161873
0.155911
0.142305
0.143180
0.139987
0.143508
0.135303
0.127046
0.133054
0.122088
0.119249
0.118486
0.119486
0.113379
0.104939
0.100315
0.099374
0.097587
0.098078
0.097962
0.082924
0.076211
0.079413
0.076222
0.062095
0.063591
0.064857
0.067120
0.058893
0.045801
0.047945
0.048058
0.038006
0.041936
0.031368
0.024979
0.026132
0.022675
0.016683
0.012491
0.010425
0.007613
0.006846
-0.005547
-0.000166
-0.007050
-0.009241
-0.013000
-0.014252
-0.019509
-0.017880
-0.027810
-0.030669
-0.030830
-0.033087
-0.039852
-0.043298
-0.048283
-0.046213
-0.059356
-0.056086
-0.058215
-0.061928
-0.064597
-0.070600
-0.070339
-0.072957
-0.073468
-0.088005
-0.086742
-0.094164
-0.097018
-0.093049
-0.092946
-0.103192
-0.108747
-0.110797
-0.114453
-0.118139
-0.116795
-0.128233
-0.127274
-0.130560
-0.130973
-0.135151
-0.134132
-0.144493
-0.142927
-0.150387
-0.143130
-0.156835
-0.160230
-0.155791
-0.163513
-0.159364
-0.162663
-0.171576
-0.170167
-0.177003
-0.175258
-0.178702
-0.188937
-0.192248
-0.200489
-0.201156
-0.196774
-0.205269
-0.202389
-0.207289
-0.202242
-0.204046
-0.218830
-0.217413
-0.223910
-0.223762
-0.222993
-0.229598
-0.225599
-0.237775
-0.234575
-0.236088
-0.246185
-0.240828
-0.249857
-0.249006
-0.251370
-0.259620
-0.260090
-0.258548
-0.259419
-0.264505
-0.266376
-0.273230
-0.275328
-0.280315
-0.280928
-0.284596
-0.277307
-0.287902
-0.280228
-0.284650
-0.300798
-0.293372
-0.292978
-0.299815
-0.296200
-0.300115
-0.302670
-0.303810
-0.307659
-0.313635
-0.309987
-0.318794
-0.322848
-0.329312
-0.321934
-0.325123
-0.326356
-0.328634
-0.330229
-0.326265
-0.334015
-0.333627
-0.341274
-0.334020
-0.346410
-0.336150
-0.347032
-0.350416
-0.355938
-0.358834
-0.349623
-0.358131
-0.356894
-0.358498
-0.363412
-0.365255
-0.366826
-0.369618
-0.371257
-0.365624
-0.373669
-0.374876
-0.373928
-0.371640
-0.372495
-0.381559
-0.381071
-0.382614
-0.383369
-0.385507
-0.389147
-0.385375
-0.391602
-0.394728
-0.397450
-0.396667
-0.401093
-0.398333
-0.397218
-0.401925
-0.395861
-0.406606
-0.403866
-0.406456
-0.410262
-0.410691
-0.410064
-0.417967
-0.409886
-0.413200
-0.412053
-0.415685
-0.409721
-0.419336
-0.414420
-0.420609
-0.424502
-0.419021
-0.424261
-0.425673
-0.424198
-0.429792
-0.428662
-0.432906
-0.429732
-0.432864
-0.433327
-0.435161
-0.431092
-0.428602
-0.438216
-0.434396
-0.432878
-0.438556
-0.438642
-0.435132
-0.444225
-0.440856
-0.438766
-0.437541
-0.438958
-0.438457
-0.440268
-0.443653
-0.436793
-0.444940
-0.447210
-0.450962
-0.449001
-0.449968
-0.446057
-0.454910
-0.457785
-0.450751
-0.450212
-0.454816
-0.453247
-0.445380
-0.446961
-0.451201
-0.454082
-0.449586
-0.449890
-0.454056
-0.456971
-0.453185
-0.455362
-0.453240
-0.454380
-0.449660
-0.456820
-0.452405
-0.456956
-0.451889
-0.457960
-0.449240
-0.451186
-0.449343
-0.453669
-0.455536
-0.451467
-0.451052
-0.457073
-0.456605
-0.454294
-0.447389
-0.455696
-0.451832
-0.455623
-0.456566
-0.456202
-0.449446
-0.450522
-0.452584
-0.450875
-0.455713
-0.445566
-0.447386
-0.450622
-0.453457
-0.445063
-0.445420
-0.450924
-0.448714
-0.451706
-0.444241
-0.439239
-0.450640
-0.447867
-0.440541
-0.447109
-0.444249
-0.446958
-0.442517
-0.442722
-0.439919
-0.438933
-0.443596
-0.443870
-0.435382
-0.430523
-0.431551
-0.431910
-0.441428
-0.441080
-0.434972
-0.438767
-0.433839
-0.427531
-0.432137
-0.432222
-0.421703
-0.429100
-0.427821
-0.419134
-0.424427
-0.423624
-0.426484
-0.423947
-0.425020
-0.425634
-0.423250
-0.420508
-0.418391
-0.413271
-0.417954
-0.418305
-0.409921
-0.407518
-0.411003
-0.409037
-0.413194
-0.410627
-0.410460
-0.402022
-0.404006
-0.402249
-0.402072
-0.405876
-0.402075
-0.398077
-0.398056
-0.398750
-0.389224
-0.391131
-0.390439
-0.386716
-0.390262
-0.390657
-0.383689
-0.385179
-0.385649
-0.378028
-0.374238
-0.385864
-0.381368
-0.376967
-0.372779
-0.372904
-0.373835
-0.368133
-0.368516
-0.370040
-0.365610
-0.360742
-0.360568
-0.355478
-0.364466
-0.352647
-0.360304
-0.358058
-0.356966
-0.351239
-0.353440
-0.348051
-0.344790
-0.347512
-0.346279
-0.338347
-0.335751
-0.337735
-0.336385
-0.333849
-0.335780
-0.336064
-0.328487
-0.327457
-0.324986
-0.321305
-0.321862
-0.323523
-0.316533
-0.318724
-0.315140
-0.309265
-0.311725
-0.309332
-0.304863
-0.299371
-0.307616
-0.302582
-0.300534
-0.300455
-0.296278
-0.295941
-0.289991
-0.289382
-0.291122
-0.288718
-0.286790
-0.282352
-0.279594
-0.273933
-0.275644
-0.272664
-0.269145
-0.266237
-0.268709
-0.264563
-0.260270
-0.259929
-0.255570
-0.250770
-0.252756
-0.253565
-0.252792
-0.245769
-0.243433
-0.242311
-0.245571
-0.241085
-0.236252
-0.232976
-0.233513
-0.235105
-0.231494
-0.224569
-0.222595
-0.221768
-0.220557
-0.218324
-0.214999
-0.219343
-0.215248
-0.209455
-0.205568
-0.207242
-0.204545
-0.199191
-0.200745
-0.198822
-0.194038
-0.192713
-0.187316
-0.186542
-0.182868
-0.186217
-0.180976
-0.177921
-0.180616
-0.175462
-0.171083
-0.167839
-0.169052
-0.164015
-0.163373
-0.156900
-0.157274
-0.153120
-0.151704
-0.146009
-0.148566
-0.138683
-0.149779
-0.137735
-0.138777
-0.135464
-0.131645
-0.135576
-0.130191
-0.126364
-0.127082
-0.125131
-0.121693
-0.118847
-0.114617
-0.116732
-0.112885
-0.104323
-0.106777
-0.102622
-0.101680
-0.097219
-0.098381
-0.097799
-0.100169
-0.089111
-0.088365
-0.087965
-0.084783
-0.079418
-0.079181
-0.072600
-0.073984
-0.072290
-0.072538
-0.073051
-0.064146
-0.059890
-0.059144
-0.051202
-0.056955
-0.054484
-0.049805
-0.044711
-0.044329
-0.046933
-0.042278
-0.037939
-0.037146
-0.035729
-0.030382
-0.028325
-0.029746
-0.022460
-0.021023
-0.020165
-0.017427
-0.019463
-0.012343
-0.011925
-0.010217
-0.005461
-0.003573
-0.002771
0.000590
0.002200
0.004061
0.011974
0.009530
0.011386
0.017128
0.014312
0.019367
0.017743
0.025289
0.026604
0.030252
0.033535
0.035876
0.033464
0.039196
0.037388
0.040508
0.046054
0.041455
0.047118
0.053912
0.054122
0.054882
0.057106
0.062857
0.060426
0.065999
0.067669
0.066518
0.067268
0.074422
0.075213
0.080348
0.085234
0.078271
0.084111
0.090471
0.088180
0.091568
0.091089
0.094368
0.099092
0.098387
0.105183
0.105956
0.107065
0.105016
0.111680
0.109097
0.113906
0.117311
0.118167
0.117761
0.124618
0.124041
0.126804
0.127957
0.130651
0.131842
0.131488
0.139408
0.136876
0.138188
0.144458
0.143081
0.145900
0.142069
0.153844
0.153101
0.152976
0.155174
0.160259
0.159553
0.163715
0.163221
0.165124
0.169218
0.170871
0.171129
0.173358
0.177302
0.180205
0.179680
0.184031
0.183665
0.186247
0.186705
0.185927
0.193713
0.193679
0.196364
0.195525
0.200578
0.199283
0.201024
0.205844
0.204971
0.208235
0.207122
0.208875
0.207544
0.215251
0.216302
0.215305
0.217448
0.219982
0.219585
0.224419
0.221875
0.226756
0.226505
0.230026
0.230502
0.233620
0.236990
0.242081
0.238816
0.239784
0.242306
0.246502
0.244548
0.248997
0.249761
0.249440
0.249828
0.253889
0.252938
0.257671
0.262168
0.259721
0.262979
0.261051
0.263624
0.266275
0.264704
0.269363
0.267948
0.265783
0.274809
0.277771
0.275985
0.278215
0.275393
0.282307
0.279999
0.278940
0.281205
0.282254
0.285704
0.284958
0.288130
0.291483
0.293547
0.290518
0.292369
0.292308
0.299576
0.293908
0.292338
0.300294
0.300317
0.300083
0.300949
0.313200
0.305148
0.303761
0.310785
0.312181
0.312052
0.313085
0.314563
0.315547
0.312701
0.322624
0.314759
0.319700
0.322014
0.319267
0.319281
0.322773
0.320773
0.326720
0.322957
0.326932
0.327414
0.325740
0.329589
0.327947
0.328109
0.330087
0.332650
0.329068
0.332500
0.334328
0.337844
0.334285
0.337320
0.341266
0.336913
0.340059
0.343248
0.341565
0.342073
0.341905
0.341943
0.344097
0.344699
0.345821
0.347685
0.344524
0.348594
0.348071
0.349660
0.349499
0.352695
0.352039
0.350058
0.352058
0.352499
0.352866
0.354085
0.356388
0.348800
0.354799
0.356509
0.357471
0.359242
0.359531
0.359282
0.362164
0.359425
0.363278
0.360392
0.362337
0.359808
0.366008
0.363480
0.363473
0.366407
0.361977
0.363998
0.363958
0.366966
0.364969
0.368315
0.367124
0.366299
0.367100
0.368069
0.367179
0.368736
0.367482
0.366313
0.368886
0.367541
0.369895
0.371095
0.368882
0.367646
0.373639
0.369754
0.368989
0.373613
0.372386
0.369846
0.370416
0.372325
0.374185
0.373969
0.372537
0.373594
0.372096
0.374325
0.370053
0.370821
0.371343
0.374311
0.372770
0.374113
0.373450
0.374937
0.372359
0.374886
0.376122
0.373950
0.376761
0.371746
0.375144
0.375105
0.373470
0.373823
0.372582
0.377132
0.370600
0.372084
0.375588
0.374239
0.371123
0.372605
0.374036
0.375259
0.374757
0.375094
0.371404
0.371606
0.372499
0.374732
0.371056
0.372852
0.372317
0.372138
0.371429
0.372381
0.369237
0.370375
0.370186
0.369405
0.369102
0.373844
0.367303
0.366773
0.365842
0.369466
0.368934
0.365365
0.369278
0.368989
0.366665
0.367201
0.367964
0.364877
0.366545
0.365039
0.362509
0.365747
0.364706
0.361543
0.360470
0.364713
0.364525
0.358862
0.363215
0.363787
0.361770
0.360762
0.360501
0.360097
0.356266
0.357683
0.360212
0.358691
0.355110
0.356816
0.354215
0.356442
0.352817
0.356721
0.355385
0.355416
0.349579
0.355907
0.353225
0.350737
0.353855
0.349324
0.349362
0.346650
0.347872
0.347876
0.343840
0.346357
0.349703
0.344133
0.344355
0.345990
0.339689
0.343300
0.340770
0.342662
0.339818
0.339027
0.340276
0.343051
0.339219
0.336827
0.337631
0.334472
0.335487
0.334171
0.334729
0.334952
0.330680
0.333505
0.333976
0.332217
0.332057
0.328173
0.328978
0.328803
0.325178
0.326054
0.325682
0.323025
0.325482
0.323872
0.324457
0.322868
0.321724
0.316284
0.316377
0.318300
0.321919
0.317169
0.315137
0.319066
0.314991
0.316046
0.314204
0.312886
0.310824
0.309809
0.306547
0.309579
0.308726
0.309547
0.306425
0.305338
0.302403
0.303556
0.304714
0.303012
0.302348
0.297749
0.296435
0.294975
0.297381
0.295904
0.296846
0.294874
0.290717
0.293317
0.291216
0.289467
0.292846
0.289959
0.291535
0.288533
0.287339
0.286703
0.285779
0.280147
0.282862
0.280044
0.284759
0.282596
0.278887
0.280744
0.276507
0.278407
0.275205
0.274413
0.273379
0.273890
0.272962
0.275442
0.271140
0.268944
0.267664
0.266512
0.266164
0.264959
0.265012
0.263247
0.264938
0.259666
0.259926
0.262061
0.257013
0.259660
0.254386
0.254708
0.253862
0.253054
0.252001
0.251370
0.249406
0.250667
0.246987
0.248407
0.247046
0.245031
0.246535
0.243508
0.244878
0.241403
0.241281
0.239845
0.242476
0.236668
0.234470
0.238287
0.235380
0.233608
0.234157
0.234267
0.231022
0.228886
0.228632
0.228948
0.227227
0.225945
0.227057
0.224252
0.223461
0.220272
0.220022
0.218764
0.219409
0.217467
0.219847
0.214880
0.216333
0.215180
0.213896
0.214291
0.214271
0.211312
0.208195
0.211151
0.206899
0.208366
0.203700
0.204801
0.203860
0.204145
0.203427
0.200298
0.200558
0.198665
0.198453
0.194762
0.195613
0.195746
0.196452
0.191585
0.189966
0.191431
0.188631
0.187458
0.189797
0.186669
0.187282
0.184970
0.183804
0.184104
0.182907
0.180516
0.181319
0.180457
0.180845
0.176144
0.177046
0.174998
0.173320
0.171931
0.171238
0.173211
0.167714
0.170575
0.168141
0.167142
0.167675
0.165772
0.166108
0.164430
0.163371
0.163322
0.160876
0.160010
0.159015
0.159666
0.159136
0.156394
0.154307
0.157012
0.155728
0.152458
0.150792
0.151496
0.148759
0.150713
0.150625
0.149325
0.145521
0.146448
0.144758
0.143979
0.142218
0.143497
0.141343
0.140231
0.140618
0.138160
0.139024
0.137125
0.138840
0.135450
0.134505
0.132217
0.135356
0.131458
0.131577
0.131546
0.130466
0.127595
0.127045
0.128491
0.123975
0.125906
0.125044
0.124669
0.122863
0.122371
0.122309
0.123197
0.120813
0.118483
0.117553
0.116545
0.115805
0.116263
0.118037
0.113478
0.116760
0.111862
0.112187
0.113068
0.109468
0.108865
0.109056
0.110447
0.106503
0.106959
0.104283
0.104777
0.103808
0.105878
0.103306
0.101112
0.100446
0.099631
0.100863
0.098591
0.098658
0.097646
0.095693
0.095086
0.096654
0.094258
0.096539
0.092014
0.089272
0.087380
0.091386
0.090223
0.085805
0.088147
0.090185
0.086214
0.086451
0.086465
0.086778
0.082157
0.082701
0.082040
0.082166
0.080202
0.078441
0.082759
0.079268
0.079580
0.078740
0.077624
0.075343
0.078447
0.078151
0.072969
0.073153
0.075070
0.072741
0.070386
0.072045
0.069958
0.071464
0.066703
0.068406
0.067813
0.069931
0.065244
0.066227
0.064037
0.065454
0.062223
0.062013
0.061566
0.062610
0.060861
0.061371
0.059912
0.058445
0.058528
0.059385
0.057418
0.057382
0.056553
0.056579
0.054362
0.055397
0.054565
0.052928
0.052697
0.054237
0.052109
0.051622
0.051138
0.050423
0.050340
0.049822
0.049923
0.051084
0.046108
0.047749
0.047509
0.045907
0.042990
0.046843
0.045620
0.044788
0.043735
0.047021
0.042080
0.041600
0.041803
0.041952
0.041632
0.040139
0.041780
0.041701
0.040377
0.038404
0.039757
0.039023
0.039024
0.037969
0.038313
0.039532
0.037850
0.038159
0.035754
0.035861
0.037256
0.036400
0.036309
0.037771
0.033969
0.034519
0.035326
0.031994
0.034103
0.031991
0.030804
0.033272
0.033211
0.030751
0.029849
0.029962
0.029307
0.030423
0.030687
0.029251
0.028025
0.030185
0.025460
0.027983
0.025053
0.025846
0.025149
0.026690
0.026343
0.022028
0.024886
0.023479
0.022220
0.024260
0.022268
0.022973
0.022487
0.018989
0.021333
0.021304
0.020638
0.022801
0.018201
0.019026
0.019050
0.019359
0.015540
0.017900
0.018539
0.015986
0.016169
0.018973
0.015561
0.015020
0.018370
0.016253
0.016056
0.014880
0.014644
0.015810
0.014257
0.017650
0.015114
0.015190
0.015103
0.014981
0.013770
0.012134
0.011720
0.012374
0.013787
0.011459
0.013769
0.014774
0.013536
0.015130
0.011826
0.010775
0.008731
0.011849
0.009895
0.010559
0.007804
0.012362
0.009228
0.012177
0.009994
0.010647
0.009367
0.010216
0.008122
0.009037
0.011014
0.009276
0.009628
0.006748
0.008229
0.008037
0.009812
0.007578
0.006577
0.002401
0.006105
0.004333
0.008498
0.006080
0.008251
0.008694
0.007932
0.004603
0.006363
0.008562
0.003231
0.005550
0.007458
0.005829
0.003352
0.002714
0.003943
0.002772
0.005706
0.004925
0.002235
0.006096
0.002710
-0.001512
0.004872
0.004332
-0.001167
-0.001363
-0.001466


