M_loss: 25, M_sym: 4300.0, M_power: 9000, M_bandwidth: 22.3872113856834
0.068983
0.068124
0.054297
0.041440
0.031499
0.030968
0.035727
0.037379
0.035127
0.037015
0.037131
0.036033
0.035166
0.038683
0.040078
0.039208
0.039589
0.038974
0.039617
0.040268
0.043087
0.041315
0.041861
0.044965
0.044295
0.042771
0.042442
0.047532
0.046729
0.047548
0.043304
0.049367
0.048360
0.048555
0.049378
0.050028
0.050653
0.051699
0.051369
0.053719
0.052380
0.052766
0.056343
0.055093
0.054782
0.057909
0.057460
0.056363
0.059403
0.061645
0.060264
0.059566
0.061791
0.060413
0.065473
0.062924
0.065309
0.063623
0.067790
0.067370
0.065982
0.068619
0.067347
0.067756
0.074245
0.074342
0.066258
0.072757
0.076786
0.071848
0.074225
0.077330
0.074483
0.078479
0.079750
0.078177
0.081337
0.076841
0.081855
0.084224
0.084820
0.082403
0.082584
0.086276
0.088708
0.087202
0.085543
0.089964
0.089683
0.088880
0.093587
0.094617
0.088645
0.093958
0.097444
0.094323
0.095775
0.097849
0.097618
0.098015
0.098391
0.102146
0.103154
0.102597
0.103381
0.102946
0.104317
0.109701
0.108431
0.106374
0.110293
0.110299
0.109608
0.113656
0.114363
0.114583
0.112123
0.116529
0.117863
0.118281
0.119764
0.121247
0.117596
0.123070
0.125696
0.121722
0.127848
0.124067
0.125531
0.126061
0.130982
0.131166
0.132123
0.128340
0.131285
0.139392
0.136008
0.132477
0.135200
0.137964
0.140396
0.143137
0.138746
0.141839
0.144593
0.144960
0.148188
0.144867
0.146627
0.149071
0.150675
0.148418
0.153598
0.151543
0.156199
0.156476
0.152125
0.158529
0.161854
0.158915
0.160358
0.162015
0.163803
0.166114
0.164448
0.166542
0.168690
0.169263
0.169580
0.172629
0.170560
0.170760
0.177438
0.176714
0.175337
0.178070
0.175821
0.185918
0.181400
0.181500
0.182893
0.185619
0.185738
0.183940
0.190087
0.195005
0.189333
0.188310
0.194254
0.196399
0.197304
0.196809
0.193608
0.199437
0.203768
0.201860
0.200493
0.206256
0.206028
0.205883
0.208179
0.209013
0.211445
0.212203
0.213564
0.213778
0.215482
0.214823
0.220410
0.220239
0.217694
0.223457
0.225296
0.223168
0.227372
0.226030
0.227174
0.230916
0.229893
0.232662
0.233901
0.235746
0.237263
0.237875
0.238461
0.239553
0.241192
0.241181
0.246895
0.244798
0.248378
0.243960
0.246386
0.253294
0.252396
0.248439
0.256418
0.255625
0.255817
0.258846
0.257435
0.261089
0.260282
0.264742
0.264341
0.264274
0.269370
0.265342
0.269495
0.273776
0.268628
0.272234
0.274588
0.275958
0.278098
0.278278
0.278950
0.282292
0.280634
0.284060
0.284900
0.285714
0.287728
0.288729
0.290740
0.290715
0.290485
0.293535
0.297479
0.295860
0.294932
0.299062
0.302746
0.301127
0.300644
0.307307
0.304338
0.303640
0.309429
0.308459
0.310216
0.311536
0.313374
0.313533
0.316423
0.314162
0.319285
0.320169
0.320981
0.320205
0.321782
0.323106
0.325887
0.328496
0.326079
0.328029
0.328771
0.332077
0.333798
0.334387
0.336297
0.335243
0.337425
0.339701
0.339495
0.341820
0.342566
0.344489
0.345770
0.344363
0.346101
0.349996
0.350525
0.354547
0.349165
0.351522
0.357461
0.358263
0.353804
0.360820
0.358954
0.359649
0.362351
0.365408
0.366650
0.364099
0.365953
0.369523
0.368806
0.371720
0.372722
0.371463
0.377482
0.375989
0.376802
0.376442
0.379501
0.380325
0.383910
0.383543
0.384063
0.385331
0.387523
0.389581
0.388167
0.390239
0.390452
0.395044
0.392451
0.392193
0.396773
0.399554
0.396335
0.398227
0.403207
0.399323
0.403271
0.404648
0.405085
0.406329
0.407949
0.408813
0.410261
0.410987
0.413011
0.414980
0.415641
0.413358
0.414516
0.419753
0.420397
0.421951
0.422670
0.419062
0.423365
0.424832
0.427567
0.427655
0.426257
0.427961
0.429556
0.432922
0.432303
0.434287
0.434142
0.433822
0.438113
0.435762
0.436422
0.442760
0.443249
0.439169
0.440794
0.444480
0.446238
0.447243
0.445543
0.446539
0.449193
0.449568
0.451731
0.451764
0.450901
0.457048
0.455533
0.456008
0.455678
0.457378
0.459658
0.459656
0.461004
0.462241
0.462380
0.464412
0.463077
0.465811
0.467769
0.468140
0.466456
0.468057
0.470047
0.473492
0.472385
0.473337
0.470501
0.473963
0.475567
0.479814
0.478243
0.475075
0.477696
0.482367
0.479360
0.481659
0.481987
0.481062
0.485329
0.483427
0.487738
0.484707
0.486479
0.486125
0.488103
0.490867
0.489698
0.489291
0.491194
0.493772
0.492697
0.491925
0.492169
0.497194
0.498059
0.495033
0.497735
0.498876
0.495610
0.500001
0.502949
0.497861
0.502084
0.500822
0.503118
0.503666
0.503034
0.503454
0.503528
0.507141
0.506172
0.507467
0.503623
0.509125
0.506342
0.509372
0.510732
0.509597
0.509577
0.508741
0.511598
0.513751
0.512081
0.512813
0.511778
0.515618
0.512036
0.514727
0.513381
0.517357
0.516734
0.515107
0.515244
0.516035
0.517028
0.519615
0.522255
0.520647
0.515501
0.513160
0.516476
0.519725
0.522950
0.526836
0.525374
0.524524
0.524828
0.524110
0.523371
0.523868
0.521826
0.522759
0.522354
0.522337
0.525580
0.522730
0.523217
0.521175
0.523574
0.523542
0.525087
0.524589
0.523957
0.525999
0.523426
0.523975
0.527643
0.526439
0.523304
0.524955
0.526790
0.526354
0.526035
0.528583
0.526678
0.525152
0.528186
0.527078
0.527348
0.526064
0.527077
0.529779
0.525040
0.529184
0.525558
0.528900
0.527100
0.527018
0.525368
0.527686
0.529885
0.527284
0.524807
0.525436
0.528798
0.527333
0.526664
0.526050
0.525212
0.527626
0.524043
0.529399
0.521174
0.524802
0.528408
0.525741
0.524696
0.523018
0.524082
0.521367
0.526794
0.522360
0.524891
0.521141
0.520117
0.521931
0.523572
0.521212
0.520129
0.522264
0.518055
0.518759
0.521091
0.522236
0.514511
0.518186
0.516250
0.519060
0.517683
0.514905
0.516798
0.513515
0.516189
0.515064
0.511224
0.515138
0.511441
0.512426
0.510102
0.512815
0.509285
0.509981
0.511743
0.508783
0.508141
0.503971
0.509755
0.504829
0.505487
0.504383
0.504279
0.504366
0.501551
0.503693
0.501794
0.498750
0.500623
0.499437
0.499064
0.497331
0.493971
0.496830
0.497126
0.493446
0.492693
0.490671
0.490979
0.490880
0.488500
0.491463
0.490384
0.486603
0.482518
0.486685
0.487664
0.482398
0.481076
0.480964
0.479265
0.483145
0.480119
0.479105
0.475323
0.474757
0.477751
0.472955
0.472806
0.470911
0.469071
0.470784
0.467929
0.470377
0.462969
0.468368
0.464502
0.460838
0.465020
0.461855
0.456988
0.461121
0.457569
0.452250
0.460076
0.452441
0.452164
0.451129
0.451517
0.447093
0.449766
0.445745
0.445150
0.444540
0.443480
0.439946
0.441541
0.438594
0.436687
0.438027
0.433335
0.431580
0.432120
0.432391
0.429384
0.428950
0.425909
0.423335
0.425701
0.424077
0.419371
0.419407
0.416973
0.417584
0.416503
0.413791
0.412099
0.410941
0.409674
0.407752
0.405992
0.406578
0.400764
0.405141
0.399356
0.396636
0.396909
0.398130
0.394598
0.391573
0.387620
0.392681
0.387584
0.388180
0.381931
0.383584
0.381225
0.377928
0.378129
0.372811
0.376017
0.373997
0.373038
0.365831
0.367826
0.367621
0.362653
0.357587
0.367022
0.358836
0.355430
0.355712
0.353311
0.350281
0.351114
0.348219
0.344571
0.341865
0.342465
0.344133
0.336048
0.336767
0.334058
0.333103
0.330082
0.330699
0.327969
0.323381
0.320215
0.324094
0.318829
0.314800
0.315287
0.314034
0.312222
0.308860
0.304864
0.306734
0.301354
0.303341
0.295476
0.300109
0.292368
0.292053
0.290175
0.289556
0.286555
0.285035
0.279096
0.281290
0.281129
0.271502
0.273790
0.270175
0.272345
0.267976
0.263090
0.259957
0.260158
0.260183
0.254545
0.255190
0.249826
0.253910
0.241866
0.244902
0.242521
0.240568
0.238336
0.236199
0.229204
0.232531
0.230588
0.225694
0.221921
0.222829
0.215751
0.217457
0.214310
0.214297
0.210367
0.204952
0.202352
0.204560
0.201871
0.197633
0.195437
0.189384
0.192181
0.186498
0.188479
0.182601
0.179889
0.178584
0.175363
0.171833
0.173584
0.167813
0.168410
0.161188
0.158043
0.161230
0.157614
0.153766
0.148458
0.152709
0.141577
0.144797
0.141619
0.137153
0.134334
0.134114
0.131367
0.127670
0.124457
0.126250
0.116905
0.115611
0.119086
0.114001
0.108405
0.107565
0.103476
0.105334
0.099378
0.096619
0.095851
0.094063
0.087508
0.089598
0.083695
0.083164
0.078593
0.076214
0.076578
0.070176
0.072062
0.062810
0.065994
0.062616
0.057908
0.055383
0.053894
0.051899
0.048341
0.045302
0.044997
0.038420
0.037411
0.034735
0.034345
0.032340
0.026175
0.025044
0.023075
0.017805
0.019274
0.014176
0.011677
0.006002
0.007200
0.007352
-0.002064
-0.000497
-0.005209
-0.006297
-0.008743
-0.012410
-0.016541
-0.016228
-0.018445
-0.023864
-0.025202
-0.028483
-0.030126
-0.032949
-0.034987
-0.038289
-0.041575
-0.045025
-0.044465
-0.049681
-0.049775
-0.057591
-0.057146
-0.057543
-0.064491
-0.063919
-0.067326
-0.073692
-0.069734
-0.078083
-0.078514
-0.079823
-0.083516
-0.084556
-0.091098
-0.094189
-0.090017
-0.099342
-0.099853
-0.099800
-0.105013
-0.112127
-0.109570
-0.112695
-0.114422
-0.119333
-0.125129
-0.121354
-0.125491
-0.128886
-0.133687
-0.129612
-0.140231
-0.138834
-0.141221
-0.146439
-0.145212
-0.149383
-0.152227
-0.155854
-0.159448
-0.162211
-0.161105
-0.164850
-0.167282
-0.169943
-0.176258
-0.174821
-0.179912
-0.178379
-0.184730
-0.187415
-0.187011
-0.191186
-0.195113
-0.196127
-0.199999
-0.201324
-0.203635
-0.207900
-0.209439
-0.211689
-0.214608
-0.217145
-0.223173
-0.219170
-0.223874
-0.230128
-0.228138
-0.233569
-0.235716
-0.234502
-0.242218
-0.240169
-0.247261
-0.246425
-0.250806
-0.250331
-0.254530
-0.259729
-0.255863
-0.263356
-0.267369
-0.264998
-0.269599
-0.272997
-0.276492
-0.276920
-0.276351
-0.283395
-0.285641
-0.289012
-0.285924
-0.291887
-0.294494
-0.293606
-0.299256
-0.304611
-0.304381
-0.304167
-0.303272
-0.314645
-0.307652
-0.319214
-0.316109
-0.319633
-0.324427
-0.325453
-0.327686
-0.328848
-0.332165
-0.333990
-0.333344
-0.338637
-0.341774
-0.343026
-0.343090
-0.346454
-0.349266
-0.349132
-0.356157
-0.353079
-0.359392
-0.361588
-0.363350
-0.364595
-0.367261
-0.369480
-0.369877
-0.378101
-0.374340
-0.375616
-0.383585
-0.384672
-0.386497
-0.383650
-0.388767
-0.393654
-0.390902
-0.397366
-0.398977
-0.394784
-0.404219
-0.407719
-0.402685
-0.410306
-0.407002
-0.410347
-0.415643
-0.415015
-0.421432
-0.418031
-0.420575
-0.424029
-0.425564
-0.431160
-0.425841
-0.434006
-0.429673
-0.438272
-0.437733
-0.437146
-0.439958
-0.444968
-0.442039
-0.451130
-0.447626
-0.448515
-0.450112
-0.456314
-0.456151
-0.461034
-0.453492
-0.461286
-0.466131
-0.464894
-0.464840
-0.470183
-0.470346
-0.470939
-0.473674
-0.473863
-0.479552
-0.480968
-0.480561
-0.478382
-0.485075
-0.485796
-0.487184
-0.490157
-0.490975
-0.491609
-0.491468
-0.497941
-0.498851
-0.497522
-0.501176
-0.501658
-0.501190
-0.502341
-0.511522
-0.508107
-0.510110
-0.506871
-0.513856
-0.512219
-0.519686
-0.513677
-0.521241
-0.519639
-0.515496
-0.527243
-0.523998
-0.523999
-0.526793
-0.527851
-0.527340
-0.530932
-0.533909
-0.531369
-0.533817
-0.537815
-0.536450
-0.541478
-0.537853
-0.540990
-0.539249
-0.549413
-0.543669
-0.542508
-0.548113
-0.554221
-0.546567
-0.547568
-0.552423
-0.552836
-0.555790
-0.552228
-0.554196
-0.562180
-0.552669
-0.563278
-0.557319
-0.565274
-0.557079
-0.566908
-0.565303
-0.560248
-0.570016
-0.564110
-0.569126
-0.570579
-0.568175
-0.573390
-0.569069
-0.571659
-0.576804
-0.572768
-0.573911
-0.575214
-0.577523
-0.577329
-0.579176
-0.578341
-0.577417
-0.583413
-0.581647
-0.581209
-0.578472
-0.589437
-0.579847
-0.588025
-0.582972
-0.586871
-0.587479
-0.586584
-0.588850
-0.589891
-0.586656
-0.590403
-0.591496
-0.589344
-0.592068
-0.591457
-0.592624
-0.592381
-0.596290
-0.591782
-0.594323
-0.591930
-0.596613
-0.593927
-0.598783
-0.596528
-0.597686
-0.590496
-0.603918
-0.598112
-0.595562
-0.600992
-0.593664
-0.600485
-0.602416
-0.600221
-0.597896
-0.596743
-0.604548
-0.600469
-0.598886
-0.599681
-0.603708
-0.604606
-0.598704
-0.603688
-0.601935
-0.599474
-0.603593
-0.598665
-0.602487
-0.602940
-0.603226
-0.606533
-0.596288
-0.606479
-0.602031
-0.599969
-0.601438
-0.602574
-0.603010
-0.600765
-0.605863
-0.600639
-0.599168
-0.601033
-0.604761
-0.601442
-0.600547
-0.601296
-0.601421
-0.602469
-0.598763
-0.599376
-0.600743
-0.603620
-0.595718
-0.603212
-0.595327
-0.602213
-0.597714
-0.599168
-0.597177
-0.598569
-0.596916
-0.600135
-0.597559
-0.593653
-0.597139
-0.601354
-0.590797
-0.596995
-0.593325
-0.597445
-0.590555
-0.594615
-0.594063
-0.592185
-0.589069
-0.594254
-0.594190
-0.588728
-0.589449
-0.588341
-0.590494
-0.590966
-0.587594
-0.586345
-0.583518
-0.587951
-0.590147
-0.582183
-0.581351
-0.586559
-0.583543
-0.582000
-0.581718
-0.579353
-0.578540
-0.583210
-0.578172
-0.579353
-0.577280
-0.577598
-0.574804
-0.578043
-0.573740
-0.574363
-0.572296
-0.575263
-0.570008
-0.572822
-0.569674
-0.569271
-0.569360
-0.568044
-0.564204
-0.564556
-0.569262
-0.560812
-0.563082
-0.564026
-0.560569
-0.559263
-0.559820
-0.559061
-0.557407
-0.553278
-0.556629
-0.554333
-0.553720
-0.552546
-0.550278
-0.551006
-0.548805
-0.547662
-0.547708
-0.547334
-0.542079
-0.541763
-0.543988
-0.542814
-0.536354
-0.540885
-0.538768
-0.535966
-0.538041
-0.528503
-0.540056
-0.526479
-0.532698
-0.532119
-0.522085
-0.528878
-0.526880
-0.521895
-0.525592
-0.518910
-0.522445
-0.518301
-0.520745
-0.513789
-0.521246
-0.505727
-0.517080
-0.508439
-0.513012
-0.505754
-0.505737
-0.509264
-0.504118
-0.502498
-0.501294
-0.497535
-0.502735
-0.497785
-0.490188
-0.497005
-0.494400
-0.487064
-0.490779
-0.487929
-0.488023
-0.483497
-0.485322
-0.479635
-0.484084
-0.478290
-0.476609
-0.473090
-0.476974
-0.471887
-0.470311
-0.467514
-0.469492
-0.468821
-0.461414
-0.463213
-0.460385
-0.457900
-0.462110
-0.455665
-0.453392
-0.454808
-0.451565
-0.446982
-0.452444
-0.444461
-0.442197
-0.442799
-0.446632
-0.436075
-0.438199
-0.437510
-0.433016
-0.435184
-0.429508
-0.429453
-0.428672
-0.426639
-0.419713
-0.425533
-0.422620
-0.419569
-0.413894
-0.414708
-0.411939
-0.414981
-0.412327
-0.404595
-0.404758
-0.405696
-0.402215
-0.401294
-0.397749
-0.400970
-0.390984
-0.394435
-0.393064
-0.385431
-0.392418
-0.382767
-0.386926
-0.384454
-0.376993
-0.379980
-0.377359
-0.375413
-0.371568
-0.375947
-0.365291
-0.369686
-0.366570
-0.361349
-0.361872
-0.360531
-0.360298
-0.355119
-0.351894
-0.354556
-0.351595
-0.346661
-0.345082
-0.343967
-0.350608
-0.330083
-0.344219
-0.335764
-0.336846
-0.332230
-0.330544
-0.326826
-0.329570
-0.329808
-0.317906
-0.321561
-0.320190
-0.318182
-0.316498
-0.312007
-0.313857
-0.311409
-0.303742
-0.308148
-0.303012
-0.305545
-0.297713
-0.298293
-0.299016
-0.290229
-0.292172
-0.291206
-0.291602
-0.285246
-0.279783
-0.286472
-0.280320
-0.277188
-0.273752
-0.280818
-0.268957
-0.271634
-0.265792
-0.266201
-0.270050
-0.259768
-0.261499
-0.260460
-0.255181
-0.256220
-0.252965
-0.252831
-0.244493
-0.249890
-0.241614
-0.248659
-0.241000
-0.238223
-0.235194
-0.237295
-0.231973
-0.230916
-0.226192
-0.232056
-0.228503
-0.217977
-0.225255
-0.220678
-0.212462
-0.218162
-0.215731
-0.212842
-0.208630
-0.208489
-0.208049
-0.204199
-0.204535
-0.197985
-0.199280
-0.195796
-0.197138
-0.188025
-0.194340
-0.190719
-0.184052
-0.186040
-0.181505
-0.184785
-0.176344
-0.181308
-0.173052
-0.174268
-0.171348
-0.173525
-0.167277
-0.166197
-0.166890
-0.160604
-0.160825
-0.163229
-0.156855
-0.157073
-0.152510
-0.151413
-0.151723
-0.153315
-0.141814
-0.144949
-0.143349
-0.144519
-0.139020
-0.133046
-0.139688
-0.137648
-0.128017
-0.132152
-0.131611
-0.125083
-0.125464
-0.124237
-0.122935
-0.115977
-0.119484
-0.117091
-0.114584
-0.114734
-0.109191
-0.106286
-0.116157
-0.100390
-0.104926
-0.105586
-0.101386
-0.102705
-0.090077
-0.098674
-0.097586
-0.094398
-0.090285
-0.086576
-0.091436
-0.090525
-0.078787
-0.086545
-0.083630
-0.082089
-0.074942
-0.075310
-0.075304
-0.080048
-0.070809
-0.069872
-0.065062
-0.072658
-0.066643
-0.067756
-0.058996
-0.060641
-0.062569
-0.060755
-0.055123
-0.057972
-0.055408
-0.049454
-0.053056
-0.050826
-0.049230
-0.047701
-0.043826
-0.045585
-0.044817
-0.043180
-0.041044
-0.035255
-0.037695
-0.042514
-0.026362
-0.033726
-0.040662
-0.030890
-0.022826
-0.029791
-0.028751
-0.026769
-0.024915
-0.019969
-0.021037
-0.024576
-0.022953
-0.011117
-0.019268
-0.018495
-0.015084
-0.011217
-0.013979
-0.010358
-0.009626
-0.007671
-0.010212
-0.006666
-0.005983
0.000167
-0.007415
-0.002986
0.002417
-0.006789
0.008752
-0.001177
0.006174
0.002383
0.003355
0.012858
0.001961
0.011579
0.003999
0.014886
0.012580
0.011293
0.012581
0.016565
0.011455
0.018167
0.019636
0.018925
0.015575
0.019342
0.024491
0.018426
0.022508
0.027258
0.019396
0.021127
0.033157
0.030558
0.021510
0.023392
0.038125
0.027843
0.028391
0.030235
0.032760
0.032297
0.032363
0.035215
0.033411
0.035745
0.037714
0.032211
0.042939
0.036088
0.034082
0.044318
0.036996
0.035667
0.045414
0.042044
0.038123
0.045926
0.042753
0.042131
0.042461
0.047125
0.043876
0.042839
0.047327
0.040328
0.058943
0.041742
0.045146
0.045318
0.047030
0.048143
0.053911
0.046512
0.048153
0.048589
0.054835
0.050398
0.046888
0.049251
0.052679
0.053097
0.048394
0.053615
0.052099
0.057103
0.043779
0.057087
0.053824
0.050551
0.053265
0.055247
0.054402
0.051867
0.052395
0.052565
0.057818
0.047618
0.059840
0.057059
0.049377
0.055939
0.056000
0.051736
0.055337
0.051736
0.056000
0.055939
0.049377
0.057059
0.059840
0.047618
0.057818
0.052565
0.052395
0.051867
0.054402
0.055247
0.053265
0.050551
0.053824
0.057087
0.043779
0.057103
0.052099
0.053615
0.048394
0.053097
0.052679
0.049251
0.046888
0.050398
0.054835
0.048589
0.048153
0.046512
0.053911
0.048143
0.047030
0.045318
0.045146
0.041742
0.058943
0.040328
0.047327
0.042839
0.043876
0.047125
0.042461
0.042131
0.042753
0.045926
0.038123
0.042044
0.045414
0.035667
0.036996
0.044318
0.034082
0.036088
0.042939
0.032211
0.037714
0.035745
0.033411
0.035215
0.032363
0.032297
0.032760
0.030235
0.028391
0.027843
0.038125
0.023392
0.021510
0.030558
0.033157
0.021127
0.019396
0.027258
0.022508
0.018426
0.024491
0.019342
0.015575
0.018925
0.019636
0.018167
0.011455
0.016565
0.012581
0.011293
0.012580
0.014886
0.003999
0.011579
0.001961
0.012858
0.003355
0.002383
0.006174
-0.001177
0.008752
-0.006789
0.002417
-0.002986
-0.007415
0.000167
-0.005983
-0.006666
-0.010212
-0.007671
-0.009626
-0.010358
-0.013979
-0.011217
-0.015084
-0.018495
-0.019268
-0.011117
-0.022953
-0.024576
-0.021037
-0.019969
-0.024915
-0.026769
-0.028751
-0.029791
-0.022826
-0.030890
-0.040662
-0.033726
-0.026362
-0.042514
-0.037695
-0.035255
-0.041044
-0.043180
-0.044817
-0.045585
-0.043826
-0.047701
-0.049230
-0.050826
-0.053056
-0.049454
-0.055408
-0.057972
-0.055123
-0.060755
-0.062569
-0.060641
-0.058996
-0.067756
-0.066643
-0.072658
-0.065062
-0.069872
-0.070809
-0.080048
-0.075304
-0.075310
-0.074942
-0.082089
-0.083630
-0.086545
-0.078787
-0.090525
-0.091436
-0.086576
-0.090285
-0.094398
-0.097586
-0.098674
-0.090077
-0.102705
-0.101386
-0.105586
-0.104926
-0.100390
-0.116157
-0.106286
-0.109191
-0.114734
-0.114584
-0.117091
-0.119484
-0.115977
-0.122935
-0.124237
-0.125464
-0.125083
-0.131611
-0.132152
-0.128017
-0.137648
-0.139688
-0.133046
-0.139020
-0.144519
-0.143349
-0.144949
-0.141814
-0.153315
-0.151723
-0.151413
-0.152510
-0.157073
-0.156855
-0.163229
-0.160825
-0.160604
-0.166890
-0.166197
-0.167277
-0.173525
-0.171348
-0.174268
-0.173052
-0.181308
-0.176344
-0.184785
-0.181505
-0.186040
-0.184052
-0.190719
-0.194340
-0.188025
-0.197138
-0.195796
-0.199280
-0.197985
-0.204535
-0.204199
-0.208049
-0.208489
-0.208630
-0.212842
-0.215731
-0.218162
-0.212462
-0.220678
-0.225255
-0.217977
-0.228503
-0.232056
-0.226192
-0.230916
-0.231973
-0.237295
-0.235194
-0.238223
-0.241000
-0.248659
-0.241614
-0.249890
-0.244493
-0.252831
-0.252965
-0.256220
-0.255181
-0.260460
-0.261499
-0.259768
-0.270050
-0.266201
-0.265792
-0.271634
-0.268957
-0.280818
-0.273752
-0.277188
-0.280320
-0.286472
-0.279783
-0.285246
-0.291602
-0.291206
-0.292172
-0.290229
-0.299016
-0.298293
-0.297713
-0.305545
-0.303012
-0.308148
-0.303742
-0.311409
-0.313857
-0.312007
-0.316498
-0.318182
-0.320190
-0.321561
-0.317906
-0.329808
-0.329570
-0.326826
-0.330544
-0.332230
-0.336846
-0.335764
-0.344219
-0.330083
-0.350608
-0.343967
-0.345082
-0.346661
-0.351595
-0.354556
-0.351894
-0.355119
-0.360298
-0.360531
-0.361872
-0.361349
-0.366570
-0.369686
-0.365291
-0.375947
-0.371568
-0.375413
-0.377359
-0.379980
-0.376993
-0.384454
-0.386926
-0.382767
-0.392418
-0.385431
-0.393064
-0.394435
-0.390984
-0.400970
-0.397749
-0.401294
-0.402215
-0.405696
-0.404758
-0.404595
-0.412327
-0.414981
-0.411939
-0.414708
-0.413894
-0.419569
-0.422620
-0.425533
-0.419713
-0.426639
-0.428672
-0.429453
-0.429508
-0.435184
-0.433016
-0.437510
-0.438199
-0.436075
-0.446632
-0.442799
-0.442197
-0.444461
-0.452444
-0.446982
-0.451565
-0.454808
-0.453392
-0.455665
-0.462110
-0.457900
-0.460385
-0.463213
-0.461414
-0.468821
-0.469492
-0.467514
-0.470311
-0.471887
-0.476974
-0.473090
-0.476609
-0.478290
-0.484084
-0.479635
-0.485322
-0.483497
-0.488023
-0.487929
-0.490779
-0.487064
-0.494400
-0.497005
-0.490188
-0.497785
-0.502735
-0.497535
-0.501294
-0.502498
-0.504118
-0.509264
-0.505737
-0.505754
-0.513012
-0.508439
-0.517080
-0.505727
-0.521246
-0.513789
-0.520745
-0.518301
-0.522445
-0.518910
-0.525592
-0.521895
-0.526880
-0.528878
-0.522085
-0.532119
-0.532698
-0.526479
-0.540056
-0.528503
-0.538041
-0.535966
-0.538768
-0.540885
-0.536354
-0.542814
-0.543988
-0.541763
-0.542079
-0.547334
-0.547708
-0.547662
-0.548805
-0.551006
-0.550278
-0.552546
-0.553720
-0.554333
-0.556629
-0.553278
-0.557407
-0.559061
-0.559820
-0.559263
-0.560569
-0.564026
-0.563082
-0.560812
-0.569262
-0.564556
-0.564204
-0.568044
-0.569360
-0.569271
-0.569674
-0.572822
-0.570008
-0.575263
-0.572296
-0.574363
-0.573740
-0.578043
-0.574804
-0.577598
-0.577280
-0.579353
-0.578172
-0.583210
-0.578540
-0.579353
-0.581718
-0.582000
-0.583543
-0.586559
-0.581351
-0.582183
-0.590147
-0.587951
-0.583518
-0.586345
-0.587594
-0.590966
-0.590494
-0.588341
-0.589449
-0.588728
-0.594190
-0.594254
-0.589069
-0.592185
-0.594063
-0.594615
-0.590555
-0.597445
-0.593325
-0.596995
-0.590797
-0.601354
-0.597139
-0.593653
-0.597559
-0.600135
-0.596916
-0.598569
-0.597177
-0.599168
-0.597714
-0.602213
-0.595327
-0.603212
-0.595718
-0.603620
-0.600743
-0.599376
-0.598763
-0.602469
-0.601421
-0.601296
-0.600547
-0.601442
-0.604761
-0.601033
-0.599168
-0.600639
-0.605863
-0.600765
-0.603010
-0.602574
-0.601438
-0.599969
-0.602031
-0.606479
-0.596288
-0.606533
-0.603226
-0.602940
-0.602487
-0.598665
-0.603593
-0.599474
-0.601935
-0.603688
-0.598704
-0.604606
-0.603708
-0.599681
-0.598886
-0.600469
-0.604548
-0.596743
-0.597896
-0.600221
-0.602416
-0.600485
-0.593664
-0.600992
-0.595562
-0.598112
-0.603918
-0.590496
-0.597686
-0.596528
-0.598783
-0.593927
-0.596613
-0.591930
-0.594323
-0.591782
-0.596290
-0.592381
-0.592624
-0.591457
-0.592068
-0.589344
-0.591496
-0.590403
-0.586656
-0.589891
-0.588850
-0.586584
-0.587479
-0.586871
-0.582972
-0.588025
-0.579847
-0.589437
-0.578472
-0.581209
-0.581647
-0.583413
-0.577417
-0.578341
-0.579176
-0.577329
-0.577523
-0.575214
-0.573911
-0.572768
-0.576804
-0.571659
-0.569069
-0.573390
-0.568175
-0.570579
-0.569126
-0.564110
-0.570016
-0.560248
-0.565303
-0.566908
-0.557079
-0.565274
-0.557319
-0.563278
-0.552669
-0.562180
-0.554196
-0.552228
-0.555790
-0.552836
-0.552423
-0.547568
-0.546567
-0.554221
-0.548113
-0.542508
-0.543669
-0.549413
-0.539249
-0.540990
-0.537853
-0.541478
-0.536450
-0.537815
-0.533817
-0.531369
-0.533909
-0.530932
-0.527340
-0.527851
-0.526793
-0.523999
-0.523998
-0.527243
-0.515496
-0.519639
-0.521241
-0.513677
-0.519686
-0.512219
-0.513856
-0.506871
-0.510110
-0.508107
-0.511522
-0.502341
-0.501190
-0.501658
-0.501176
-0.497522
-0.498851
-0.497941
-0.491468
-0.491609
-0.490975
-0.490157
-0.487184
-0.485796
-0.485075
-0.478382
-0.480561
-0.480968
-0.479552
-0.473863
-0.473674
-0.470939
-0.470346
-0.470183
-0.464840
-0.464894
-0.466131
-0.461286
-0.453492
-0.461034
-0.456151
-0.456314
-0.450112
-0.448515
-0.447626
-0.451130
-0.442039
-0.444968
-0.439958
-0.437146
-0.437733
-0.438272
-0.429673
-0.434006
-0.425841
-0.431160
-0.425564
-0.424029
-0.420575
-0.418031
-0.421432
-0.415015
-0.415643
-0.410347
-0.407002
-0.410306
-0.402685
-0.407719
-0.404219
-0.394784
-0.398977
-0.397366
-0.390902
-0.393654
-0.388767
-0.383650
-0.386497
-0.384672
-0.383585
-0.375616
-0.374340
-0.378101
-0.369877
-0.369480
-0.367261
-0.364595
-0.363350
-0.361588
-0.359392
-0.353079
-0.356157
-0.349132
-0.349266
-0.346454
-0.343090
-0.343026
-0.341774
-0.338637
-0.333344
-0.333990
-0.332165
-0.328848
-0.327686
-0.325453
-0.324427
-0.319633
-0.316109
-0.319214
-0.307652
-0.314645
-0.303272
-0.304167
-0.304381
-0.304611
-0.299256
-0.293606
-0.294494
-0.291887
-0.285924
-0.289012
-0.285641
-0.283395
-0.276351
-0.276920
-0.276492
-0.272997
-0.269599
-0.264998
-0.267369
-0.263356
-0.255863
-0.259729
-0.254530
-0.250331
-0.250806
-0.246425
-0.247261
-0.240169
-0.242218
-0.234502
-0.235716
-0.233569
-0.228138
-0.230128
-0.223874
-0.219170
-0.223173
-0.217145
-0.214608
-0.211689
-0.209439
-0.207900
-0.203635
-0.201324
-0.199999
-0.196127
-0.195113
-0.191186
-0.187011
-0.187415
-0.184730
-0.178379
-0.179912
-0.174821
-0.176258
-0.169943
-0.167282
-0.164850
-0.161105
-0.162211
-0.159448
-0.155854
-0.152227
-0.149383
-0.145212
-0.146439
-0.141221
-0.138834
-0.140231
-0.129612
-0.133687
-0.128886
-0.125491
-0.121354
-0.125129
-0.119333
-0.114422
-0.112695
-0.109570
-0.112127
-0.105013
-0.099800
-0.099853
-0.099342
-0.090017
-0.094189
-0.091098
-0.084556
-0.083516
-0.079823
-0.078514
-0.078083
-0.069734
-0.073692
-0.067326
-0.063919
-0.064491
-0.057543
-0.057146
-0.057591
-0.049775
-0.049681
-0.044465
-0.045025
-0.041575
-0.038289
-0.034987
-0.032949
-0.030126
-0.028483
-0.025202
-0.023864
-0.018445
-0.016228
-0.016541
-0.012410
-0.008743
-0.006297
-0.005209
-0.000497
-0.002064
0.007352
0.007200
0.006002
0.011677
0.014176
0.019274
0.017805
0.023075
0.025044
0.026175
0.032340
0.034345
0.034735
0.037411
0.038420
0.044997
0.045302
0.048341
0.051899
0.053894
0.055383
0.057908
0.062616
0.065994
0.062810
0.072062
0.070176
0.076578
0.076214
0.078593
0.083164
0.083695
0.089598
0.087508
0.094063
0.095851
0.096619
0.099378
0.105334
0.103476
0.107565
0.108405
0.114001
0.119086
0.115611
0.116905
0.126250
0.124457
0.127670
0.131367
0.134114
0.134334
0.137153
0.141619
0.144797
0.141577
0.152709
0.148458
0.153766
0.157614
0.161230
0.158043
0.161188
0.168410
0.167813
0.173584
0.171833
0.175363
0.178584
0.179889
0.182601
0.188479
0.186498
0.192181
0.189384
0.195437
0.197633
0.201871
0.204560
0.202352
0.204952
0.210367
0.214297
0.214310
0.217457
0.215751
0.222829
0.221921
0.225694
0.230588
0.232531
0.229204
0.236199
0.238336
0.240568
0.242521
0.244902
0.241866
0.253910
0.249826
0.255190
0.254545
0.260183
0.260158
0.259957
0.263090
0.267976
0.272345
0.270175
0.273790
0.271502
0.281129
0.281290
0.279096
0.285035
0.286555
0.289556
0.290175
0.292053
0.292368
0.300109
0.295476
0.303341
0.301354
0.306734
0.304864
0.308860
0.312222
0.314034
0.315287
0.314800
0.318829
0.324094
0.320215
0.323381
0.327969
0.330699
0.330082
0.333103
0.334058
0.336767
0.336048
0.344133
0.342465
0.341865
0.344571
0.348219
0.351114
0.350281
0.353311
0.355712
0.355430
0.358836
0.367022
0.357587
0.362653
0.367621
0.367826
0.365831
0.373038
0.373997
0.376017
0.372811
0.378129
0.377928
0.381225
0.383584
0.381931
0.388180
0.387584
0.392681
0.387620
0.391573
0.394598
0.398130
0.396909
0.396636
0.399356
0.405141
0.400764
0.406578
0.405992
0.407752
0.409674
0.410941
0.412099
0.413791
0.416503
0.417584
0.416973
0.419407
0.419371
0.424077
0.425701
0.423335
0.425909
0.428950
0.429384
0.432391
0.432120
0.431580
0.433335
0.438027
0.436687
0.438594
0.441541
0.439946
0.443480
0.444540
0.445150
0.445745
0.449766
0.447093
0.451517
0.451129
0.452164
0.452441
0.460076
0.452250
0.457569
0.461121
0.456988
0.461855
0.465020
0.460838
0.464502
0.468368
0.462969
0.470377
0.467929
0.470784
0.469071
0.470911
0.472806
0.472955
0.477751
0.474757
0.475323
0.479105
0.480119
0.483145
0.479265
0.480964
0.481076
0.482398
0.487664
0.486685
0.482518
0.486603
0.490384
0.491463
0.488500
0.490880
0.490979
0.490671
0.492693
0.493446
0.497126
0.496830
0.493971
0.497331
0.499064
0.499437
0.500623
0.498750
0.501794
0.503693
0.501551
0.504366
0.504279
0.504383
0.505487
0.504829
0.509755
0.503971
0.508141
0.508783
0.511743
0.509981
0.509285
0.512815
0.510102
0.512426
0.511441
0.515138
0.511224
0.515064
0.516189
0.513515
0.516798
0.514905
0.517683
0.519060
0.516250
0.518186
0.514511
0.522236
0.521091
0.518759
0.518055
0.522264
0.520129
0.521212
0.523572
0.521931
0.520117
0.521141
0.524891
0.522360
0.526794
0.521367
0.524082
0.523018
0.524696
0.525741
0.528408
0.524802
0.521174
0.529399
0.524043
0.527626
0.525212
0.526050
0.526664
0.527333
0.528798
0.525436
0.524807
0.527284
0.529885
0.527686
0.525368
0.527018
0.527100
0.528900
0.525558
0.529184
0.525040
0.529779
0.527077
0.526064
0.527348
0.527078
0.528186
0.525152
0.526678
0.528583
0.526035
0.526354
0.526790
0.524955
0.523304
0.526439
0.527643
0.523975
0.523426
0.525999
0.523957
0.524589
0.525087
0.523542
0.523574
0.521175
0.523217
0.522730
0.525580
0.522337
0.522354
0.522759
0.521826
0.523868
0.523371
0.524110
0.524828
0.524524
0.525374
0.526836
0.522950
0.519725
0.516476
0.513160
0.515501
0.520647
0.522255
0.519615
0.517028
0.516035
0.515244
0.515107
0.516734
0.517357
0.513381
0.514727
0.512036
0.515618
0.511778
0.512813
0.512081
0.513751
0.511598
0.508741
0.509577
0.509597
0.510732
0.509372
0.506342
0.509125
0.503623
0.507467
0.506172
0.507141
0.503528
0.503454
0.503034
0.503666
0.503118
0.500822
0.502084
0.497861
0.502949
0.500001
0.495610
0.498876
0.497735
0.495033
0.498059
0.497194
0.492169
0.491925
0.492697
0.493772
0.491194
0.489291
0.489698
0.490867
0.488103
0.486125
0.486479
0.484707
0.487738
0.483427
0.485329
0.481062
0.481987
0.481659
0.479360
0.482367
0.477696
0.475075
0.478243
0.479814
0.475567
0.473963
0.470501
0.473337
0.472385
0.473492
0.470047
0.468057
0.466456
0.468140
0.467769
0.465811
0.463077
0.464412
0.462380
0.462241
0.461004
0.459656
0.459658
0.457378
0.455678
0.456008
0.455533
0.457048
0.450901
0.451764
0.451731
0.449568
0.449193
0.446539
0.445543
0.447243
0.446238
0.444480
0.440794
0.439169
0.443249
0.442760
0.436422
0.435762
0.438113
0.433822
0.434142
0.434287
0.432303
0.432922
0.429556
0.427961
0.426257
0.427655
0.427567
0.424832
0.423365
0.419062
0.422670
0.421951
0.420397
0.419753
0.414516
0.413358
0.415641
0.414980
0.413011
0.410987
0.410261
0.408813
0.407949
0.406329
0.405085
0.404648
0.403271
0.399323
0.403207
0.398227
0.396335
0.399554
0.396773
0.392193
0.392451
0.395044
0.390452
0.390239
0.388167
0.389581
0.387523
0.385331
0.384063
0.383543
0.383910
0.380325
0.379501
0.376442
0.376802
0.375989
0.377482
0.371463
0.372722
0.371720
0.368806
0.369523
0.365953
0.364099
0.366650
0.365408
0.362351
0.359649
0.358954
0.360820
0.353804
0.358263
0.357461
0.351522
0.349165
0.354547
0.350525
0.349996
0.346101
0.344363
0.345770
0.344489
0.342566
0.341820
0.339495
0.339701
0.337425
0.335243
0.336297
0.334387
0.333798
0.332077
0.328771
0.328029
0.326079
0.328496
0.325887
0.323106
0.321782
0.320205
0.320981
0.320169
0.319285
0.314162
0.316423
0.313533
0.313374
0.311536
0.310216
0.308459
0.309429
0.303640
0.304338
0.307307
0.300644
0.301127
0.302746
0.299062
0.294932
0.295860
0.297479
0.293535
0.290485
0.290715
0.290740
0.288729
0.287728
0.285714
0.284900
0.284060
0.280634
0.282292
0.278950
0.278278
0.278098
0.275958
0.274588
0.272234
0.268628
0.273776
0.269495
0.265342
0.269370
0.264274
0.264341
0.264742
0.260282
0.261089
0.257435
0.258846
0.255817
0.255625
0.256418
0.248439
0.252396
0.253294
0.246386
0.243960
0.248378
0.244798
0.246895
0.241181
0.241192
0.239553
0.238461
0.237875
0.237263
0.235746
0.233901
0.232662
0.229893
0.230916
0.227174
0.226030
0.227372
0.223168
0.225296
0.223457
0.217694
0.220239
0.220410
0.214823
0.215482
0.213778
0.213564
0.212203
0.211445
0.209013
0.208179
0.205883
0.206028
0.206256
0.200493
0.201860
0.203768
0.199437
0.193608
0.196809
0.197304
0.196399
0.194254
0.188310
0.189333
0.195005
0.190087
0.183940
0.185738
0.185619
0.182893
0.181500
0.181400
0.185918
0.175821
0.178070
0.175337
0.176714
0.177438
0.170760
0.170560
0.172629
0.169580
0.169263
0.168690
0.166542
0.164448
0.166114
0.163803
0.162015
0.160358
0.158915
0.161854
0.158529
0.152125
0.156476
0.156199
0.151543
0.153598
0.148418
0.150675
0.149071
0.146627
0.144867
0.148188
0.144960
0.144593
0.141839
0.138746
0.143137
0.140396
0.137964
0.135200
0.132477
0.136008
0.139392
0.131285
0.128340
0.132123
0.131166
0.130982
0.126061
0.125531
0.124067
0.127848
0.121722
0.125696
0.123070
0.117596
0.121247
0.119764
0.118281
0.117863
0.116529
0.112123
0.114583
0.114363
0.113656
0.109608
0.110299
0.110293
0.106374
0.108431
0.109701
0.104317
0.102946
0.103381
0.102597
0.103154
0.102146
0.098391
0.098015
0.097618
0.097849
0.095775
0.094323
0.097444
0.093958
0.088645
0.094617
0.093587
0.088880
0.089683
0.089964
0.085543
0.087202
0.088708
0.086276
0.082584
0.082403
0.084820
0.084224
0.081855
0.076841
0.081337
0.078177
0.079750
0.078479
0.074483
0.077330
0.074225
0.071848
0.076786
0.072757
0.066258
0.074342
0.074245
0.067756
0.067347
0.068619
0.065982
0.067370
0.067790
0.063623
0.065309
0.062924
0.065473
0.060413
0.061791
0.059566
0.060264
0.061645
0.059403
0.056363
0.057460
0.057909
0.054782
0.055093
0.056343
0.052766
0.052380
0.053719
0.051369
0.051699
0.050653
0.050028
0.049378
0.048555
0.048360
0.049367
0.043304
0.047548
0.046729
0.047532
0.042442
0.042771
0.044295
0.044965
0.041861
0.041315
0.043087
0.040268
0.039617
0.038974
0.039589
0.039208
0.040078
0.038683
0.035166
0.036033
0.037131
0.037015
0.035127
0.037379
0.035727
0.030968
0.031499
0.041440
0.054297
0.068124
0.068983


