M_loss: 1, M_sym: 4300.0, M_power: 9000, M_bandwidth: 22.3872113856834
0.043020
0.037646
0.037617
0.035397
0.034147
0.031032
0.028315
0.024551
0.024232
0.021854
0.023882
0.021725
0.023782
0.025534
0.026891
0.029358
0.025766
0.027018
0.027711
0.024420
0.027945
0.027885
0.029648
0.029675
0.031421
0.029855
0.030466
0.030102
0.029048
0.030586
0.032002
0.034398
0.032532
0.034163
0.034242
0.034377
0.036151
0.034255
0.033033
0.035938
0.036776
0.036914
0.035832
0.037801
0.040416
0.039422
0.040506
0.040840
0.041021
0.040179
0.041285
0.039728
0.041928
0.043643
0.040963
0.044211
0.044017
0.046190
0.047695
0.046493
0.046326
0.047440
0.047114
0.049444
0.047326
0.049011
0.049706
0.050405
0.049247
0.050611
0.054354
0.052871
0.054509
0.053220
0.058455
0.053576
0.052578
0.055593
0.054864
0.059362
0.057698
0.058333
0.061291
0.063030
0.059081
0.059592
0.062683
0.063004
0.062797
0.064180
0.064358
0.063078
0.064193
0.065342
0.068995
0.068873
0.069181
0.069533
0.067651
0.067641
0.071779
0.072118
0.072752
0.075195
0.072374
0.074460
0.073533
0.073084
0.075576
0.078004
0.079139
0.078529
0.079948
0.079377
0.080998
0.080421
0.082161
0.081540
0.085447
0.082205
0.083829
0.086034
0.086061
0.086843
0.089114
0.088938
0.089695
0.088563
0.089416
0.091195
0.094301
0.093604
0.093387
0.095172
0.093551
0.095942
0.097953
0.097972
0.097845
0.101126
0.100160
0.099982
0.098735
0.101086
0.103289
0.104379
0.105768
0.105039
0.107696
0.106364
0.108642
0.107148
0.109717
0.111017
0.111220
0.112442
0.111654
0.112273
0.114437
0.113381
0.118198
0.117872
0.118803
0.117989
0.119580
0.120878
0.119477
0.121608
0.122154
0.123207
0.127654
0.125146
0.125700
0.126214
0.127971
0.129630
0.130044
0.133008
0.129768
0.131325
0.131570
0.134434
0.136524
0.133746
0.135999
0.139141
0.138834
0.141108
0.142760
0.142071
0.142995
0.142031
0.140759
0.143397
0.144317
0.147335
0.148094
0.152656
0.149141
0.151435
0.153199
0.153055
0.151430
0.153702
0.155251
0.156067
0.157528
0.156228
0.158683
0.162472
0.162886
0.163806
0.162527
0.161298
0.165874
0.164144
0.165759
0.168332
0.170801
0.170501
0.171176
0.172889
0.172602
0.174079
0.174856
0.175529
0.175055
0.179105
0.176430
0.179175
0.180877
0.183514
0.183345
0.182680
0.185946
0.186729
0.184614
0.187106
0.190696
0.189341
0.192594
0.191704
0.191105
0.195218
0.193838
0.194966
0.197354
0.198982
0.200086
0.198798
0.201909
0.204624
0.204126
0.205155
0.205477
0.204928
0.206583
0.208962
0.210530
0.211172
0.212173
0.212908
0.213873
0.214870
0.214459
0.217919
0.215653
0.220377
0.220825
0.223581
0.223751
0.225150
0.225774
0.225156
0.226653
0.227987
0.227987
0.230193
0.230005
0.232125
0.234765
0.235175
0.239014
0.238276
0.237701
0.238969
0.240258
0.239453
0.242459
0.242027
0.246603
0.248004
0.250354
0.247133
0.248381
0.249117
0.251120
0.251089
0.253345
0.254730
0.258068
0.258034
0.256005
0.260435
0.262014
0.262860
0.262844
0.263237
0.264972
0.265837
0.263563
0.268832
0.268271
0.271274
0.275034
0.271349
0.274047
0.276068
0.276718
0.276775
0.278785
0.278134
0.281558
0.281671
0.284470
0.280900
0.284916
0.285812
0.289153
0.287373
0.291238
0.292753
0.289456
0.292336
0.293185
0.296040
0.297405
0.295191
0.298543
0.300115
0.301315
0.302782
0.302689
0.306183
0.302680
0.306792
0.307569
0.306658
0.311121
0.309318
0.307606
0.316038
0.314126
0.318267
0.314823
0.319689
0.316100
0.321664
0.321284
0.320328
0.322936
0.321895
0.324113
0.324886
0.328139
0.330519
0.330721
0.327789
0.332741
0.334440
0.331425
0.335025
0.333590
0.335721
0.339512
0.340953
0.342208
0.343269
0.341418
0.342406
0.342842
0.345539
0.345601
0.346228
0.349396
0.349761
0.351585
0.352329
0.352213
0.353970
0.358040
0.354393
0.357180
0.358508
0.358661
0.358437
0.361697
0.360443
0.364443
0.365536
0.365067
0.366848
0.365663
0.368911
0.369760
0.372391
0.369873
0.371162
0.375426
0.375434
0.374737
0.376175
0.378071
0.377824
0.380995
0.379796
0.380753
0.379295
0.384849
0.386390
0.385562
0.386617
0.387977
0.389480
0.388536
0.390221
0.390840
0.391796
0.391561
0.396416
0.396101
0.397796
0.396709
0.395756
0.401424
0.398418
0.399796
0.400657
0.405108
0.402226
0.404770
0.404164
0.408543
0.408439
0.411178
0.409482
0.409286
0.409659
0.409885
0.414064
0.412892
0.416256
0.413871
0.415552
0.417684
0.420674
0.417007
0.420940
0.419582
0.423852
0.422548
0.426004
0.422787
0.425849
0.422178
0.427778
0.429413
0.426788
0.430268
0.431381
0.431053
0.429416
0.434866
0.432861
0.435608
0.438016
0.435232
0.434147
0.438080
0.436248
0.440576
0.440006
0.439907
0.442663
0.443445
0.444285
0.443542
0.444823
0.448175
0.444526
0.445946
0.443628
0.447793
0.448356
0.448651
0.448050
0.451300
0.451445
0.456029
0.456197
0.456092
0.457989
0.456624
0.453995
0.463594
0.459329
0.459872
0.457395
0.462821
0.460574
0.460273
0.459506
0.464376
0.459069
0.462919
0.463585
0.462508
0.466649
0.465072
0.464938
0.468886
0.466871
0.466707
0.468789
0.468766
0.468556
0.470465
0.470989
0.469478
0.474846
0.470781
0.472895
0.474801
0.475820
0.475589
0.477557
0.473035
0.475759
0.477179
0.479568
0.477631
0.479544
0.480825
0.478726
0.479851
0.481621
0.483268
0.483063
0.483081
0.484134
0.481597
0.485246
0.483532
0.485729
0.487106
0.487134
0.484012
0.486366
0.486624
0.490852
0.486507
0.488042
0.491258
0.489452
0.488922
0.489663
0.490821
0.493014
0.491372
0.493084
0.491158
0.489314
0.492109
0.493988
0.493360
0.496006
0.491053
0.495151
0.495447
0.495323
0.498400
0.494005
0.492591
0.496503
0.494381
0.496749
0.497242
0.497492
0.499548
0.496824
0.495917
0.496517
0.498527
0.500613
0.498706
0.498084
0.499728
0.497351
0.500206
0.499158
0.501209
0.498378
0.501583
0.499153
0.499012
0.499823
0.498070
0.502464
0.500784
0.502383
0.502405
0.501531
0.498877
0.500551
0.506360
0.496544
0.500379
0.498969
0.503229
0.506496
0.503357
0.500674
0.501993
0.497963
0.503378
0.498883
0.502807
0.503990
0.503605
0.503259
0.500107
0.499305
0.502418
0.503471
0.500632
0.503466
0.501478
0.501517
0.500800
0.502098
0.500963
0.500511
0.503201
0.500250
0.502111
0.499712
0.504043
0.499814
0.500310
0.501066
0.503497
0.500295
0.499994
0.499230
0.500252
0.496945
0.499003
0.500965
0.499997
0.500661
0.497604
0.499584
0.500338
0.495247
0.496835
0.503974
0.495923
0.492506
0.499318
0.499998
0.495853
0.497371
0.497332
0.493588
0.496075
0.492421
0.499512
0.496225
0.492183
0.494182
0.492371
0.497823
0.493357
0.493573
0.491141
0.496885
0.490087
0.486148
0.492344
0.491309
0.494209
0.489991
0.489260
0.490152
0.486771
0.489352
0.485948
0.495186
0.484550
0.487853
0.486888
0.487239
0.485440
0.485177
0.484248
0.482517
0.481838
0.481997
0.483645
0.487913
0.485995
0.480636
0.479807
0.474640
0.482948
0.478779
0.479443
0.479621
0.480492
0.477683
0.477085
0.478285
0.473976
0.475432
0.470250
0.472512
0.476305
0.477123
0.474298
0.473356
0.469328
0.472124
0.471209
0.467778
0.466777
0.468868
0.468642
0.468697
0.469690
0.463224
0.466620
0.463824
0.461412
0.463829
0.463977
0.461423
0.461935
0.466898
0.460400
0.456077
0.457976
0.458222
0.454853
0.455395
0.456528
0.458027
0.456124
0.456027
0.452401
0.447255
0.453531
0.447599
0.454067
0.449172
0.449195
0.450560
0.447846
0.446654
0.441290
0.444784
0.446376
0.444731
0.443275
0.441573
0.444082
0.434917
0.441785
0.438246
0.435376
0.441267
0.438948
0.432590
0.434207
0.435808
0.436506
0.425028
0.437303
0.427932
0.428728
0.429415
0.428835
0.429349
0.425257
0.421886
0.427613
0.423381
0.425135
0.424958
0.419869
0.415623
0.417175
0.418249
0.420048
0.418721
0.415909
0.416792
0.414443
0.410688
0.410225
0.414665
0.409713
0.408533
0.409801
0.405427
0.409180
0.407106
0.397644
0.405098
0.403153
0.406795
0.402708
0.396267
0.398901
0.400405
0.395892
0.396579
0.394067
0.393071
0.392552
0.387639
0.395567
0.388569
0.394009
0.388562
0.387460
0.384337
0.385813
0.381094
0.382376
0.386679
0.381332
0.377253
0.375890
0.381127
0.377645
0.380075
0.371940
0.373806
0.370338
0.371534
0.373323
0.368161
0.369066
0.368697
0.363324
0.368743
0.364836
0.363968
0.357757
0.363340
0.363396
0.357041
0.357600
0.357611
0.354772
0.355869
0.352733
0.353795
0.352857
0.352506
0.349410
0.346361
0.349440
0.346572
0.343735
0.343772
0.341576
0.340526
0.341351
0.340721
0.335829
0.338147
0.340450
0.340612
0.332152
0.329717
0.332760
0.328499
0.329600
0.329381
0.327344
0.329307
0.324800
0.325113
0.322961
0.321044
0.321066
0.324487
0.313011
0.320407
0.317388
0.311724
0.313974
0.315088
0.311185
0.310620
0.309378
0.308299
0.312167
0.301819
0.308263
0.305577
0.304842
0.296118
0.301330
0.302346
0.295940
0.296541
0.299025
0.294480
0.293054
0.295518
0.298339
0.290749
0.284708
0.287985
0.284846
0.285679
0.287169
0.281350
0.285790
0.280397
0.284048
0.283740
0.277618
0.278120
0.275505
0.275128
0.273223
0.269000
0.272108
0.273934
0.273429
0.267740
0.263807
0.270052
0.268737
0.260986
0.259816
0.260007
0.265534
0.259617
0.262223
0.257114
0.252664
0.260856
0.251544
0.253599
0.254214
0.254991
0.249300
0.248995
0.245226
0.243553
0.249362
0.243436
0.244602
0.247729
0.239587
0.240895
0.236250
0.242361
0.241318
0.233023
0.234169
0.232696
0.235172
0.235761
0.229815
0.229997
0.229643
0.226126
0.228343
0.225733
0.228365
0.225430
0.222918
0.216551
0.223762
0.223936
0.215442
0.214136
0.222909
0.214720
0.221668
0.214147
0.210398
0.210821
0.212004
0.211800
0.208543
0.203137
0.210406
0.205169
0.209749
0.199887
0.200328
0.203806
0.205244
0.204546
0.200586
0.198559
0.198300
0.197120
0.194800
0.194343
0.198120
0.190588
0.196202
0.191180
0.189908
0.190883
0.194190
0.187355
0.187138
0.185342
0.185584
0.186761
0.183462
0.184206
0.182049
0.175723
0.181532
0.183423
0.178353
0.176459
0.178885
0.176100
0.175940
0.173486
0.172953
0.172715
0.173474
0.171182
0.171693
0.169525
0.167550
0.170690
0.168017
0.164963
0.165874
0.165304
0.161716
0.160859
0.168530
0.165059
0.163721
0.160737
0.160237
0.162063
0.154958
0.158917
0.159691
0.155200
0.156359
0.157775
0.156844
0.151124
0.151457
0.153573
0.151355
0.152749
0.152998
0.153593
0.150359
0.147457
0.150710
0.147734
0.146029
0.142201
0.147476
0.145141
0.150786
0.145035
0.141651
0.143955
0.145902
0.136768
0.143450
0.142340
0.139320
0.141848
0.139002
0.137743
0.138830
0.137049
0.141434
0.137350
0.135905
0.132495
0.136141
0.134654
0.134989
0.136642
0.133844
0.135124
0.128980
0.133421
0.127757
0.132935
0.133642
0.134302
0.130871
0.131732
0.131886
0.120131
0.122143
0.130272
0.134262
0.129584
0.127031
0.126719
0.131142
0.119570
0.126662
0.128470
0.121761
0.131887
0.121640
0.123321
0.121814
0.127931
0.126741
0.120332
0.126245
0.122879
0.116854
0.126180
0.123981
0.121140
0.121079
0.119848
0.124311
0.119029
0.123352
0.124401
0.123462
0.115047
0.122213
0.116454
0.122144
0.118473
0.126489
0.116185
0.117717
0.120701
0.121181
0.115282
0.121839
0.124787
0.117928
0.115978
0.121107
0.116659
0.122835
0.118670
0.121890
0.112533
0.120293
0.119443
0.123086
0.113451
0.119680
0.120702
0.123174
0.119524
0.114795
0.121168
0.121200
0.118716
0.117702
0.119338
0.118506
0.120049
0.117221
0.122917
0.124651
0.115850
0.117952
0.123901
0.123849
0.120858
0.117881
0.120633
0.119054
0.121737
0.124792
0.121931
0.118868
0.125731
0.118994
0.126234
0.121037
0.123655
0.123627
0.122249
0.128048
0.116693
0.130568
0.120358
0.128350
0.125427
0.122394
0.120910
0.131257
0.125578
0.132078
0.125614
0.125013
0.128860
0.132050
0.127425
0.121699
0.133790
0.131214
0.126372
0.134201
0.130653
0.129913
0.133753
0.134371
0.130913
0.130589
0.134666
0.128456
0.138534
0.136512
0.135290
0.139177
0.136678
0.136200
0.134793
0.132924
0.141306
0.148298
0.137885
0.135321
0.136243
0.144652
0.141780
0.144046
0.143384
0.154272
0.139276
0.140640
0.142008
0.147455
0.152333
0.147581
0.149887
0.140708
0.148515
0.155582
0.155088
0.145757
0.152761
0.150392
0.158774
0.156690
0.154745
0.152134
0.153977
0.154127
0.165396
0.160519
0.157376
0.161707
0.156338
0.163557
0.166930
0.162595
0.169548
0.157369
0.165888
0.173893
0.170479
0.167038
0.163296
0.169677
0.176552
0.172495
0.175135
0.175636
0.167192
0.176144
0.180104
0.174891
0.180431
0.174799
0.186814
0.179249
0.183452
0.183111
0.186478
0.186394
0.186161
0.182850
0.183418
0.189772
0.192104
0.195440
0.196379
0.188662
0.195037
0.194467
0.196626
0.195080
0.199141
0.200957
0.200820
0.201681
0.201088
0.202109
0.208417
0.199349
0.212675
0.204195
0.214291
0.205625
0.212570
0.211976
0.216282
0.216087
0.212972
0.217606
0.217192
0.218160
0.221416
0.224795
0.224240
0.216710
0.225021
0.228683
0.226785
0.231082
0.223733
0.233777
0.233749
0.240684
0.226261
0.234448
0.235828
0.238337
0.240530
0.243011
0.243690
0.236842
0.244716
0.247927
0.246675
0.252124
0.244633
0.244341
0.255310
0.254058
0.254444
0.252987
0.260527
0.256169
0.259872
0.261701
0.261366
0.261470
0.262595
0.265105
0.268617
0.267639
0.272983
0.268566
0.279435
0.270359
0.272377
0.274090
0.281571
0.272314
0.285363
0.288252
0.283492
0.277833
0.285119
0.288280
0.285201
0.295758
0.288548
0.295723
0.295501
0.293260
0.294426
0.300439
0.296708
0.300641
0.306538
0.303245
0.304977
0.304288
0.310624
0.310900
0.308953
0.313111
0.310513
0.318668
0.311031
0.317429
0.321112
0.319178
0.327063
0.323531
0.324557
0.322945
0.332895
0.322054
0.333318
0.334145
0.333098
0.337385
0.333439
0.332086
0.340008
0.346730
0.344403
0.339248
0.348146
0.348342
0.339717
0.349920
0.357772
0.351379
0.351400
0.353177
0.357732
0.359623
0.356334
0.362107
0.366516
0.368665
0.362023
0.368885
0.366417
0.364523
0.373151
0.374620
0.380451
0.373620
0.376526
0.382558
0.374150
0.384902
0.385130
0.384123
0.382238
0.391720
0.386998
0.394223
0.393130
0.391868
0.394197
0.395505
0.400450
0.401623
0.397684
0.411110
0.402299
0.400235
0.407772
0.409555
0.409297
0.409678
0.412884
0.418142
0.413807
0.419555
0.421849
0.416038
0.423524
0.424565
0.421603
0.427686
0.428320
0.430600
0.433105
0.429686
0.436855
0.437012
0.431227
0.440314
0.439023
0.443609
0.441912
0.441291
0.448434
0.447098
0.447108
0.447914
0.454180
0.453534
0.458503
0.456358
0.457887
0.450506
0.459060
0.462421
0.465735
0.467764
0.463288
0.467369
0.470437
0.468238
0.469434
0.474813
0.474530
0.474112
0.478702
0.483082
0.478894
0.481909
0.482114
0.482732
0.485427
0.493676
0.486701
0.484790
0.488317
0.495702
0.499658
0.491452
0.504446
0.493985
0.500804
0.504295
0.496116
0.498793
0.503880
0.512354
0.509742
0.511418
0.512904
0.513429
0.510406
0.511514
0.511290
0.522276
0.522372
0.516609
0.522545
0.518295
0.530219
0.519749
0.525953
0.533205
0.522983
0.532381
0.530413
0.533310
0.536706
0.536552
0.535063
0.534646
0.542506
0.537328
0.546062
0.544893
0.539027
0.551210
0.547424
0.543202
0.550215
0.549266
0.551789
0.557450
0.554298
0.550347
0.559231
0.557591
0.559674
0.560232
0.563423
0.559332
0.565273
0.569409
0.562839
0.564701
0.566133
0.568163
0.578159
0.569802
0.576056
0.575819
0.569496
0.580506
0.578561
0.572874
0.577973
0.585514
0.576929
0.586863
0.584044
0.581506
0.589026
0.586980
0.585709
0.591444
0.592694
0.592957
0.591938
0.585596
0.595146
0.593163
0.595268
0.601956
0.598678
0.600444
0.601935
0.603090
0.601923
0.598991
0.599838
0.608920
0.604403
0.605880
0.608719
0.610125
0.608797
0.609551
0.613827
0.612177
0.618201
0.610835
0.612961
0.617316
0.614573
0.618645
0.620836
0.613513
0.621968
0.625587
0.622897
0.618925
0.628931
0.617639
0.626993
0.624220
0.625865
0.633447
0.624017
0.631292
0.630701
0.632331
0.625725
0.629197
0.634700
0.633351
0.635542
0.633052
0.643951
0.629692
0.634013
0.636285
0.641387
0.636035
0.641369
0.642483
0.645776
0.641533
0.632175
0.642460
0.646219
0.643339
0.644346
0.644366
0.650741
0.651358
0.638302
0.646966
0.654340
0.647207
0.647105
0.648490
0.645141
0.654194
0.656087
0.650862
0.650713
0.651438
0.647634
0.655229
0.661559
0.655105
0.649487
0.653513
0.654538
0.658032
0.659750
0.659229
0.649444
0.657669
0.652861
0.664840
0.660320
0.662248
0.658581
0.657156
0.659391
0.651173
0.664217
0.665339
0.661555
0.665108
0.663023
0.653335
0.661767
0.665955
0.661699
0.659259
0.661465
0.663463
0.670660
0.669248
0.662214
0.658166
0.663406
0.666804
0.661207
0.663117
0.672633
0.668180
0.661920
0.667659
0.657663
0.664959
0.666634
0.666271
0.664844
0.669348
0.668563
0.666551
0.664315
0.664890
0.665256
0.662856
0.670350
0.663218
0.670350
0.662856
0.665256
0.664890
0.664315
0.666551
0.668563
0.669348
0.664844
0.666271
0.666634
0.664959
0.657663
0.667659
0.661920
0.668180
0.672633
0.663117
0.661207
0.666804
0.663406
0.658166
0.662214
0.669248
0.670660
0.663463
0.661465
0.659259
0.661699
0.665955
0.661767
0.653335
0.663023
0.665108
0.661555
0.665339
0.664217
0.651173
0.659391
0.657156
0.658581
0.662248
0.660320
0.664840
0.652861
0.657669
0.649444
0.659229
0.659750
0.658032
0.654538
0.653513
0.649487
0.655105
0.661559
0.655229
0.647634
0.651438
0.650713
0.650862
0.656087
0.654194
0.645141
0.648490
0.647105
0.647207
0.654340
0.646966
0.638302
0.651358
0.650741
0.644366
0.644346
0.643339
0.646219
0.642460
0.632175
0.641533
0.645776
0.642483
0.641369
0.636035
0.641387
0.636285
0.634013
0.629692
0.643951
0.633052
0.635542
0.633351
0.634700
0.629197
0.625725
0.632331
0.630701
0.631292
0.624017
0.633447
0.625865
0.624220
0.626993
0.617639
0.628931
0.618925
0.622897
0.625587
0.621968
0.613513
0.620836
0.618645
0.614573
0.617316
0.612961
0.610835
0.618201
0.612177
0.613827
0.609551
0.608797
0.610125
0.608719
0.605880
0.604403
0.608920
0.599838
0.598991
0.601923
0.603090
0.601935
0.600444
0.598678
0.601956
0.595268
0.593163
0.595146
0.585596
0.591938
0.592957
0.592694
0.591444
0.585709
0.586980
0.589026
0.581506
0.584044
0.586863
0.576929
0.585514
0.577973
0.572874
0.578561
0.580506
0.569496
0.575819
0.576056
0.569802
0.578159
0.568163
0.566133
0.564701
0.562839
0.569409
0.565273
0.559332
0.563423
0.560232
0.559674
0.557591
0.559231
0.550347
0.554298
0.557450
0.551789
0.549266
0.550215
0.543202
0.547424
0.551210
0.539027
0.544893
0.546062
0.537328
0.542506
0.534646
0.535063
0.536552
0.536706
0.533310
0.530413
0.532381
0.522983
0.533205
0.525953
0.519749
0.530219
0.518295
0.522545
0.516609
0.522372
0.522276
0.511290
0.511514
0.510406
0.513429
0.512904
0.511418
0.509742
0.512354
0.503880
0.498793
0.496116
0.504295
0.500804
0.493985
0.504446
0.491452
0.499658
0.495702
0.488317
0.484790
0.486701
0.493676
0.485427
0.482732
0.482114
0.481909
0.478894
0.483082
0.478702
0.474112
0.474530
0.474813
0.469434
0.468238
0.470437
0.467369
0.463288
0.467764
0.465735
0.462421
0.459060
0.450506
0.457887
0.456358
0.458503
0.453534
0.454180
0.447914
0.447108
0.447098
0.448434
0.441291
0.441912
0.443609
0.439023
0.440314
0.431227
0.437012
0.436855
0.429686
0.433105
0.430600
0.428320
0.427686
0.421603
0.424565
0.423524
0.416038
0.421849
0.419555
0.413807
0.418142
0.412884
0.409678
0.409297
0.409555
0.407772
0.400235
0.402299
0.411110
0.397684
0.401623
0.400450
0.395505
0.394197
0.391868
0.393130
0.394223
0.386998
0.391720
0.382238
0.384123
0.385130
0.384902
0.374150
0.382558
0.376526
0.373620
0.380451
0.374620
0.373151
0.364523
0.366417
0.368885
0.362023
0.368665
0.366516
0.362107
0.356334
0.359623
0.357732
0.353177
0.351400
0.351379
0.357772
0.349920
0.339717
0.348342
0.348146
0.339248
0.344403
0.346730
0.340008
0.332086
0.333439
0.337385
0.333098
0.334145
0.333318
0.322054
0.332895
0.322945
0.324557
0.323531
0.327063
0.319178
0.321112
0.317429
0.311031
0.318668
0.310513
0.313111
0.308953
0.310900
0.310624
0.304288
0.304977
0.303245
0.306538
0.300641
0.296708
0.300439
0.294426
0.293260
0.295501
0.295723
0.288548
0.295758
0.285201
0.288280
0.285119
0.277833
0.283492
0.288252
0.285363
0.272314
0.281571
0.274090
0.272377
0.270359
0.279435
0.268566
0.272983
0.267639
0.268617
0.265105
0.262595
0.261470
0.261366
0.261701
0.259872
0.256169
0.260527
0.252987
0.254444
0.254058
0.255310
0.244341
0.244633
0.252124
0.246675
0.247927
0.244716
0.236842
0.243690
0.243011
0.240530
0.238337
0.235828
0.234448
0.226261
0.240684
0.233749
0.233777
0.223733
0.231082
0.226785
0.228683
0.225021
0.216710
0.224240
0.224795
0.221416
0.218160
0.217192
0.217606
0.212972
0.216087
0.216282
0.211976
0.212570
0.205625
0.214291
0.204195
0.212675
0.199349
0.208417
0.202109
0.201088
0.201681
0.200820
0.200957
0.199141
0.195080
0.196626
0.194467
0.195037
0.188662
0.196379
0.195440
0.192104
0.189772
0.183418
0.182850
0.186161
0.186394
0.186478
0.183111
0.183452
0.179249
0.186814
0.174799
0.180431
0.174891
0.180104
0.176144
0.167192
0.175636
0.175135
0.172495
0.176552
0.169677
0.163296
0.167038
0.170479
0.173893
0.165888
0.157369
0.169548
0.162595
0.166930
0.163557
0.156338
0.161707
0.157376
0.160519
0.165396
0.154127
0.153977
0.152134
0.154745
0.156690
0.158774
0.150392
0.152761
0.145757
0.155088
0.155582
0.148515
0.140708
0.149887
0.147581
0.152333
0.147455
0.142008
0.140640
0.139276
0.154272
0.143384
0.144046
0.141780
0.144652
0.136243
0.135321
0.137885
0.148298
0.141306
0.132924
0.134793
0.136200
0.136678
0.139177
0.135290
0.136512
0.138534
0.128456
0.134666
0.130589
0.130913
0.134371
0.133753
0.129913
0.130653
0.134201
0.126372
0.131214
0.133790
0.121699
0.127425
0.132050
0.128860
0.125013
0.125614
0.132078
0.125578
0.131257
0.120910
0.122394
0.125427
0.128350
0.120358
0.130568
0.116693
0.128048
0.122249
0.123627
0.123655
0.121037
0.126234
0.118994
0.125731
0.118868
0.121931
0.124792
0.121737
0.119054
0.120633
0.117881
0.120858
0.123849
0.123901
0.117952
0.115850
0.124651
0.122917
0.117221
0.120049
0.118506
0.119338
0.117702
0.118716
0.121200
0.121168
0.114795
0.119524
0.123174
0.120702
0.119680
0.113451
0.123086
0.119443
0.120293
0.112533
0.121890
0.118670
0.122835
0.116659
0.121107
0.115978
0.117928
0.124787
0.121839
0.115282
0.121181
0.120701
0.117717
0.116185
0.126489
0.118473
0.122144
0.116454
0.122213
0.115047
0.123462
0.124401
0.123352
0.119029
0.124311
0.119848
0.121079
0.121140
0.123981
0.126180
0.116854
0.122879
0.126245
0.120332
0.126741
0.127931
0.121814
0.123321
0.121640
0.131887
0.121761
0.128470
0.126662
0.119570
0.131142
0.126719
0.127031
0.129584
0.134262
0.130272
0.122143
0.120131
0.131886
0.131732
0.130871
0.134302
0.133642
0.132935
0.127757
0.133421
0.128980
0.135124
0.133844
0.136642
0.134989
0.134654
0.136141
0.132495
0.135905
0.137350
0.141434
0.137049
0.138830
0.137743
0.139002
0.141848
0.139320
0.142340
0.143450
0.136768
0.145902
0.143955
0.141651
0.145035
0.150786
0.145141
0.147476
0.142201
0.146029
0.147734
0.150710
0.147457
0.150359
0.153593
0.152998
0.152749
0.151355
0.153573
0.151457
0.151124
0.156844
0.157775
0.156359
0.155200
0.159691
0.158917
0.154958
0.162063
0.160237
0.160737
0.163721
0.165059
0.168530
0.160859
0.161716
0.165304
0.165874
0.164963
0.168017
0.170690
0.167550
0.169525
0.171693
0.171182
0.173474
0.172715
0.172953
0.173486
0.175940
0.176100
0.178885
0.176459
0.178353
0.183423
0.181532
0.175723
0.182049
0.184206
0.183462
0.186761
0.185584
0.185342
0.187138
0.187355
0.194190
0.190883
0.189908
0.191180
0.196202
0.190588
0.198120
0.194343
0.194800
0.197120
0.198300
0.198559
0.200586
0.204546
0.205244
0.203806
0.200328
0.199887
0.209749
0.205169
0.210406
0.203137
0.208543
0.211800
0.212004
0.210821
0.210398
0.214147
0.221668
0.214720
0.222909
0.214136
0.215442
0.223936
0.223762
0.216551
0.222918
0.225430
0.228365
0.225733
0.228343
0.226126
0.229643
0.229997
0.229815
0.235761
0.235172
0.232696
0.234169
0.233023
0.241318
0.242361
0.236250
0.240895
0.239587
0.247729
0.244602
0.243436
0.249362
0.243553
0.245226
0.248995
0.249300
0.254991
0.254214
0.253599
0.251544
0.260856
0.252664
0.257114
0.262223
0.259617
0.265534
0.260007
0.259816
0.260986
0.268737
0.270052
0.263807
0.267740
0.273429
0.273934
0.272108
0.269000
0.273223
0.275128
0.275505
0.278120
0.277618
0.283740
0.284048
0.280397
0.285790
0.281350
0.287169
0.285679
0.284846
0.287985
0.284708
0.290749
0.298339
0.295518
0.293054
0.294480
0.299025
0.296541
0.295940
0.302346
0.301330
0.296118
0.304842
0.305577
0.308263
0.301819
0.312167
0.308299
0.309378
0.310620
0.311185
0.315088
0.313974
0.311724
0.317388
0.320407
0.313011
0.324487
0.321066
0.321044
0.322961
0.325113
0.324800
0.329307
0.327344
0.329381
0.329600
0.328499
0.332760
0.329717
0.332152
0.340612
0.340450
0.338147
0.335829
0.340721
0.341351
0.340526
0.341576
0.343772
0.343735
0.346572
0.349440
0.346361
0.349410
0.352506
0.352857
0.353795
0.352733
0.355869
0.354772
0.357611
0.357600
0.357041
0.363396
0.363340
0.357757
0.363968
0.364836
0.368743
0.363324
0.368697
0.369066
0.368161
0.373323
0.371534
0.370338
0.373806
0.371940
0.380075
0.377645
0.381127
0.375890
0.377253
0.381332
0.386679
0.382376
0.381094
0.385813
0.384337
0.387460
0.388562
0.394009
0.388569
0.395567
0.387639
0.392552
0.393071
0.394067
0.396579
0.395892
0.400405
0.398901
0.396267
0.402708
0.406795
0.403153
0.405098
0.397644
0.407106
0.409180
0.405427
0.409801
0.408533
0.409713
0.414665
0.410225
0.410688
0.414443
0.416792
0.415909
0.418721
0.420048
0.418249
0.417175
0.415623
0.419869
0.424958
0.425135
0.423381
0.427613
0.421886
0.425257
0.429349
0.428835
0.429415
0.428728
0.427932
0.437303
0.425028
0.436506
0.435808
0.434207
0.432590
0.438948
0.441267
0.435376
0.438246
0.441785
0.434917
0.444082
0.441573
0.443275
0.444731
0.446376
0.444784
0.441290
0.446654
0.447846
0.450560
0.449195
0.449172
0.454067
0.447599
0.453531
0.447255
0.452401
0.456027
0.456124
0.458027
0.456528
0.455395
0.454853
0.458222
0.457976
0.456077
0.460400
0.466898
0.461935
0.461423
0.463977
0.463829
0.461412
0.463824
0.466620
0.463224
0.469690
0.468697
0.468642
0.468868
0.466777
0.467778
0.471209
0.472124
0.469328
0.473356
0.474298
0.477123
0.476305
0.472512
0.470250
0.475432
0.473976
0.478285
0.477085
0.477683
0.480492
0.479621
0.479443
0.478779
0.482948
0.474640
0.479807
0.480636
0.485995
0.487913
0.483645
0.481997
0.481838
0.482517
0.484248
0.485177
0.485440
0.487239
0.486888
0.487853
0.484550
0.495186
0.485948
0.489352
0.486771
0.490152
0.489260
0.489991
0.494209
0.491309
0.492344
0.486148
0.490087
0.496885
0.491141
0.493573
0.493357
0.497823
0.492371
0.494182
0.492183
0.496225
0.499512
0.492421
0.496075
0.493588
0.497332
0.497371
0.495853
0.499998
0.499318
0.492506
0.495923
0.503974
0.496835
0.495247
0.500338
0.499584
0.497604
0.500661
0.499997
0.500965
0.499003
0.496945
0.500252
0.499230
0.499994
0.500295
0.503497
0.501066
0.500310
0.499814
0.504043
0.499712
0.502111
0.500250
0.503201
0.500511
0.500963
0.502098
0.500800
0.501517
0.501478
0.503466
0.500632
0.503471
0.502418
0.499305
0.500107
0.503259
0.503605
0.503990
0.502807
0.498883
0.503378
0.497963
0.501993
0.500674
0.503357
0.506496
0.503229
0.498969
0.500379
0.496544
0.506360
0.500551
0.498877
0.501531
0.502405
0.502383
0.500784
0.502464
0.498070
0.499823
0.499012
0.499153
0.501583
0.498378
0.501209
0.499158
0.500206
0.497351
0.499728
0.498084
0.498706
0.500613
0.498527
0.496517
0.495917
0.496824
0.499548
0.497492
0.497242
0.496749
0.494381
0.496503
0.492591
0.494005
0.498400
0.495323
0.495447
0.495151
0.491053
0.496006
0.493360
0.493988
0.492109
0.489314
0.491158
0.493084
0.491372
0.493014
0.490821
0.489663
0.488922
0.489452
0.491258
0.488042
0.486507
0.490852
0.486624
0.486366
0.484012
0.487134
0.487106
0.485729
0.483532
0.485246
0.481597
0.484134
0.483081
0.483063
0.483268
0.481621
0.479851
0.478726
0.480825
0.479544
0.477631
0.479568
0.477179
0.475759
0.473035
0.477557
0.475589
0.475820
0.474801
0.472895
0.470781
0.474846
0.469478
0.470989
0.470465
0.468556
0.468766
0.468789
0.466707
0.466871
0.468886
0.464938
0.465072
0.466649
0.462508
0.463585
0.462919
0.459069
0.464376
0.459506
0.460273
0.460574
0.462821
0.457395
0.459872
0.459329
0.463594
0.453995
0.456624
0.457989
0.456092
0.456197
0.456029
0.451445
0.451300
0.448050
0.448651
0.448356
0.447793
0.443628
0.445946
0.444526
0.448175
0.444823
0.443542
0.444285
0.443445
0.442663
0.439907
0.440006
0.440576
0.436248
0.438080
0.434147
0.435232
0.438016
0.435608
0.432861
0.434866
0.429416
0.431053
0.431381
0.430268
0.426788
0.429413
0.427778
0.422178
0.425849
0.422787
0.426004
0.422548
0.423852
0.419582
0.420940
0.417007
0.420674
0.417684
0.415552
0.413871
0.416256
0.412892
0.414064
0.409885
0.409659
0.409286
0.409482
0.411178
0.408439
0.408543
0.404164
0.404770
0.402226
0.405108
0.400657
0.399796
0.398418
0.401424
0.395756
0.396709
0.397796
0.396101
0.396416
0.391561
0.391796
0.390840
0.390221
0.388536
0.389480
0.387977
0.386617
0.385562
0.386390
0.384849
0.379295
0.380753
0.379796
0.380995
0.377824
0.378071
0.376175
0.374737
0.375434
0.375426
0.371162
0.369873
0.372391
0.369760
0.368911
0.365663
0.366848
0.365067
0.365536
0.364443
0.360443
0.361697
0.358437
0.358661
0.358508
0.357180
0.354393
0.358040
0.353970
0.352213
0.352329
0.351585
0.349761
0.349396
0.346228
0.345601
0.345539
0.342842
0.342406
0.341418
0.343269
0.342208
0.340953
0.339512
0.335721
0.333590
0.335025
0.331425
0.334440
0.332741
0.327789
0.330721
0.330519
0.328139
0.324886
0.324113
0.321895
0.322936
0.320328
0.321284
0.321664
0.316100
0.319689
0.314823
0.318267
0.314126
0.316038
0.307606
0.309318
0.311121
0.306658
0.307569
0.306792
0.302680
0.306183
0.302689
0.302782
0.301315
0.300115
0.298543
0.295191
0.297405
0.296040
0.293185
0.292336
0.289456
0.292753
0.291238
0.287373
0.289153
0.285812
0.284916
0.280900
0.284470
0.281671
0.281558
0.278134
0.278785
0.276775
0.276718
0.276068
0.274047
0.271349
0.275034
0.271274
0.268271
0.268832
0.263563
0.265837
0.264972
0.263237
0.262844
0.262860
0.262014
0.260435
0.256005
0.258034
0.258068
0.254730
0.253345
0.251089
0.251120
0.249117
0.248381
0.247133
0.250354
0.248004
0.246603
0.242027
0.242459
0.239453
0.240258
0.238969
0.237701
0.238276
0.239014
0.235175
0.234765
0.232125
0.230005
0.230193
0.227987
0.227987
0.226653
0.225156
0.225774
0.225150
0.223751
0.223581
0.220825
0.220377
0.215653
0.217919
0.214459
0.214870
0.213873
0.212908
0.212173
0.211172
0.210530
0.208962
0.206583
0.204928
0.205477
0.205155
0.204126
0.204624
0.201909
0.198798
0.200086
0.198982
0.197354
0.194966
0.193838
0.195218
0.191105
0.191704
0.192594
0.189341
0.190696
0.187106
0.184614
0.186729
0.185946
0.182680
0.183345
0.183514
0.180877
0.179175
0.176430
0.179105
0.175055
0.175529
0.174856
0.174079
0.172602
0.172889
0.171176
0.170501
0.170801
0.168332
0.165759
0.164144
0.165874
0.161298
0.162527
0.163806
0.162886
0.162472
0.158683
0.156228
0.157528
0.156067
0.155251
0.153702
0.151430
0.153055
0.153199
0.151435
0.149141
0.152656
0.148094
0.147335
0.144317
0.143397
0.140759
0.142031
0.142995
0.142071
0.142760
0.141108
0.138834
0.139141
0.135999
0.133746
0.136524
0.134434
0.131570
0.131325
0.129768
0.133008
0.130044
0.129630
0.127971
0.126214
0.125700
0.125146
0.127654
0.123207
0.122154
0.121608
0.119477
0.120878
0.119580
0.117989
0.118803
0.117872
0.118198
0.113381
0.114437
0.112273
0.111654
0.112442
0.111220
0.111017
0.109717
0.107148
0.108642
0.106364
0.107696
0.105039
0.105768
0.104379
0.103289
0.101086
0.098735
0.099982
0.100160
0.101126
0.097845
0.097972
0.097953
0.095942
0.093551
0.095172
0.093387
0.093604
0.094301
0.091195
0.089416
0.088563
0.089695
0.088938
0.089114
0.086843
0.086061
0.086034
0.083829
0.082205
0.085447
0.081540
0.082161
0.080421
0.080998
0.079377
0.079948
0.078529
0.079139
0.078004
0.075576
0.073084
0.073533
0.074460
0.072374
0.075195
0.072752
0.072118
0.071779
0.067641
0.067651
0.069533
0.069181
0.068873
0.068995
0.065342
0.064193
0.063078
0.064358
0.064180
0.062797
0.063004
0.062683
0.059592
0.059081
0.063030
0.061291
0.058333
0.057698
0.059362
0.054864
0.055593
0.052578
0.053576
0.058455
0.053220
0.054509
0.052871
0.054354
0.050611
0.049247
0.050405
0.049706
0.049011
0.047326
0.049444
0.047114
0.047440
0.046326
0.046493
0.047695
0.046190
0.044017
0.044211
0.040963
0.043643
0.041928
0.039728
0.041285
0.040179
0.041021
0.040840
0.040506
0.039422
0.040416
0.037801
0.035832
0.036914
0.036776
0.035938
0.033033
0.034255
0.036151
0.034377
0.034242
0.034163
0.032532
0.034398
0.032002
0.030586
0.029048
0.030102
0.030466
0.029855
0.031421
0.029675
0.029648
0.027885
0.027945
0.024420
0.027711
0.027018
0.025766
0.029358
0.026891
0.025534
0.023782
0.021725
0.023882
0.021854
0.024232
0.024551
0.028315
0.031032
0.034147
0.035397
0.037617
0.037646
0.043020


