M_loss: 1, M_sym: 4300.0, M_power: 9000, M_bandwidth: 22.3872113856834
0.001091
0.000789
0.000482
0.002644
0.001348
0.000271
-0.001236
-0.003087
0.002392
-0.000581
0.002664
0.000287
0.001975
-0.001336
-0.000117
0.001730
0.001541
-0.002478
-0.000079
0.000919
0.005205
0.000456
-0.002918
0.002902
-0.000200
-0.000786
0.000721
0.003395
-0.002082
-0.000886
-0.001557
0.005714
-0.001276
-0.000569
0.001142
0.000084
0.001180
0.002624
-0.001864
0.001820
0.002060
0.003176
-0.002266
0.004108
0.001257
0.000859
0.002951
0.003693
-0.001292
0.002942
-0.000420
0.000467
0.000596
0.000479
0.000416
0.001953
0.000493
0.003328
0.003385
-0.002291
0.002092
0.001001
-0.000920
0.003506
0.002224
-0.001038
0.002320
0.001512
-0.000156
0.001471
-0.000356
0.001123
-0.001842
-0.000443
0.000478
0.002063
0.000851
0.001471
0.000869
-0.000308
0.000779
0.000350
0.000103
0.001928
-0.000295
-0.003105
-0.001829
0.001629
0.001751
0.001193
-0.000996
-0.002062
-0.001751
0.001374
-0.000317
0.001427
-0.002125
0.000928
0.002677
-0.001568
-0.001674
0.001191
-0.001098
-0.000138
-0.002150
0.002397
0.001454
-0.001886
-0.000364
-0.006309
-0.001586
0.001620
0.000961
0.001091
-0.002326
0.000717
0.000795
-0.001946
0.002277
0.002559
0.000507
0.000959
0.000114
-0.000658
0.003732
0.000504
-0.003473
-0.000919
0.000250
-0.000479
0.002450
-0.000671
0.000941
-0.003318
-0.002294
0.001598
0.001194
0.002002
0.000807
0.001266
-0.001626
0.003019
0.001685
0.000601
-0.001406
0.000128
0.000214
-0.001277
0.001836
0.002780
-0.001455
0.000125
0.000352
0.000441
-0.000098
0.000741
-0.000252
0.000557
-0.001509
0.002296
-0.003072
0.001979
-0.001173
-0.001204
-0.002582
-0.000962
0.002048
0.001350
0.000196
-0.001119
0.004104
-0.000315
0.000356
0.000166
-0.000362
-0.001022
-0.002247
0.002395
0.000990
-0.001978
0.001728
-0.002957
0.003744
-0.002698
0.000023
-0.000931
0.001209
-0.004353
0.001121
-0.002911
0.000044
0.000642
0.000925
-0.002823
0.003320
-0.004156
0.000548
0.002699
-0.002589
-0.002062
0.001825
0.002182
0.000818
0.000040
-0.001089
-0.001523
0.001796
0.000362
-0.000871
-0.001929
0.001215
0.000359
0.000625
0.000127
-0.002914
-0.001856
0.000666
0.004373
0.000583
0.002271
0.000737
-0.001153
0.000264
0.001923
0.000280
0.001778
0.002456
0.000424
-0.001066
-0.003307
-0.002983
0.000548
-0.000480
0.000021
0.002273
-0.000666
-0.003036
-0.001221
0.001599
-0.003281
0.001582
-0.001032
-0.002923
-0.001349
0.003399
0.000179
0.000726
-0.000008
-0.000723
-0.002425
0.001732
0.001235
-0.001524
0.002879
-0.000184
-0.000495
-0.000110
-0.001790
-0.003710
0.000106
-0.001003
-0.000552
0.002392
0.001502
0.002659
-0.001038
0.000026
-0.000241
0.001249
0.004442
-0.001784
0.000112
-0.003314
0.000448
0.003153
0.000555
-0.004921
0.000299
0.003478
0.000209
0.002858
-0.000511
-0.001749
-0.000881
0.000905
-0.000479
0.001307
-0.001496
-0.000896
0.000366
0.004359
0.000695
0.002636
-0.001754
0.003610
0.000158
-0.002757
-0.000866
0.001204
-0.001270
-0.000381
0.000431
-0.000868
-0.003338
0.001433
-0.001574
0.000741
0.001669
-0.002493
0.000531
-0.001643
0.000259
-0.000408
-0.006007
-0.004562
0.001672
-0.003529
0.000618
-0.001002
0.002967
-0.000871
-0.003849
0.000450
-0.000848
-0.001125
-0.004589
0.001359
0.001513
-0.001716
0.001864
0.000708
-0.001324
-0.000187
-0.002356
-0.003843
0.005664
0.000598
-0.002277
-0.001856
-0.002660
0.000698
0.000856
-0.000403
-0.003026
-0.003175
-0.000763
0.000108
0.002603
0.001293
0.000587
-0.004919
-0.003686
0.000794
-0.000737
-0.000161
-0.000573
-0.003098
0.002542
0.001261
-0.001232
0.001602
0.000679
-0.001060
-0.000451
0.002270
0.000866
-0.003366
0.000543
0.003070
-0.001915
0.001298
-0.007664
-0.000623
-0.004612
-0.000706
0.003237
-0.000535
-0.003385
0.000368
0.001144
-0.003006
-0.002623
-0.004702
-0.001297
0.002133
0.000981
-0.003172
-0.002917
0.001410
-0.003252
-0.001610
0.001587
-0.000554
-0.004775
0.002287
0.001800
0.000337
-0.002142
-0.002323
0.003119
0.002869
-0.001566
0.002001
0.000178
-0.001367
-0.002515
0.000753
-0.001426
-0.002120
0.000118
0.000742
-0.004093
0.004606
-0.002441
-0.003005
-0.001061
-0.001338
-0.000122
-0.004875
0.001628
-0.004366
-0.003347
-0.005911
-0.001012
-0.001625
-0.000076
-0.006299
0.005448
0.000825
-0.003763
0.001991
-0.001772
0.000208
-0.002431
-0.000917
-0.003721
-0.004311
-0.001388
-0.005041
-0.004184
0.002269
-0.001476
-0.001076
-0.004784
-0.000428
0.003771
0.000984
-0.001711
0.001411
-0.000507
-0.000016
-0.002458
0.004770
-0.005499
-0.004621
-0.005168
-0.006983
-0.001043
0.001116
0.000571
0.001052
-0.000247
-0.006033
-0.001476
-0.003584
0.000609
-0.001432
-0.005751
0.005031
-0.003380
-0.000151
0.001012
-0.001806
0.000417
-0.000486
-0.005279
-0.004673
-0.001082
-0.002064
-0.001277
-0.000587
-0.002116
0.001620
-0.002025
0.000018
-0.004017
-0.000523
0.003390
-0.002795
-0.005879
0.000618
-0.003008
-0.006096
-0.002144
-0.003118
0.002848
-0.001357
0.000129
-0.002824
-0.001227
0.001030
-0.002607
-0.000853
-0.000329
-0.003453
-0.001950
-0.003051
0.002266
0.000865
-0.002226
-0.001980
0.000218
-0.001893
-0.003783
0.001889
-0.004162
-0.001708
-0.001378
-0.003087
0.001651
-0.000206
0.000214
-0.000560
-0.001609
0.001612
-0.000546
-0.007681
0.000378
-0.003131
-0.001769
-0.000490
-0.002737
0.001645
0.001022
-0.003817
-0.003296
-0.003288
0.000581
-0.005128
0.000588
-0.003883
-0.001795
-0.002874
-0.002394
-0.000641
-0.001037
-0.004705
-0.001407
-0.000864
0.002388
0.000748
-0.005699
-0.001766
-0.002938
-0.001242
0.002287
0.000041
-0.004301
-0.002877
-0.006575
-0.002575
-0.006233
-0.004258
-0.002291
-0.002492
0.000810
-0.001950
-0.000895
-0.000899
-0.000099
-0.003784
-0.004538
0.003471
0.001783
-0.003004
-0.003121
-0.002259
-0.001743
-0.000971
-0.000784
-0.001418
-0.001639
-0.001720
0.001670
-0.003106
-0.003861
-0.002375
-0.002234
-0.002540
-0.000588
-0.001392
-0.006226
0.000753
-0.003839
0.004880
-0.002242
-0.004815
-0.001337
0.001448
-0.002564
-0.001263
-0.002540
-0.006636
-0.002167
-0.000668
-0.000920
-0.004850
-0.000384
-0.001035
-0.002303
-0.002385
0.001064
-0.001329
-0.001831
-0.001420
-0.000579
-0.004768
-0.002354
-0.003390
-0.004798
-0.003094
0.000954
-0.004642
-0.001003
-0.006700
-0.000061
-0.006419
-0.004782
-0.003692
-0.003867
-0.006359
-0.001142
-0.001963
-0.004759
0.003988
-0.002142
-0.004697
-0.002718
-0.002340
0.000476
-0.004782
-0.004380
0.002131
-0.002874
-0.002224
-0.003961
-0.005868
-0.002617
-0.006590
-0.003999
-0.006119
-0.000538
-0.004942
-0.004102
-0.002324
-0.003173
-0.000962
-0.003514
-0.003268
-0.003183
-0.006554
-0.001108
-0.005230
-0.001263
-0.003049
-0.002709
-0.006821
0.002085
-0.001086
-0.000835
-0.004210
-0.002518
-0.000373
0.001592
-0.003282
-0.005210
-0.000272
-0.001646
-0.006781
-0.002185
-0.006173
-0.000755
-0.008083
0.003245
-0.000159
-0.003546
-0.001480
-0.002040
0.000999
-0.006487
-0.002712
0.006757
0.001644
0.000178
-0.005703
-0.002306
-0.001334
-0.004607
-0.000310
0.000097
0.001947
-0.002872
-0.001984
0.000485
-0.003403
-0.001294
-0.001039
-0.005705
-0.002689
-0.004618
-0.003547
-0.004849
-0.000022
0.001625
-0.002787
-0.000085
-0.004007
-0.002735
-0.004118
-0.003345
-0.000088
0.001260
0.002177
-0.000031
-0.001829
-0.004612
-0.002264
0.000634
-0.003327
-0.007071
-0.000051
-0.006460
0.003432
0.000170
-0.001671
0.000165
-0.004769
-0.000666
0.000888
-0.001870
-0.003286
-0.005381
-0.004210
-0.001425
0.002996
-0.001546
-0.000054
-0.000683
-0.004641
-0.000113
-0.000786
-0.005232
0.003136
-0.000024
-0.002553
0.001929
-0.003659
-0.003654
-0.000910
0.000916
-0.002565
0.003506
0.001679
-0.001527
0.001395
-0.002705
-0.000203
0.000582
0.000816
0.000608
0.002604
0.000029
0.003295
0.000071
0.002738
0.000903
0.002012
-0.002709
-0.006310
-0.006745
-0.002360
0.000508
-0.004605
-0.002349
0.000017
-0.003172
-0.004681
0.002825
-0.002376
-0.002799
0.001578
0.001645
-0.004458
0.000453
0.003021
0.000475
-0.000957
0.002531
-0.000378
-0.004702
-0.003055
-0.001176
-0.000784
0.003968
-0.006672
-0.008017
-0.001631
0.000575
0.002014
-0.001276
-0.000868
0.003770
0.001148
0.001415
-0.000939
-0.001418
0.000344
-0.002258
-0.002976
-0.007267
-0.003551
-0.001427
0.001953
-0.004145
-0.000766
-0.000257
-0.003311
-0.000561
-0.002654
0.004730
-0.000258
-0.000206
0.001990
-0.004084
-0.002601
0.000810
-0.002301
-0.003558
0.002203
0.000350
-0.000422
-0.000498
-0.005089
0.001456
0.003852
0.001533
0.007478
-0.003627
-0.001933
-0.001857
-0.004451
0.001124
-0.000963
0.000299
-0.003355
-0.000998
-0.000208
0.002181
0.000844
0.000949
0.004482
-0.005367
0.000044
-0.000386
-0.002582
0.000648
-0.004312
-0.001581
0.004586
0.001842
0.000389
-0.000288
-0.002179
-0.001635
0.002489
0.001355
0.002275
0.006244
0.003027
-0.000215
-0.002547
-0.000200
-0.002347
-0.000358
0.000998
-0.001302
0.002505
0.002093
-0.002751
-0.000509
-0.003316
-0.005166
-0.000475
-0.000430
0.000065
-0.001432
-0.004863
0.001828
0.002066
-0.008544
0.000255
0.006616
-0.000143
0.000492
0.000855
-0.003317
0.004615
0.000382
0.002111
0.001552
0.002768
0.000149
0.000174
0.001857
-0.000664
-0.000675
0.002599
0.002660
0.001309
0.001277
0.002510
0.004261
-0.000723
-0.000434
0.001789
-0.003556
-0.005385
0.001433
-0.000356
0.002582
-0.005405
-0.000020
-0.000701
-0.000211
0.000155
-0.001998
-0.005462
0.002531
-0.004059
0.003988
0.003783
-0.006614
0.002929
0.000544
0.002234
-0.000595
-0.001483
-0.001712
-0.000193
0.002970
0.002231
-0.001550
0.001466
0.001013
0.002539
-0.002456
-0.000284
0.001670
0.000939
-0.003917
0.001225
-0.000083
0.002148
-0.000944
-0.001808
-0.001694
0.000002
0.000352
0.002935
-0.000520
-0.000056
0.002568
0.003042
0.008871
0.000854
0.003055
0.003038
0.000298
0.002148
0.002079
0.004504
0.001386
0.000727
0.001037
-0.000746
-0.001181
0.004039
0.002089
0.006132
0.003157
0.002766
-0.000447
0.002082
-0.000849
0.007224
0.001838
0.000908
-0.000482
0.001310
-0.001001
0.004724
0.001830
0.001537
-0.000001
0.001052
-0.001311
-0.000015
-0.001635
0.002086
-0.001131
-0.000190
-0.003153
0.001408
0.000262
0.001166
-0.006129
-0.000011
0.002217
-0.003523
-0.006186
0.000532
0.002593
-0.004115
0.002818
-0.001887
0.005257
-0.000080
0.000123
0.000241
-0.002126
0.008182
0.000324
0.000103
-0.005043
-0.001670
-0.002698
0.000607
0.002860
0.000905
0.007874
0.001378
-0.000073
0.000392
0.004440
0.003665
0.008305
0.004032
-0.002124
0.001302
0.003730
-0.000505
0.002829
0.002419
0.000015
-0.000466
-0.001517
0.001504
-0.004630
0.002007
0.003201
0.000324
-0.001425
-0.005592
0.002146
0.002964
0.000130
0.000651
0.003660
-0.000839
0.002436
0.003477
0.000076
-0.002682
0.002440
0.001700
0.008171
0.005329
0.003722
0.007085
-0.004730
-0.001772
0.001440
-0.001671
0.001847
0.003792
0.005204
-0.002336
0.000513
0.004472
0.002572
0.004195
-0.001041
0.000194
0.001956
0.004014
0.008113
0.004950
0.007637
-0.001335
-0.002367
0.003041
0.004208
0.000268
-0.000931
0.000738
-0.000180
-0.000742
0.004291
0.003009
0.004551
0.002028
0.000237
0.002497
0.000010
0.002390
-0.000293
0.002535
0.001681
0.003324
-0.000151
-0.000856
0.001893
0.002332
0.006576
0.001209
0.001508
0.000415
0.002388
0.004529
-0.001683
0.003361
0.003494
0.004189
-0.000709
-0.001894
0.000781
0.004615
0.004271
0.000095
0.006074
0.001836
0.003656
0.005697
-0.000507
-0.002772
0.004461
0.000468
0.001836
0.001008
-0.001058
-0.000118
-0.001101
0.009446
0.000197
0.003386
0.002055
0.004892
0.001124
0.003180
-0.002457
0.001475
0.000802
0.001310
0.001131
0.001053
0.005875
-0.001478
-0.001203
-0.001854
-0.003142
0.001547
0.003150
-0.000317
0.002034
0.001254
0.007230
0.004026
0.000637
0.007611
0.004671
-0.006017
-0.000985
0.004505
0.004294
0.008993
-0.001904
0.002845
0.003858
0.002010
0.002944
0.000102
0.005937
0.004605
0.002558
-0.000415
-0.001634
0.000401
-0.000420
-0.003402
0.001871
0.002621
-0.003234
0.002124
0.000145
0.005431
-0.004985
0.005677
0.002982
-0.000734
0.001040
0.001436
0.008133
0.002588
-0.000911
-0.004723
0.005021
-0.005209
0.005917
0.006084
0.003028
-0.002093
0.001199
0.001968
0.005560
0.001162
0.001320
-0.000028
0.001248
0.003738
-0.000113
0.000224
-0.000151
0.002528
0.004584
0.008015
-0.002797
0.005068
0.006506
0.001918
0.005740
-0.007493
-0.002426
0.001121
-0.001100
0.000134
0.002505
0.001353
0.003177
0.003981
0.003789
-0.000292
0.006160
0.003234
0.003996
-0.000632
-0.002952
-0.000252
-0.002637
0.008922
0.001595
0.002432
0.001035
-0.000977
0.000789
-0.000653
0.000219
0.000012
0.001612
0.000674
0.004391
0.005602
0.002930
0.000970
-0.001674
0.000763
0.003017
-0.005480
0.002434
-0.002698
0.001174
-0.004193
0.000549
-0.001554
-0.002966
0.001225
-0.002114
0.008188
-0.000134
-0.000498
-0.002112
0.003337
0.000970
0.002562
0.003256
-0.003392
-0.001603
0.006587
0.005683
-0.005528
0.004975
-0.006085
-0.002047
-0.001399
-0.002345
0.000095
0.006294
0.002141
0.002224
0.000339
0.004632
0.002327
0.000175
0.003397
0.000824
-0.002010
-0.003639
0.004654
-0.001742
-0.003477
0.002722
0.001124
-0.000238
0.003616
0.001703
0.000357
0.001058
0.000284
-0.001058
0.005574
-0.001573
0.000371
0.001714
-0.000972
-0.003113
0.001481
0.003015
0.002653
-0.002553
-0.001717
0.000401
0.007709
-0.004874
0.001503
0.003465
-0.001097
-0.004357
-0.000570
-0.000095
0.001448
0.005629
0.004189
0.003018
0.003204
0.004503
-0.001205
-0.000115
0.001389
0.003693
-0.001904
-0.000120
0.002922
-0.003182
0.005506
0.004066
0.002493
-0.000534
0.002929
0.003619
0.003077
-0.003428
-0.001203
-0.004126
-0.000485
-0.001725
-0.005959
-0.000320
0.004294
-0.003817
0.001324
0.004626
-0.002747
-0.005905
0.002461
0.005258
0.002039
0.003168
0.002777
-0.002640
-0.000810
-0.004006
-0.000855
-0.001734
-0.001861
0.002392
0.002655
0.008122
0.000657
-0.004695
0.001622
-0.003170
-0.002407
-0.001795
0.002074
0.002247
-0.002414
0.002284
0.001807
0.001906
0.004728
0.003186
0.003507
-0.000471
-0.000916
0.004634
-0.001569
0.003673
-0.002222
0.002135
-0.001138
0.001676
-0.004229
-0.004538
-0.001645
0.000287
-0.002334
-0.001696
-0.004333
-0.005142
0.002382
-0.003906
-0.002696
-0.001942
-0.003916
0.000979
0.004899
-0.000926
0.003172
-0.000638
-0.003113
-0.004073
-0.001938
-0.001596
-0.002785
0.003467
0.001402
-0.001024
-0.004636
0.000271
0.001447
0.002384
-0.004634
-0.002207
-0.000295
-0.007953
-0.005372
-0.004672
-0.000821
0.000030
-0.000576
0.001699
-0.003244
-0.001877
-0.005871
-0.003489
-0.004754
-0.002249
-0.001078
-0.005050
0.002027
0.000877
-0.000358
-0.002724
-0.002745
-0.000273
0.002831
0.004832
-0.000723
0.000524
-0.003035
-0.008041
0.003404
-0.000528
-0.004754
-0.000461
0.001339
-0.005584
-0.002691
0.001838
-0.003421
0.000431
-0.003089
-0.004430
-0.008062
-0.002690
0.006158
-0.001418
-0.000292
-0.001453
0.002514
0.001334
-0.008996
-0.000534
0.003243
0.000129
-0.007423
0.001265
-0.003553
-0.002659
0.000882
-0.000058
-0.000281
-0.000925
0.001231
0.000540
-0.006103
-0.000814
-0.001284
-0.002993
-0.004554
0.003377
-0.003430
-0.000332
-0.001771
-0.004899
0.003066
-0.000439
-0.002025
-0.005006
-0.000752
-0.001733
-0.002864
-0.000393
-0.004266
0.000909
-0.000011
-0.000365
-0.008935
0.002640
-0.003549
-0.006067
-0.005952
-0.002847
-0.001909
-0.001343
-0.004079
-0.004001
-0.000811
-0.001988
-0.003315
-0.003919
-0.009515
0.001269
-0.006535
0.002136
-0.004138
0.004709
-0.002271
-0.005878
-0.004713
-0.004450
-0.001997
-0.000964
-0.002540
0.003277
-0.001580
-0.000198
-0.005648
-0.002592
-0.005864
-0.004154
-0.004393
-0.000505
-0.007636
-0.008622
-0.001698
-0.002544
-0.001039
0.000157
0.002504
-0.000991
-0.001279
-0.004812
-0.008037
-0.003264
-0.004465
-0.005431
-0.003919
-0.002776
-0.000370
0.002082
-0.006696
-0.007150
-0.005423
-0.005921
-0.004342
-0.003949
-0.011125
-0.005661
-0.008437
-0.002998
0.001463
-0.002319
0.001680
-0.003441
0.002761
0.001096
-0.004193
-0.002908
0.002392
-0.000623
-0.001960
-0.002596
-0.003839
-0.009753
-0.005291
-0.006465
-0.012781
-0.006646
-0.005630
-0.002538
-0.006741
-0.005201
-0.006060
-0.005582
-0.005559
-0.005374
-0.009215
0.002064
-0.009770
-0.001185
-0.004844
-0.004488
-0.005549
-0.002399
-0.006992
-0.005447
-0.004107
-0.003110
-0.004917
-0.003021
-0.001599
-0.004794
-0.003280
-0.002195
-0.000320
0.001202
-0.001031
0.005651
-0.001439
-0.009848
-0.006617
-0.001904
0.000186
0.003733
-0.009719
0.001354
-0.003698
-0.001875
-0.007814
-0.006586
-0.004159
-0.005248
0.002608
-0.004099
-0.003190
-0.003147
0.001360
-0.005224
-0.006202
-0.002747
-0.001117
-0.006890
-0.007614
-0.010078
0.000175
-0.006841
-0.002007
-0.006088
-0.001974
-0.004567
-0.000788
-0.006876
-0.006796
-0.003175
-0.000842
-0.007385
-0.005316
-0.005545
-0.008002
-0.006923
0.000062
-0.005345
-0.002635
-0.006153
-0.006379
-0.003690
-0.003291
0.000811
-0.009026
-0.006879
-0.002451
-0.004250
-0.001444
-0.007959
-0.003917
-0.002726
0.003119
-0.000312
-0.003823
-0.005977
-0.002978
-0.002771
-0.011358
0.000017
-0.009596
-0.005146
-0.006802
0.003066
-0.003996
-0.001127
-0.014389
-0.001219
-0.007334
-0.007511
-0.006285
-0.001581
0.002803
-0.010792
-0.005133
-0.004236
-0.002716
0.000881
-0.009475
-0.003520
-0.003634
-0.000336
0.000545
-0.006698
-0.001265
-0.006933
-0.006013
-0.003827
-0.001452
-0.003544
-0.001381
-0.005308
-0.003811
-0.002501
-0.011396
-0.002343
-0.008292
-0.002343
-0.011396
-0.002501
-0.003811
-0.005308
-0.001381
-0.003544
-0.001452
-0.003827
-0.006013
-0.006933
-0.001265
-0.006698
0.000545
-0.000336
-0.003634
-0.003520
-0.009475
0.000881
-0.002716
-0.004236
-0.005133
-0.010792
0.002803
-0.001581
-0.006285
-0.007511
-0.007334
-0.001219
-0.014389
-0.001127
-0.003996
0.003066
-0.006802
-0.005146
-0.009596
0.000017
-0.011358
-0.002771
-0.002978
-0.005977
-0.003823
-0.000312
0.003119
-0.002726
-0.003917
-0.007959
-0.001444
-0.004250
-0.002451
-0.006879
-0.009026
0.000811
-0.003291
-0.003690
-0.006379
-0.006153
-0.002635
-0.005345
0.000062
-0.006923
-0.008002
-0.005545
-0.005316
-0.007385
-0.000842
-0.003175
-0.006796
-0.006876
-0.000788
-0.004567
-0.001974
-0.006088
-0.002007
-0.006841
0.000175
-0.010078
-0.007614
-0.006890
-0.001117
-0.002747
-0.006202
-0.005224
0.001360
-0.003147
-0.003190
-0.004099
0.002608
-0.005248
-0.004159
-0.006586
-0.007814
-0.001875
-0.003698
0.001354
-0.009719
0.003733
0.000186
-0.001904
-0.006617
-0.009848
-0.001439
0.005651
-0.001031
0.001202
-0.000320
-0.002195
-0.003280
-0.004794
-0.001599
-0.003021
-0.004917
-0.003110
-0.004107
-0.005447
-0.006992
-0.002399
-0.005549
-0.004488
-0.004844
-0.001185
-0.009770
0.002064
-0.009215
-0.005374
-0.005559
-0.005582
-0.006060
-0.005201
-0.006741
-0.002538
-0.005630
-0.006646
-0.012781
-0.006465
-0.005291
-0.009753
-0.003839
-0.002596
-0.001960
-0.000623
0.002392
-0.002908
-0.004193
0.001096
0.002761
-0.003441
0.001680
-0.002319
0.001463
-0.002998
-0.008437
-0.005661
-0.011125
-0.003949
-0.004342
-0.005921
-0.005423
-0.007150
-0.006696
0.002082
-0.000370
-0.002776
-0.003919
-0.005431
-0.004465
-0.003264
-0.008037
-0.004812
-0.001279
-0.000991
0.002504
0.000157
-0.001039
-0.002544
-0.001698
-0.008622
-0.007636
-0.000505
-0.004393
-0.004154
-0.005864
-0.002592
-0.005648
-0.000198
-0.001580
0.003277
-0.002540
-0.000964
-0.001997
-0.004450
-0.004713
-0.005878
-0.002271
0.004709
-0.004138
0.002136
-0.006535
0.001269
-0.009515
-0.003919
-0.003315
-0.001988
-0.000811
-0.004001
-0.004079
-0.001343
-0.001909
-0.002847
-0.005952
-0.006067
-0.003549
0.002640
-0.008935
-0.000365
-0.000011
0.000909
-0.004266
-0.000393
-0.002864
-0.001733
-0.000752
-0.005006
-0.002025
-0.000439
0.003066
-0.004899
-0.001771
-0.000332
-0.003430
0.003377
-0.004554
-0.002993
-0.001284
-0.000814
-0.006103
0.000540
0.001231
-0.000925
-0.000281
-0.000058
0.000882
-0.002659
-0.003553
0.001265
-0.007423
0.000129
0.003243
-0.000534
-0.008996
0.001334
0.002514
-0.001453
-0.000292
-0.001418
0.006158
-0.002690
-0.008062
-0.004430
-0.003089
0.000431
-0.003421
0.001838
-0.002691
-0.005584
0.001339
-0.000461
-0.004754
-0.000528
0.003404
-0.008041
-0.003035
0.000524
-0.000723
0.004832
0.002831
-0.000273
-0.002745
-0.002724
-0.000358
0.000877
0.002027
-0.005050
-0.001078
-0.002249
-0.004754
-0.003489
-0.005871
-0.001877
-0.003244
0.001699
-0.000576
0.000030
-0.000821
-0.004672
-0.005372
-0.007953
-0.000295
-0.002207
-0.004634
0.002384
0.001447
0.000271
-0.004636
-0.001024
0.001402
0.003467
-0.002785
-0.001596
-0.001938
-0.004073
-0.003113
-0.000638
0.003172
-0.000926
0.004899
0.000979
-0.003916
-0.001942
-0.002696
-0.003906
0.002382
-0.005142
-0.004333
-0.001696
-0.002334
0.000287
-0.001645
-0.004538
-0.004229
0.001676
-0.001138
0.002135
-0.002222
0.003673
-0.001569
0.004634
-0.000916
-0.000471
0.003507
0.003186
0.004728
0.001906
0.001807
0.002284
-0.002414
0.002247
0.002074
-0.001795
-0.002407
-0.003170
0.001622
-0.004695
0.000657
0.008122
0.002655
0.002392
-0.001861
-0.001734
-0.000855
-0.004006
-0.000810
-0.002640
0.002777
0.003168
0.002039
0.005258
0.002461
-0.005905
-0.002747
0.004626
0.001324
-0.003817
0.004294
-0.000320
-0.005959
-0.001725
-0.000485
-0.004126
-0.001203
-0.003428
0.003077
0.003619
0.002929
-0.000534
0.002493
0.004066
0.005506
-0.003182
0.002922
-0.000120
-0.001904
0.003693
0.001389
-0.000115
-0.001205
0.004503
0.003204
0.003018
0.004189
0.005629
0.001448
-0.000095
-0.000570
-0.004357
-0.001097
0.003465
0.001503
-0.004874
0.007709
0.000401
-0.001717
-0.002553
0.002653
0.003015
0.001481
-0.003113
-0.000972
0.001714
0.000371
-0.001573
0.005574
-0.001058
0.000284
0.001058
0.000357
0.001703
0.003616
-0.000238
0.001124
0.002722
-0.003477
-0.001742
0.004654
-0.003639
-0.002010
0.000824
0.003397
0.000175
0.002327
0.004632
0.000339
0.002224
0.002141
0.006294
0.000095
-0.002345
-0.001399
-0.002047
-0.006085
0.004975
-0.005528
0.005683
0.006587
-0.001603
-0.003392
0.003256
0.002562
0.000970
0.003337
-0.002112
-0.000498
-0.000134
0.008188
-0.002114
0.001225
-0.002966
-0.001554
0.000549
-0.004193
0.001174
-0.002698
0.002434
-0.005480
0.003017
0.000763
-0.001674
0.000970
0.002930
0.005602
0.004391
0.000674
0.001612
0.000012
0.000219
-0.000653
0.000789
-0.000977
0.001035
0.002432
0.001595
0.008922
-0.002637
-0.000252
-0.002952
-0.000632
0.003996
0.003234
0.006160
-0.000292
0.003789
0.003981
0.003177
0.001353
0.002505
0.000134
-0.001100
0.001121
-0.002426
-0.007493
0.005740
0.001918
0.006506
0.005068
-0.002797
0.008015
0.004584
0.002528
-0.000151
0.000224
-0.000113
0.003738
0.001248
-0.000028
0.001320
0.001162
0.005560
0.001968
0.001199
-0.002093
0.003028
0.006084
0.005917
-0.005209
0.005021
-0.004723
-0.000911
0.002588
0.008133
0.001436
0.001040
-0.000734
0.002982
0.005677
-0.004985
0.005431
0.000145
0.002124
-0.003234
0.002621
0.001871
-0.003402
-0.000420
0.000401
-0.001634
-0.000415
0.002558
0.004605
0.005937
0.000102
0.002944
0.002010
0.003858
0.002845
-0.001904
0.008993
0.004294
0.004505
-0.000985
-0.006017
0.004671
0.007611
0.000637
0.004026
0.007230
0.001254
0.002034
-0.000317
0.003150
0.001547
-0.003142
-0.001854
-0.001203
-0.001478
0.005875
0.001053
0.001131
0.001310
0.000802
0.001475
-0.002457
0.003180
0.001124
0.004892
0.002055
0.003386
0.000197
0.009446
-0.001101
-0.000118
-0.001058
0.001008
0.001836
0.000468
0.004461
-0.002772
-0.000507
0.005697
0.003656
0.001836
0.006074
0.000095
0.004271
0.004615
0.000781
-0.001894
-0.000709
0.004189
0.003494
0.003361
-0.001683
0.004529
0.002388
0.000415
0.001508
0.001209
0.006576
0.002332
0.001893
-0.000856
-0.000151
0.003324
0.001681
0.002535
-0.000293
0.002390
0.000010
0.002497
0.000237
0.002028
0.004551
0.003009
0.004291
-0.000742
-0.000180
0.000738
-0.000931
0.000268
0.004208
0.003041
-0.002367
-0.001335
0.007637
0.004950
0.008113
0.004014
0.001956
0.000194
-0.001041
0.004195
0.002572
0.004472
0.000513
-0.002336
0.005204
0.003792
0.001847
-0.001671
0.001440
-0.001772
-0.004730
0.007085
0.003722
0.005329
0.008171
0.001700
0.002440
-0.002682
0.000076
0.003477
0.002436
-0.000839
0.003660
0.000651
0.000130
0.002964
0.002146
-0.005592
-0.001425
0.000324
0.003201
0.002007
-0.004630
0.001504
-0.001517
-0.000466
0.000015
0.002419
0.002829
-0.000505
0.003730
0.001302
-0.002124
0.004032
0.008305
0.003665
0.004440
0.000392
-0.000073
0.001378
0.007874
0.000905
0.002860
0.000607
-0.002698
-0.001670
-0.005043
0.000103
0.000324
0.008182
-0.002126
0.000241
0.000123
-0.000080
0.005257
-0.001887
0.002818
-0.004115
0.002593
0.000532
-0.006186
-0.003523
0.002217
-0.000011
-0.006129
0.001166
0.000262
0.001408
-0.003153
-0.000190
-0.001131
0.002086
-0.001635
-0.000015
-0.001311
0.001052
-0.000001
0.001537
0.001830
0.004724
-0.001001
0.001310
-0.000482
0.000908
0.001838
0.007224
-0.000849
0.002082
-0.000447
0.002766
0.003157
0.006132
0.002089
0.004039
-0.001181
-0.000746
0.001037
0.000727
0.001386
0.004504
0.002079
0.002148
0.000298
0.003038
0.003055
0.000854
0.008871
0.003042
0.002568
-0.000056
-0.000520
0.002935
0.000352
0.000002
-0.001694
-0.001808
-0.000944
0.002148
-0.000083
0.001225
-0.003917
0.000939
0.001670
-0.000284
-0.002456
0.002539
0.001013
0.001466
-0.001550
0.002231
0.002970
-0.000193
-0.001712
-0.001483
-0.000595
0.002234
0.000544
0.002929
-0.006614
0.003783
0.003988
-0.004059
0.002531
-0.005462
-0.001998
0.000155
-0.000211
-0.000701
-0.000020
-0.005405
0.002582
-0.000356
0.001433
-0.005385
-0.003556
0.001789
-0.000434
-0.000723
0.004261
0.002510
0.001277
0.001309
0.002660
0.002599
-0.000675
-0.000664
0.001857
0.000174
0.000149
0.002768
0.001552
0.002111
0.000382
0.004615
-0.003317
0.000855
0.000492
-0.000143
0.006616
0.000255
-0.008544
0.002066
0.001828
-0.004863
-0.001432
0.000065
-0.000430
-0.000475
-0.005166
-0.003316
-0.000509
-0.002751
0.002093
0.002505
-0.001302
0.000998
-0.000358
-0.002347
-0.000200
-0.002547
-0.000215
0.003027
0.006244
0.002275
0.001355
0.002489
-0.001635
-0.002179
-0.000288
0.000389
0.001842
0.004586
-0.001581
-0.004312
0.000648
-0.002582
-0.000386
0.000044
-0.005367
0.004482
0.000949
0.000844
0.002181
-0.000208
-0.000998
-0.003355
0.000299
-0.000963
0.001124
-0.004451
-0.001857
-0.001933
-0.003627
0.007478
0.001533
0.003852
0.001456
-0.005089
-0.000498
-0.000422
0.000350
0.002203
-0.003558
-0.002301
0.000810
-0.002601
-0.004084
0.001990
-0.000206
-0.000258
0.004730
-0.002654
-0.000561
-0.003311
-0.000257
-0.000766
-0.004145
0.001953
-0.001427
-0.003551
-0.007267
-0.002976
-0.002258
0.000344
-0.001418
-0.000939
0.001415
0.001148
0.003770
-0.000868
-0.001276
0.002014
0.000575
-0.001631
-0.008017
-0.006672
0.003968
-0.000784
-0.001176
-0.003055
-0.004702
-0.000378
0.002531
-0.000957
0.000475
0.003021
0.000453
-0.004458
0.001645
0.001578
-0.002799
-0.002376
0.002825
-0.004681
-0.003172
0.000017
-0.002349
-0.004605
0.000508
-0.002360
-0.006745
-0.006310
-0.002709
0.002012
0.000903
0.002738
0.000071
0.003295
0.000029
0.002604
0.000608
0.000816
0.000582
-0.000203
-0.002705
0.001395
-0.001527
0.001679
0.003506
-0.002565
0.000916
-0.000910
-0.003654
-0.003659
0.001929
-0.002553
-0.000024
0.003136
-0.005232
-0.000786
-0.000113
-0.004641
-0.000683
-0.000054
-0.001546
0.002996
-0.001425
-0.004210
-0.005381
-0.003286
-0.001870
0.000888
-0.000666
-0.004769
0.000165
-0.001671
0.000170
0.003432
-0.006460
-0.000051
-0.007071
-0.003327
0.000634
-0.002264
-0.004612
-0.001829
-0.000031
0.002177
0.001260
-0.000088
-0.003345
-0.004118
-0.002735
-0.004007
-0.000085
-0.002787
0.001625
-0.000022
-0.004849
-0.003547
-0.004618
-0.002689
-0.005705
-0.001039
-0.001294
-0.003403
0.000485
-0.001984
-0.002872
0.001947
0.000097
-0.000310
-0.004607
-0.001334
-0.002306
-0.005703
0.000178
0.001644
0.006757
-0.002712
-0.006487
0.000999
-0.002040
-0.001480
-0.003546
-0.000159
0.003245
-0.008083
-0.000755
-0.006173
-0.002185
-0.006781
-0.001646
-0.000272
-0.005210
-0.003282
0.001592
-0.000373
-0.002518
-0.004210
-0.000835
-0.001086
0.002085
-0.006821
-0.002709
-0.003049
-0.001263
-0.005230
-0.001108
-0.006554
-0.003183
-0.003268
-0.003514
-0.000962
-0.003173
-0.002324
-0.004102
-0.004942
-0.000538
-0.006119
-0.003999
-0.006590
-0.002617
-0.005868
-0.003961
-0.002224
-0.002874
0.002131
-0.004380
-0.004782
0.000476
-0.002340
-0.002718
-0.004697
-0.002142
0.003988
-0.004759
-0.001963
-0.001142
-0.006359
-0.003867
-0.003692
-0.004782
-0.006419
-0.000061
-0.006700
-0.001003
-0.004642
0.000954
-0.003094
-0.004798
-0.003390
-0.002354
-0.004768
-0.000579
-0.001420
-0.001831
-0.001329
0.001064
-0.002385
-0.002303
-0.001035
-0.000384
-0.004850
-0.000920
-0.000668
-0.002167
-0.006636
-0.002540
-0.001263
-0.002564
0.001448
-0.001337
-0.004815
-0.002242
0.004880
-0.003839
0.000753
-0.006226
-0.001392
-0.000588
-0.002540
-0.002234
-0.002375
-0.003861
-0.003106
0.001670
-0.001720
-0.001639
-0.001418
-0.000784
-0.000971
-0.001743
-0.002259
-0.003121
-0.003004
0.001783
0.003471
-0.004538
-0.003784
-0.000099
-0.000899
-0.000895
-0.001950
0.000810
-0.002492
-0.002291
-0.004258
-0.006233
-0.002575
-0.006575
-0.002877
-0.004301
0.000041
0.002287
-0.001242
-0.002938
-0.001766
-0.005699
0.000748
0.002388
-0.000864
-0.001407
-0.004705
-0.001037
-0.000641
-0.002394
-0.002874
-0.001795
-0.003883
0.000588
-0.005128
0.000581
-0.003288
-0.003296
-0.003817
0.001022
0.001645
-0.002737
-0.000490
-0.001769
-0.003131
0.000378
-0.007681
-0.000546
0.001612
-0.001609
-0.000560
0.000214
-0.000206
0.001651
-0.003087
-0.001378
-0.001708
-0.004162
0.001889
-0.003783
-0.001893
0.000218
-0.001980
-0.002226
0.000865
0.002266
-0.003051
-0.001950
-0.003453
-0.000329
-0.000853
-0.002607
0.001030
-0.001227
-0.002824
0.000129
-0.001357
0.002848
-0.003118
-0.002144
-0.006096
-0.003008
0.000618
-0.005879
-0.002795
0.003390
-0.000523
-0.004017
0.000018
-0.002025
0.001620
-0.002116
-0.000587
-0.001277
-0.002064
-0.001082
-0.004673
-0.005279
-0.000486
0.000417
-0.001806
0.001012
-0.000151
-0.003380
0.005031
-0.005751
-0.001432
0.000609
-0.003584
-0.001476
-0.006033
-0.000247
0.001052
0.000571
0.001116
-0.001043
-0.006983
-0.005168
-0.004621
-0.005499
0.004770
-0.002458
-0.000016
-0.000507
0.001411
-0.001711
0.000984
0.003771
-0.000428
-0.004784
-0.001076
-0.001476
0.002269
-0.004184
-0.005041
-0.001388
-0.004311
-0.003721
-0.000917
-0.002431
0.000208
-0.001772
0.001991
-0.003763
0.000825
0.005448
-0.006299
-0.000076
-0.001625
-0.001012
-0.005911
-0.003347
-0.004366
0.001628
-0.004875
-0.000122
-0.001338
-0.001061
-0.003005
-0.002441
0.004606
-0.004093
0.000742
0.000118
-0.002120
-0.001426
0.000753
-0.002515
-0.001367
0.000178
0.002001
-0.001566
0.002869
0.003119
-0.002323
-0.002142
0.000337
0.001800
0.002287
-0.004775
-0.000554
0.001587
-0.001610
-0.003252
0.001410
-0.002917
-0.003172
0.000981
0.002133
-0.001297
-0.004702
-0.002623
-0.003006
0.001144
0.000368
-0.003385
-0.000535
0.003237
-0.000706
-0.004612
-0.000623
-0.007664
0.001298
-0.001915
0.003070
0.000543
-0.003366
0.000866
0.002270
-0.000451
-0.001060
0.000679
0.001602
-0.001232
0.001261
0.002542
-0.003098
-0.000573
-0.000161
-0.000737
0.000794
-0.003686
-0.004919
0.000587
0.001293
0.002603
0.000108
-0.000763
-0.003175
-0.003026
-0.000403
0.000856
0.000698
-0.002660
-0.001856
-0.002277
0.000598
0.005664
-0.003843
-0.002356
-0.000187
-0.001324
0.000708
0.001864
-0.001716
0.001513
0.001359
-0.004589
-0.001125
-0.000848
0.000450
-0.003849
-0.000871
0.002967
-0.001002
0.000618
-0.003529
0.001672
-0.004562
-0.006007
-0.000408
0.000259
-0.001643
0.000531
-0.002493
0.001669
0.000741
-0.001574
0.001433
-0.003338
-0.000868
0.000431
-0.000381
-0.001270
0.001204
-0.000866
-0.002757
0.000158
0.003610
-0.001754
0.002636
0.000695
0.004359
0.000366
-0.000896
-0.001496
0.001307
-0.000479
0.000905
-0.000881
-0.001749
-0.000511
0.002858
0.000209
0.003478
0.000299
-0.004921
0.000555
0.003153
0.000448
-0.003314
0.000112
-0.001784
0.004442
0.001249
-0.000241
0.000026
-0.001038
0.002659
0.001502
0.002392
-0.000552
-0.001003
0.000106
-0.003710
-0.001790
-0.000110
-0.000495
-0.000184
0.002879
-0.001524
0.001235
0.001732
-0.002425
-0.000723
-0.000008
0.000726
0.000179
0.003399
-0.001349
-0.002923
-0.001032
0.001582
-0.003281
0.001599
-0.001221
-0.003036
-0.000666
0.002273
0.000021
-0.000480
0.000548
-0.002983
-0.003307
-0.001066
0.000424
0.002456
0.001778
0.000280
0.001923
0.000264
-0.001153
0.000737
0.002271
0.000583
0.004373
0.000666
-0.001856
-0.002914
0.000127
0.000625
0.000359
0.001215
-0.001929
-0.000871
0.000362
0.001796
-0.001523
-0.001089
0.000040
0.000818
0.002182
0.001825
-0.002062
-0.002589
0.002699
0.000548
-0.004156
0.003320
-0.002823
0.000925
0.000642
0.000044
-0.002911
0.001121
-0.004353
0.001209
-0.000931
0.000023
-0.002698
0.003744
-0.002957
0.001728
-0.001978
0.000990
0.002395
-0.002247
-0.001022
-0.000362
0.000166
0.000356
-0.000315
0.004104
-0.001119
0.000196
0.001350
0.002048
-0.000962
-0.002582
-0.001204
-0.001173
0.001979
-0.003072
0.002296
-0.001509
0.000557
-0.000252
0.000741
-0.000098
0.000441
0.000352
0.000125
-0.001455
0.002780
0.001836
-0.001277
0.000214
0.000128
-0.001406
0.000601
0.001685
0.003019
-0.001626
0.001266
0.000807
0.002002
0.001194
0.001598
-0.002294
-0.003318
0.000941
-0.000671
0.002450
-0.000479
0.000250
-0.000919
-0.003473
0.000504
0.003732
-0.000658
0.000114
0.000959
0.000507
0.002559
0.002277
-0.001946
0.000795
0.000717
-0.002326
0.001091
0.000961
0.001620
-0.001586
-0.006309
-0.000364
-0.001886
0.001454
0.002397
-0.002150
-0.000138
-0.001098
0.001191
-0.001674
-0.001568
0.002677
0.000928
-0.002125
0.001427
-0.000317
0.001374
-0.001751
-0.002062
-0.000996
0.001193
0.001751
0.001629
-0.001829
-0.003105
-0.000295
0.001928
0.000103
0.000350
0.000779
-0.000308
0.000869
0.001471
0.000851
0.002063
0.000478
-0.000443
-0.001842
0.001123
-0.000356
0.001471
-0.000156
0.001512
0.002320
-0.001038
0.002224
0.003506
-0.000920
0.001001
0.002092
-0.002291
0.003385
0.003328
0.000493
0.001953
0.000416
0.000479
0.000596
0.000467
-0.000420
0.002942
-0.001292
0.003693
0.002951
0.000859
0.001257
0.004108
-0.002266
0.003176
0.002060
0.001820
-0.001864
0.002624
0.001180
0.000084
0.001142
-0.000569
-0.001276
0.005714
-0.001557
-0.000886
-0.002082
0.003395
0.000721
-0.000786
-0.000200
0.002902
-0.002918
0.000456
0.005205
0.000919
-0.000079
-0.002478
0.001541
0.001730
-0.000117
-0.001336
0.001975
0.000287
0.002664
-0.000581
0.002392
-0.003087
-0.001236
0.000271
0.001348
0.002644
0.000482
0.000789
0.001091


