M_loss: 45, M_sym: 4300.0, M_power: 9000, M_bandwidth: 22.3872113856834
-0.069651
-0.059854
-0.052981
-0.047630
-0.041118
-0.040384
-0.038511
-0.039203
-0.040344
-0.042543
-0.040391
-0.038588
-0.039114
-0.041781
-0.042741
-0.042774
-0.044743
-0.043265
-0.040730
-0.044053
-0.045961
-0.048416
-0.042643
-0.046934
-0.046388
-0.048670
-0.048521
-0.051021
-0.051182
-0.047862
-0.052652
-0.051362
-0.053192
-0.049056
-0.052683
-0.055561
-0.056899
-0.055027
-0.053233
-0.051957
-0.059844
-0.057702
-0.060493
-0.057580
-0.059299
-0.056971
-0.061725
-0.063847
-0.063367
-0.058805
-0.065445
-0.064559
-0.064442
-0.065632
-0.067434
-0.067209
-0.069234
-0.064894
-0.068973
-0.069473
-0.070244
-0.071906
-0.073890
-0.076507
-0.069988
-0.074002
-0.073792
-0.079237
-0.073268
-0.079928
-0.082441
-0.077812
-0.079971
-0.082993
-0.084911
-0.085555
-0.083166
-0.080786
-0.085539
-0.085055
-0.086747
-0.088542
-0.083458
-0.092228
-0.092739
-0.096743
-0.094701
-0.091733
-0.094075
-0.095744
-0.095380
-0.099280
-0.100835
-0.098011
-0.098821
-0.099157
-0.100280
-0.104438
-0.107483
-0.101870
-0.101961
-0.103560
-0.106551
-0.108322
-0.106544
-0.107845
-0.110493
-0.112405
-0.113351
-0.110617
-0.114135
-0.115519
-0.115023
-0.115806
-0.115168
-0.124576
-0.119632
-0.121425
-0.122492
-0.122811
-0.118909
-0.126990
-0.124923
-0.127267
-0.126481
-0.128846
-0.128482
-0.127537
-0.129946
-0.131936
-0.132262
-0.131428
-0.133551
-0.135752
-0.139088
-0.139245
-0.137820
-0.141206
-0.137368
-0.141278
-0.140136
-0.140911
-0.141284
-0.144843
-0.145807
-0.146992
-0.146366
-0.149834
-0.150386
-0.151484
-0.147353
-0.152128
-0.154300
-0.154467
-0.156675
-0.156908
-0.156380
-0.161514
-0.158504
-0.161686
-0.162936
-0.162643
-0.158756
-0.165937
-0.166465
-0.169721
-0.165691
-0.166605
-0.171327
-0.173029
-0.174203
-0.171455
-0.173333
-0.175510
-0.175924
-0.178014
-0.174286
-0.180484
-0.181775
-0.183059
-0.183438
-0.186359
-0.183830
-0.189417
-0.185714
-0.189446
-0.191334
-0.189759
-0.193631
-0.193589
-0.194941
-0.199478
-0.199745
-0.195888
-0.199372
-0.201284
-0.206040
-0.202411
-0.208436
-0.204651
-0.206401
-0.209553
-0.208034
-0.213085
-0.212745
-0.209605
-0.218730
-0.216571
-0.213209
-0.219156
-0.220483
-0.223710
-0.222125
-0.222422
-0.225937
-0.226242
-0.223730
-0.225055
-0.231766
-0.229197
-0.233458
-0.235737
-0.231683
-0.237722
-0.237951
-0.238076
-0.239245
-0.244001
-0.241893
-0.242102
-0.247246
-0.246159
-0.246719
-0.245183
-0.248177
-0.250601
-0.252510
-0.254782
-0.255259
-0.255852
-0.253955
-0.257813
-0.258084
-0.260900
-0.262156
-0.263034
-0.263640
-0.267595
-0.265930
-0.265270
-0.268315
-0.269454
-0.273944
-0.274567
-0.272358
-0.275155
-0.276730
-0.277901
-0.279774
-0.280499
-0.281333
-0.281602
-0.284579
-0.283381
-0.286945
-0.288172
-0.290669
-0.290754
-0.291827
-0.293710
-0.292029
-0.295613
-0.299011
-0.296936
-0.299311
-0.303612
-0.304818
-0.305174
-0.303567
-0.304821
-0.307043
-0.309445
-0.311027
-0.310834
-0.311701
-0.317028
-0.312759
-0.320448
-0.315023
-0.318213
-0.321293
-0.320401
-0.321779
-0.320260
-0.325818
-0.323677
-0.329657
-0.327040
-0.326587
-0.332649
-0.327759
-0.332531
-0.333870
-0.337137
-0.337003
-0.338336
-0.339246
-0.342758
-0.341571
-0.341341
-0.342016
-0.347853
-0.347840
-0.348854
-0.350590
-0.352559
-0.347686
-0.355836
-0.355883
-0.354819
-0.362536
-0.354947
-0.359721
-0.362357
-0.362673
-0.362466
-0.365425
-0.364462
-0.365751
-0.369315
-0.368469
-0.370327
-0.373237
-0.374179
-0.372478
-0.376308
-0.376108
-0.378493
-0.379217
-0.375311
-0.379384
-0.383440
-0.384580
-0.386209
-0.389047
-0.389477
-0.387646
-0.387549
-0.391531
-0.391104
-0.392869
-0.393735
-0.396856
-0.395134
-0.401402
-0.399240
-0.400407
-0.402597
-0.402632
-0.405185
-0.403048
-0.404166
-0.412212
-0.407330
-0.408770
-0.414536
-0.410647
-0.417555
-0.414584
-0.418714
-0.417581
-0.417287
-0.421787
-0.422940
-0.419481
-0.420669
-0.425674
-0.428892
-0.429479
-0.424259
-0.429592
-0.425208
-0.432589
-0.430394
-0.433059
-0.436302
-0.436030
-0.435323
-0.436200
-0.438969
-0.438607
-0.441090
-0.441904
-0.443008
-0.444223
-0.446195
-0.440735
-0.445757
-0.447239
-0.446490
-0.446916
-0.449593
-0.450266
-0.450964
-0.453386
-0.455561
-0.456880
-0.451690
-0.460449
-0.457977
-0.456590
-0.460031
-0.460044
-0.464188
-0.466263
-0.465255
-0.462852
-0.468201
-0.469140
-0.470797
-0.465051
-0.470199
-0.466218
-0.469395
-0.474485
-0.471143
-0.470075
-0.475550
-0.474594
-0.478026
-0.478750
-0.479144
-0.476398
-0.481070
-0.477073
-0.481037
-0.477489
-0.481142
-0.483775
-0.485541
-0.485606
-0.486040
-0.482650
-0.485622
-0.488535
-0.485869
-0.487829
-0.491133
-0.491851
-0.489403
-0.490005
-0.493228
-0.492043
-0.491932
-0.495447
-0.495219
-0.496640
-0.493726
-0.497024
-0.497635
-0.497294
-0.498381
-0.497768
-0.497832
-0.496537
-0.504901
-0.504212
-0.501473
-0.503772
-0.499806
-0.504295
-0.506197
-0.502647
-0.503745
-0.506724
-0.506800
-0.507790
-0.508977
-0.510049
-0.503581
-0.509522
-0.510813
-0.509100
-0.512138
-0.511455
-0.513169
-0.511427
-0.512396
-0.509930
-0.510749
-0.515331
-0.516773
-0.514683
-0.514685
-0.514962
-0.513881
-0.517124
-0.515610
-0.517124
-0.515395
-0.520321
-0.518792
-0.518592
-0.519502
-0.516909
-0.521603
-0.518716
-0.517465
-0.519959
-0.520463
-0.518507
-0.517789
-0.518955
-0.523142
-0.520166
-0.521267
-0.523725
-0.517902
-0.519201
-0.521694
-0.521861
-0.520544
-0.522138
-0.521358
-0.524285
-0.522947
-0.524028
-0.521371
-0.521181
-0.525473
-0.522260
-0.523026
-0.523881
-0.522848
-0.524847
-0.521490
-0.525440
-0.522596
-0.525796
-0.520257
-0.524588
-0.523370
-0.522514
-0.522513
-0.524193
-0.521908
-0.521712
-0.524356
-0.524476
-0.522942
-0.524360
-0.523597
-0.525178
-0.521262
-0.521492
-0.524113
-0.520481
-0.529310
-0.524018
-0.518702
-0.520605
-0.523005
-0.519043
-0.520054
-0.521137
-0.519331
-0.520293
-0.518429
-0.523063
-0.521799
-0.518192
-0.520876
-0.521272
-0.516629
-0.512501
-0.521339
-0.518427
-0.517079
-0.521435
-0.516005
-0.513917
-0.518628
-0.510406
-0.514040
-0.513927
-0.517657
-0.516712
-0.510962
-0.516803
-0.508783
-0.509412
-0.514525
-0.507099
-0.507788
-0.511229
-0.503755
-0.507017
-0.510895
-0.506105
-0.506804
-0.505121
-0.506887
-0.503900
-0.502325
-0.507296
-0.501345
-0.502681
-0.502217
-0.505342
-0.496861
-0.499092
-0.499069
-0.496015
-0.498662
-0.494078
-0.498245
-0.494855
-0.490869
-0.492629
-0.494475
-0.492588
-0.491952
-0.488378
-0.489647
-0.489811
-0.488552
-0.485110
-0.488642
-0.483194
-0.480005
-0.484310
-0.478799
-0.481171
-0.478978
-0.479026
-0.477209
-0.478797
-0.475309
-0.474675
-0.469721
-0.471390
-0.472619
-0.467974
-0.468472
-0.464694
-0.469071
-0.465436
-0.461629
-0.461185
-0.461766
-0.459928
-0.460017
-0.459927
-0.456482
-0.457982
-0.453772
-0.454570
-0.455345
-0.452148
-0.449433
-0.449762
-0.450071
-0.444249
-0.448744
-0.442621
-0.445640
-0.444471
-0.443487
-0.438512
-0.439629
-0.438332
-0.439989
-0.436396
-0.432406
-0.434728
-0.429621
-0.431243
-0.432227
-0.427598
-0.426449
-0.425065
-0.424140
-0.422142
-0.420717
-0.420303
-0.413255
-0.421294
-0.415657
-0.409860
-0.412668
-0.413454
-0.410341
-0.409745
-0.403915
-0.404676
-0.402370
-0.398689
-0.400617
-0.400484
-0.395760
-0.393568
-0.389232
-0.393034
-0.391817
-0.385049
-0.389427
-0.385142
-0.383514
-0.384119
-0.380918
-0.377753
-0.377847
-0.373319
-0.374288
-0.376122
-0.372129
-0.369996
-0.368123
-0.363466
-0.365861
-0.362798
-0.361889
-0.358504
-0.358748
-0.354552
-0.355044
-0.352793
-0.352750
-0.349602
-0.350530
-0.346959
-0.343559
-0.340893
-0.338228
-0.342628
-0.336369
-0.338841
-0.334209
-0.331050
-0.330742
-0.326792
-0.325953
-0.321487
-0.322518
-0.320789
-0.319772
-0.317027
-0.314771
-0.314795
-0.311876
-0.307479
-0.309026
-0.303225
-0.305045
-0.299559
-0.296984
-0.296682
-0.297276
-0.292449
-0.287293
-0.286981
-0.293010
-0.281419
-0.284572
-0.279679
-0.275554
-0.276876
-0.272972
-0.273675
-0.272213
-0.268528
-0.264333
-0.263356
-0.261266
-0.258576
-0.254131
-0.255190
-0.251971
-0.250152
-0.246422
-0.245607
-0.241877
-0.241255
-0.240627
-0.230831
-0.235968
-0.233306
-0.230375
-0.226789
-0.225944
-0.221812
-0.223863
-0.220631
-0.212985
-0.211917
-0.210477
-0.213120
-0.199966
-0.205997
-0.199845
-0.196739
-0.199744
-0.196941
-0.192359
-0.185814
-0.187277
-0.186743
-0.183802
-0.182600
-0.175382
-0.174359
-0.174039
-0.175321
-0.169435
-0.163430
-0.166361
-0.164645
-0.157061
-0.156858
-0.154634
-0.151460
-0.148838
-0.145945
-0.144338
-0.145113
-0.141408
-0.141650
-0.133021
-0.132129
-0.130328
-0.132303
-0.123529
-0.124407
-0.119423
-0.118270
-0.115268
-0.111850
-0.110745
-0.110705
-0.105424
-0.101992
-0.100431
-0.095993
-0.096468
-0.091307
-0.092494
-0.091269
-0.085666
-0.083915
-0.081914
-0.077159
-0.073243
-0.073710
-0.070688
-0.070820
-0.067301
-0.064748
-0.059276
-0.057343
-0.054844
-0.058051
-0.050035
-0.045962
-0.047106
-0.047938
-0.039822
-0.040555
-0.034016
-0.030369
-0.032165
-0.031802
-0.022583
-0.023631
-0.022470
-0.015530
-0.017549
-0.015067
-0.010306
-0.012323
-0.005719
-0.007699
0.002463
0.000598
0.006073
0.007989
0.010275
0.011368
0.011656
0.015738
0.013514
0.025190
0.025644
0.025931
0.029805
0.031073
0.034120
0.036273
0.040763
0.041554
0.042027
0.045461
0.050710
0.050541
0.054764
0.059278
0.063076
0.062631
0.062417
0.068016
0.069043
0.074171
0.075592
0.075729
0.083737
0.080578
0.088198
0.087290
0.092568
0.096394
0.095357
0.096613
0.103353
0.104940
0.107816
0.106618
0.110754
0.116286
0.120307
0.117358
0.121709
0.123584
0.126108
0.129651
0.130511
0.138769
0.136600
0.139549
0.141569
0.147338
0.146994
0.150218
0.154314
0.154404
0.153848
0.162309
0.165477
0.167123
0.166820
0.168998
0.174572
0.178057
0.180888
0.182645
0.186643
0.183714
0.192192
0.193375
0.191023
0.196252
0.199030
0.203628
0.205447
0.208295
0.208371
0.213518
0.208774
0.216368
0.218785
0.220098
0.224833
0.229468
0.227275
0.230332
0.235319
0.234849
0.240724
0.235958
0.245483
0.247946
0.251718
0.253320
0.252035
0.255647
0.257530
0.258694
0.263057
0.267388
0.269357
0.269199
0.274260
0.276129
0.274282
0.279685
0.282884
0.286816
0.286792
0.288377
0.292096
0.294759
0.297470
0.295644
0.304061
0.303365
0.304570
0.310572
0.312239
0.312083
0.313150
0.313953
0.318732
0.321613
0.317726
0.332115
0.325446
0.328972
0.334407
0.338222
0.338975
0.335760
0.340344
0.344621
0.348046
0.345245
0.352643
0.348010
0.357282
0.358397
0.361241
0.360453
0.363950
0.361747
0.366523
0.370955
0.371099
0.372993
0.373799
0.378980
0.380335
0.384070
0.383665
0.384827
0.389155
0.389338
0.392791
0.394629
0.392757
0.397530
0.402501
0.406684
0.404424
0.408161
0.407010
0.412548
0.410375
0.414605
0.415564
0.419333
0.421099
0.421005
0.426387
0.423841
0.429095
0.430196
0.431572
0.430357
0.435744
0.439463
0.438605
0.438738
0.444780
0.444168
0.441905
0.447811
0.453469
0.451937
0.450814
0.458413
0.453590
0.462624
0.457787
0.467181
0.466465
0.466724
0.463278
0.472577
0.469401
0.468176
0.473127
0.475746
0.477041
0.481749
0.478373
0.483983
0.482634
0.481721
0.487940
0.485748
0.490871
0.493557
0.492825
0.494529
0.499156
0.499153
0.496708
0.502427
0.503291
0.501313
0.510374
0.504499
0.507213
0.505414
0.510164
0.516715
0.511466
0.515321
0.516878
0.516667
0.519940
0.524977
0.518151
0.524435
0.527566
0.526310
0.525828
0.527639
0.528008
0.535682
0.530645
0.531490
0.537253
0.536754
0.538488
0.541486
0.541085
0.539310
0.540045
0.546590
0.543473
0.544859
0.551484
0.545728
0.550158
0.552528
0.555318
0.550671
0.558723
0.552736
0.556492
0.557526
0.558998
0.560232
0.556899
0.562332
0.566693
0.566001
0.562907
0.563029
0.569352
0.565380
0.567843
0.569203
0.572631
0.572711
0.575936
0.569089
0.575478
0.573907
0.578717
0.573727
0.576267
0.578837
0.577201
0.576791
0.572143
0.586607
0.583108
0.579035
0.581863
0.582090
0.581665
0.580202
0.584268
0.585235
0.584065
0.583294
0.582854
0.587565
0.589029
0.588926
0.587687
0.586931
0.591759
0.592506
0.588247
0.595056
0.590892
0.588334
0.594176
0.595095
0.594802
0.592511
0.596046
0.595397
0.596463
0.594418
0.594354
0.596945
0.594562
0.596148
0.596750
0.596816
0.597371
0.597075
0.597775
0.594791
0.600405
0.592253
0.597705
0.602118
0.600238
0.600500
0.596020
0.597885
0.599299
0.599463
0.600973
0.598598
0.599499
0.596592
0.599027
0.600204
0.602108
0.597358
0.596657
0.600644
0.602720
0.602032
0.599153
0.600649
0.600226
0.599475
0.598243
0.602601
0.603297
0.595683
0.596407
0.596937
0.600066
0.598676
0.595182
0.597788
0.599376
0.597055
0.599445
0.597354
0.597810
0.595926
0.600639
0.595910
0.593399
0.597132
0.595558
0.595963
0.594486
0.594950
0.595830
0.589293
0.595951
0.592662
0.593604
0.590363
0.591702
0.590071
0.590469
0.590743
0.587492
0.586835
0.588053
0.583915
0.586723
0.586970
0.585563
0.587869
0.584453
0.582985
0.584860
0.586881
0.582211
0.579482
0.581544
0.582397
0.580554
0.580324
0.583190
0.577010
0.571791
0.578589
0.576920
0.577290
0.572556
0.577633
0.570876
0.574471
0.570366
0.573216
0.572811
0.566900
0.571266
0.569458
0.561879
0.563769
0.567897
0.567792
0.560847
0.562923
0.562242
0.556847
0.564625
0.557058
0.558559
0.557077
0.555910
0.556509
0.553174
0.552294
0.550995
0.551895
0.548651
0.549891
0.548852
0.548511
0.546172
0.548896
0.546798
0.543344
0.543318
0.541968
0.541926
0.538305
0.535507
0.537903
0.536737
0.529911
0.535018
0.535313
0.531058
0.524585
0.536535
0.527965
0.525019
0.522460
0.520780
0.519446
0.523814
0.518726
0.519865
0.516707
0.514907
0.513063
0.515674
0.507842
0.510615
0.511053
0.509224
0.503266
0.502713
0.501971
0.501705
0.502813
0.497027
0.501107
0.493189
0.495680
0.492628
0.487171
0.493864
0.487885
0.488239
0.487289
0.489005
0.482734
0.481853
0.483695
0.479412
0.475411
0.479121
0.472984
0.474724
0.469760
0.469440
0.467139
0.464163
0.467008
0.464881
0.459811
0.463854
0.459794
0.453825
0.454979
0.456839
0.455343
0.449931
0.448988
0.450636
0.447405
0.445895
0.442330
0.441810
0.445459
0.434245
0.437290
0.433887
0.437762
0.431535
0.428001
0.429402
0.431895
0.425970
0.424478
0.419498
0.414595
0.420346
0.420879
0.418952
0.412262
0.412223
0.411528
0.410611
0.406392
0.402624
0.404609
0.403414
0.398617
0.397144
0.398192
0.396929
0.394659
0.389614
0.393065
0.388659
0.388663
0.383811
0.382316
0.384023
0.382750
0.378201
0.374180
0.373631
0.377518
0.369631
0.371803
0.364960
0.369790
0.366531
0.359556
0.361457
0.359242
0.357782
0.356770
0.355775
0.358107
0.351308
0.345468
0.348897
0.350468
0.341819
0.338995
0.343799
0.332941
0.344164
0.328254
0.333029
0.335130
0.326832
0.327825
0.326616
0.323036
0.321489
0.321262
0.320104
0.318192
0.315197
0.312101
0.312270
0.308215
0.307064
0.307581
0.305144
0.304211
0.300832
0.300510
0.299309
0.293640
0.295087
0.290952
0.288589
0.288944
0.290738
0.284047
0.283615
0.282557
0.278039
0.277656
0.273426
0.275999
0.275582
0.269331
0.266538
0.271287
0.261548
0.262350
0.262559
0.259960
0.260201
0.255806
0.255758
0.258291
0.246839
0.247577
0.248156
0.246401
0.243024
0.242821
0.234016
0.244014
0.240101
0.235396
0.229087
0.233026
0.231887
0.231436
0.224906
0.225418
0.224125
0.222961
0.218214
0.220542
0.219118
0.215198
0.215826
0.207160
0.209268
0.206892
0.210447
0.203159
0.201448
0.201866
0.196725
0.200571
0.197405
0.193561
0.191224
0.191423
0.191785
0.187057
0.188004
0.180954
0.183584
0.179296
0.183825
0.176219
0.179589
0.174810
0.176084
0.177214
0.168009
0.169776
0.166015
0.166649
0.162550
0.159381
0.165534
0.152845
0.160697
0.156051
0.151808
0.159467
0.148193
0.150208
0.149318
0.146942
0.142805
0.146380
0.139679
0.146168
0.137595
0.137811
0.137986
0.133774
0.137546
0.133724
0.128304
0.129591
0.129539
0.125353
0.125361
0.122905
0.122702
0.121443
0.120250
0.121882
0.116619
0.114839
0.109675
0.112247
0.112234
0.110023
0.107088
0.105474
0.107858
0.103953
0.104931
0.098682
0.098978
0.102244
0.098427
0.095169
0.097870
0.093503
0.088897
0.090780
0.094418
0.089175
0.086545
0.087949
0.085716
0.082432
0.084874
0.078755
0.082762
0.077309
0.079827
0.077955
0.077650
0.076215
0.074516
0.072809
0.070807
0.069378
0.067048
0.068587
0.068618
0.065278
0.066971
0.062868
0.060979
0.063663
0.065446
0.057244
0.056662
0.060338
0.059005
0.057096
0.058372
0.048015
0.053468
0.055878
0.048745
0.048091
0.045755
0.050307
0.046727
0.047152
0.045013
0.043918
0.044942
0.042543
0.038749
0.046978
0.035981
0.038684
0.042438
0.035520
0.034450
0.036602
0.035625
0.036473
0.031740
0.036934
0.028032
0.030861
0.027609
0.033488
0.023405
0.029338
0.027798
0.028429
0.027287
0.028237
0.023004
0.022886
0.024038
0.024907
0.020346
0.025079
0.021226
0.022501
0.016698
0.022740
0.017232
0.020832
0.015616
0.020016
0.020962
0.018860
0.013041
0.012548
0.014505
0.018848
0.017789
0.014104
0.010297
0.012692
0.015886
0.014393
0.011134
0.009988
0.009026
0.012795
0.010786
0.008931
0.014295
0.004940
0.008138
0.008777
0.008556
0.010854
0.011872
0.005032
0.007487
0.004005
0.008705
0.009320
0.004073
0.011482
0.004571
0.008311
0.009786
0.006735
0.007211
0.004790
0.008505
0.006043
0.003821
0.005900
0.007817
0.004958
0.002926
0.012733
0.002546
0.003682
0.002546
0.012733
0.002926
0.004958
0.007817
0.005900
0.003821
0.006043
0.008505
0.004790
0.007211
0.006735
0.009786
0.008311
0.004571
0.011482
0.004073
0.009320
0.008705
0.004005
0.007487
0.005032
0.011872
0.010854
0.008556
0.008777
0.008138
0.004940
0.014295
0.008931
0.010786
0.012795
0.009026
0.009988
0.011134
0.014393
0.015886
0.012692
0.010297
0.014104
0.017789
0.018848
0.014505
0.012548
0.013041
0.018860
0.020962
0.020016
0.015616
0.020832
0.017232
0.022740
0.016698
0.022501
0.021226
0.025079
0.020346
0.024907
0.024038
0.022886
0.023004
0.028237
0.027287
0.028429
0.027798
0.029338
0.023405
0.033488
0.027609
0.030861
0.028032
0.036934
0.031740
0.036473
0.035625
0.036602
0.034450
0.035520
0.042438
0.038684
0.035981
0.046978
0.038749
0.042543
0.044942
0.043918
0.045013
0.047152
0.046727
0.050307
0.045755
0.048091
0.048745
0.055878
0.053468
0.048015
0.058372
0.057096
0.059005
0.060338
0.056662
0.057244
0.065446
0.063663
0.060979
0.062868
0.066971
0.065278
0.068618
0.068587
0.067048
0.069378
0.070807
0.072809
0.074516
0.076215
0.077650
0.077955
0.079827
0.077309
0.082762
0.078755
0.084874
0.082432
0.085716
0.087949
0.086545
0.089175
0.094418
0.090780
0.088897
0.093503
0.097870
0.095169
0.098427
0.102244
0.098978
0.098682
0.104931
0.103953
0.107858
0.105474
0.107088
0.110023
0.112234
0.112247
0.109675
0.114839
0.116619
0.121882
0.120250
0.121443
0.122702
0.122905
0.125361
0.125353
0.129539
0.129591
0.128304
0.133724
0.137546
0.133774
0.137986
0.137811
0.137595
0.146168
0.139679
0.146380
0.142805
0.146942
0.149318
0.150208
0.148193
0.159467
0.151808
0.156051
0.160697
0.152845
0.165534
0.159381
0.162550
0.166649
0.166015
0.169776
0.168009
0.177214
0.176084
0.174810
0.179589
0.176219
0.183825
0.179296
0.183584
0.180954
0.188004
0.187057
0.191785
0.191423
0.191224
0.193561
0.197405
0.200571
0.196725
0.201866
0.201448
0.203159
0.210447
0.206892
0.209268
0.207160
0.215826
0.215198
0.219118
0.220542
0.218214
0.222961
0.224125
0.225418
0.224906
0.231436
0.231887
0.233026
0.229087
0.235396
0.240101
0.244014
0.234016
0.242821
0.243024
0.246401
0.248156
0.247577
0.246839
0.258291
0.255758
0.255806
0.260201
0.259960
0.262559
0.262350
0.261548
0.271287
0.266538
0.269331
0.275582
0.275999
0.273426
0.277656
0.278039
0.282557
0.283615
0.284047
0.290738
0.288944
0.288589
0.290952
0.295087
0.293640
0.299309
0.300510
0.300832
0.304211
0.305144
0.307581
0.307064
0.308215
0.312270
0.312101
0.315197
0.318192
0.320104
0.321262
0.321489
0.323036
0.326616
0.327825
0.326832
0.335130
0.333029
0.328254
0.344164
0.332941
0.343799
0.338995
0.341819
0.350468
0.348897
0.345468
0.351308
0.358107
0.355775
0.356770
0.357782
0.359242
0.361457
0.359556
0.366531
0.369790
0.364960
0.371803
0.369631
0.377518
0.373631
0.374180
0.378201
0.382750
0.384023
0.382316
0.383811
0.388663
0.388659
0.393065
0.389614
0.394659
0.396929
0.398192
0.397144
0.398617
0.403414
0.404609
0.402624
0.406392
0.410611
0.411528
0.412223
0.412262
0.418952
0.420879
0.420346
0.414595
0.419498
0.424478
0.425970
0.431895
0.429402
0.428001
0.431535
0.437762
0.433887
0.437290
0.434245
0.445459
0.441810
0.442330
0.445895
0.447405
0.450636
0.448988
0.449931
0.455343
0.456839
0.454979
0.453825
0.459794
0.463854
0.459811
0.464881
0.467008
0.464163
0.467139
0.469440
0.469760
0.474724
0.472984
0.479121
0.475411
0.479412
0.483695
0.481853
0.482734
0.489005
0.487289
0.488239
0.487885
0.493864
0.487171
0.492628
0.495680
0.493189
0.501107
0.497027
0.502813
0.501705
0.501971
0.502713
0.503266
0.509224
0.511053
0.510615
0.507842
0.515674
0.513063
0.514907
0.516707
0.519865
0.518726
0.523814
0.519446
0.520780
0.522460
0.525019
0.527965
0.536535
0.524585
0.531058
0.535313
0.535018
0.529911
0.536737
0.537903
0.535507
0.538305
0.541926
0.541968
0.543318
0.543344
0.546798
0.548896
0.546172
0.548511
0.548852
0.549891
0.548651
0.551895
0.550995
0.552294
0.553174
0.556509
0.555910
0.557077
0.558559
0.557058
0.564625
0.556847
0.562242
0.562923
0.560847
0.567792
0.567897
0.563769
0.561879
0.569458
0.571266
0.566900
0.572811
0.573216
0.570366
0.574471
0.570876
0.577633
0.572556
0.577290
0.576920
0.578589
0.571791
0.577010
0.583190
0.580324
0.580554
0.582397
0.581544
0.579482
0.582211
0.586881
0.584860
0.582985
0.584453
0.587869
0.585563
0.586970
0.586723
0.583915
0.588053
0.586835
0.587492
0.590743
0.590469
0.590071
0.591702
0.590363
0.593604
0.592662
0.595951
0.589293
0.595830
0.594950
0.594486
0.595963
0.595558
0.597132
0.593399
0.595910
0.600639
0.595926
0.597810
0.597354
0.599445
0.597055
0.599376
0.597788
0.595182
0.598676
0.600066
0.596937
0.596407
0.595683
0.603297
0.602601
0.598243
0.599475
0.600226
0.600649
0.599153
0.602032
0.602720
0.600644
0.596657
0.597358
0.602108
0.600204
0.599027
0.596592
0.599499
0.598598
0.600973
0.599463
0.599299
0.597885
0.596020
0.600500
0.600238
0.602118
0.597705
0.592253
0.600405
0.594791
0.597775
0.597075
0.597371
0.596816
0.596750
0.596148
0.594562
0.596945
0.594354
0.594418
0.596463
0.595397
0.596046
0.592511
0.594802
0.595095
0.594176
0.588334
0.590892
0.595056
0.588247
0.592506
0.591759
0.586931
0.587687
0.588926
0.589029
0.587565
0.582854
0.583294
0.584065
0.585235
0.584268
0.580202
0.581665
0.582090
0.581863
0.579035
0.583108
0.586607
0.572143
0.576791
0.577201
0.578837
0.576267
0.573727
0.578717
0.573907
0.575478
0.569089
0.575936
0.572711
0.572631
0.569203
0.567843
0.565380
0.569352
0.563029
0.562907
0.566001
0.566693
0.562332
0.556899
0.560232
0.558998
0.557526
0.556492
0.552736
0.558723
0.550671
0.555318
0.552528
0.550158
0.545728
0.551484
0.544859
0.543473
0.546590
0.540045
0.539310
0.541085
0.541486
0.538488
0.536754
0.537253
0.531490
0.530645
0.535682
0.528008
0.527639
0.525828
0.526310
0.527566
0.524435
0.518151
0.524977
0.519940
0.516667
0.516878
0.515321
0.511466
0.516715
0.510164
0.505414
0.507213
0.504499
0.510374
0.501313
0.503291
0.502427
0.496708
0.499153
0.499156
0.494529
0.492825
0.493557
0.490871
0.485748
0.487940
0.481721
0.482634
0.483983
0.478373
0.481749
0.477041
0.475746
0.473127
0.468176
0.469401
0.472577
0.463278
0.466724
0.466465
0.467181
0.457787
0.462624
0.453590
0.458413
0.450814
0.451937
0.453469
0.447811
0.441905
0.444168
0.444780
0.438738
0.438605
0.439463
0.435744
0.430357
0.431572
0.430196
0.429095
0.423841
0.426387
0.421005
0.421099
0.419333
0.415564
0.414605
0.410375
0.412548
0.407010
0.408161
0.404424
0.406684
0.402501
0.397530
0.392757
0.394629
0.392791
0.389338
0.389155
0.384827
0.383665
0.384070
0.380335
0.378980
0.373799
0.372993
0.371099
0.370955
0.366523
0.361747
0.363950
0.360453
0.361241
0.358397
0.357282
0.348010
0.352643
0.345245
0.348046
0.344621
0.340344
0.335760
0.338975
0.338222
0.334407
0.328972
0.325446
0.332115
0.317726
0.321613
0.318732
0.313953
0.313150
0.312083
0.312239
0.310572
0.304570
0.303365
0.304061
0.295644
0.297470
0.294759
0.292096
0.288377
0.286792
0.286816
0.282884
0.279685
0.274282
0.276129
0.274260
0.269199
0.269357
0.267388
0.263057
0.258694
0.257530
0.255647
0.252035
0.253320
0.251718
0.247946
0.245483
0.235958
0.240724
0.234849
0.235319
0.230332
0.227275
0.229468
0.224833
0.220098
0.218785
0.216368
0.208774
0.213518
0.208371
0.208295
0.205447
0.203628
0.199030
0.196252
0.191023
0.193375
0.192192
0.183714
0.186643
0.182645
0.180888
0.178057
0.174572
0.168998
0.166820
0.167123
0.165477
0.162309
0.153848
0.154404
0.154314
0.150218
0.146994
0.147338
0.141569
0.139549
0.136600
0.138769
0.130511
0.129651
0.126108
0.123584
0.121709
0.117358
0.120307
0.116286
0.110754
0.106618
0.107816
0.104940
0.103353
0.096613
0.095357
0.096394
0.092568
0.087290
0.088198
0.080578
0.083737
0.075729
0.075592
0.074171
0.069043
0.068016
0.062417
0.062631
0.063076
0.059278
0.054764
0.050541
0.050710
0.045461
0.042027
0.041554
0.040763
0.036273
0.034120
0.031073
0.029805
0.025931
0.025644
0.025190
0.013514
0.015738
0.011656
0.011368
0.010275
0.007989
0.006073
0.000598
0.002463
-0.007699
-0.005719
-0.012323
-0.010306
-0.015067
-0.017549
-0.015530
-0.022470
-0.023631
-0.022583
-0.031802
-0.032165
-0.030369
-0.034016
-0.040555
-0.039822
-0.047938
-0.047106
-0.045962
-0.050035
-0.058051
-0.054844
-0.057343
-0.059276
-0.064748
-0.067301
-0.070820
-0.070688
-0.073710
-0.073243
-0.077159
-0.081914
-0.083915
-0.085666
-0.091269
-0.092494
-0.091307
-0.096468
-0.095993
-0.100431
-0.101992
-0.105424
-0.110705
-0.110745
-0.111850
-0.115268
-0.118270
-0.119423
-0.124407
-0.123529
-0.132303
-0.130328
-0.132129
-0.133021
-0.141650
-0.141408
-0.145113
-0.144338
-0.145945
-0.148838
-0.151460
-0.154634
-0.156858
-0.157061
-0.164645
-0.166361
-0.163430
-0.169435
-0.175321
-0.174039
-0.174359
-0.175382
-0.182600
-0.183802
-0.186743
-0.187277
-0.185814
-0.192359
-0.196941
-0.199744
-0.196739
-0.199845
-0.205997
-0.199966
-0.213120
-0.210477
-0.211917
-0.212985
-0.220631
-0.223863
-0.221812
-0.225944
-0.226789
-0.230375
-0.233306
-0.235968
-0.230831
-0.240627
-0.241255
-0.241877
-0.245607
-0.246422
-0.250152
-0.251971
-0.255190
-0.254131
-0.258576
-0.261266
-0.263356
-0.264333
-0.268528
-0.272213
-0.273675
-0.272972
-0.276876
-0.275554
-0.279679
-0.284572
-0.281419
-0.293010
-0.286981
-0.287293
-0.292449
-0.297276
-0.296682
-0.296984
-0.299559
-0.305045
-0.303225
-0.309026
-0.307479
-0.311876
-0.314795
-0.314771
-0.317027
-0.319772
-0.320789
-0.322518
-0.321487
-0.325953
-0.326792
-0.330742
-0.331050
-0.334209
-0.338841
-0.336369
-0.342628
-0.338228
-0.340893
-0.343559
-0.346959
-0.350530
-0.349602
-0.352750
-0.352793
-0.355044
-0.354552
-0.358748
-0.358504
-0.361889
-0.362798
-0.365861
-0.363466
-0.368123
-0.369996
-0.372129
-0.376122
-0.374288
-0.373319
-0.377847
-0.377753
-0.380918
-0.384119
-0.383514
-0.385142
-0.389427
-0.385049
-0.391817
-0.393034
-0.389232
-0.393568
-0.395760
-0.400484
-0.400617
-0.398689
-0.402370
-0.404676
-0.403915
-0.409745
-0.410341
-0.413454
-0.412668
-0.409860
-0.415657
-0.421294
-0.413255
-0.420303
-0.420717
-0.422142
-0.424140
-0.425065
-0.426449
-0.427598
-0.432227
-0.431243
-0.429621
-0.434728
-0.432406
-0.436396
-0.439989
-0.438332
-0.439629
-0.438512
-0.443487
-0.444471
-0.445640
-0.442621
-0.448744
-0.444249
-0.450071
-0.449762
-0.449433
-0.452148
-0.455345
-0.454570
-0.453772
-0.457982
-0.456482
-0.459927
-0.460017
-0.459928
-0.461766
-0.461185
-0.461629
-0.465436
-0.469071
-0.464694
-0.468472
-0.467974
-0.472619
-0.471390
-0.469721
-0.474675
-0.475309
-0.478797
-0.477209
-0.479026
-0.478978
-0.481171
-0.478799
-0.484310
-0.480005
-0.483194
-0.488642
-0.485110
-0.488552
-0.489811
-0.489647
-0.488378
-0.491952
-0.492588
-0.494475
-0.492629
-0.490869
-0.494855
-0.498245
-0.494078
-0.498662
-0.496015
-0.499069
-0.499092
-0.496861
-0.505342
-0.502217
-0.502681
-0.501345
-0.507296
-0.502325
-0.503900
-0.506887
-0.505121
-0.506804
-0.506105
-0.510895
-0.507017
-0.503755
-0.511229
-0.507788
-0.507099
-0.514525
-0.509412
-0.508783
-0.516803
-0.510962
-0.516712
-0.517657
-0.513927
-0.514040
-0.510406
-0.518628
-0.513917
-0.516005
-0.521435
-0.517079
-0.518427
-0.521339
-0.512501
-0.516629
-0.521272
-0.520876
-0.518192
-0.521799
-0.523063
-0.518429
-0.520293
-0.519331
-0.521137
-0.520054
-0.519043
-0.523005
-0.520605
-0.518702
-0.524018
-0.529310
-0.520481
-0.524113
-0.521492
-0.521262
-0.525178
-0.523597
-0.524360
-0.522942
-0.524476
-0.524356
-0.521712
-0.521908
-0.524193
-0.522513
-0.522514
-0.523370
-0.524588
-0.520257
-0.525796
-0.522596
-0.525440
-0.521490
-0.524847
-0.522848
-0.523881
-0.523026
-0.522260
-0.525473
-0.521181
-0.521371
-0.524028
-0.522947
-0.524285
-0.521358
-0.522138
-0.520544
-0.521861
-0.521694
-0.519201
-0.517902
-0.523725
-0.521267
-0.520166
-0.523142
-0.518955
-0.517789
-0.518507
-0.520463
-0.519959
-0.517465
-0.518716
-0.521603
-0.516909
-0.519502
-0.518592
-0.518792
-0.520321
-0.515395
-0.517124
-0.515610
-0.517124
-0.513881
-0.514962
-0.514685
-0.514683
-0.516773
-0.515331
-0.510749
-0.509930
-0.512396
-0.511427
-0.513169
-0.511455
-0.512138
-0.509100
-0.510813
-0.509522
-0.503581
-0.510049
-0.508977
-0.507790
-0.506800
-0.506724
-0.503745
-0.502647
-0.506197
-0.504295
-0.499806
-0.503772
-0.501473
-0.504212
-0.504901
-0.496537
-0.497832
-0.497768
-0.498381
-0.497294
-0.497635
-0.497024
-0.493726
-0.496640
-0.495219
-0.495447
-0.491932
-0.492043
-0.493228
-0.490005
-0.489403
-0.491851
-0.491133
-0.487829
-0.485869
-0.488535
-0.485622
-0.482650
-0.486040
-0.485606
-0.485541
-0.483775
-0.481142
-0.477489
-0.481037
-0.477073
-0.481070
-0.476398
-0.479144
-0.478750
-0.478026
-0.474594
-0.475550
-0.470075
-0.471143
-0.474485
-0.469395
-0.466218
-0.470199
-0.465051
-0.470797
-0.469140
-0.468201
-0.462852
-0.465255
-0.466263
-0.464188
-0.460044
-0.460031
-0.456590
-0.457977
-0.460449
-0.451690
-0.456880
-0.455561
-0.453386
-0.450964
-0.450266
-0.449593
-0.446916
-0.446490
-0.447239
-0.445757
-0.440735
-0.446195
-0.444223
-0.443008
-0.441904
-0.441090
-0.438607
-0.438969
-0.436200
-0.435323
-0.436030
-0.436302
-0.433059
-0.430394
-0.432589
-0.425208
-0.429592
-0.424259
-0.429479
-0.428892
-0.425674
-0.420669
-0.419481
-0.422940
-0.421787
-0.417287
-0.417581
-0.418714
-0.414584
-0.417555
-0.410647
-0.414536
-0.408770
-0.407330
-0.412212
-0.404166
-0.403048
-0.405185
-0.402632
-0.402597
-0.400407
-0.399240
-0.401402
-0.395134
-0.396856
-0.393735
-0.392869
-0.391104
-0.391531
-0.387549
-0.387646
-0.389477
-0.389047
-0.386209
-0.384580
-0.383440
-0.379384
-0.375311
-0.379217
-0.378493
-0.376108
-0.376308
-0.372478
-0.374179
-0.373237
-0.370327
-0.368469
-0.369315
-0.365751
-0.364462
-0.365425
-0.362466
-0.362673
-0.362357
-0.359721
-0.354947
-0.362536
-0.354819
-0.355883
-0.355836
-0.347686
-0.352559
-0.350590
-0.348854
-0.347840
-0.347853
-0.342016
-0.341341
-0.341571
-0.342758
-0.339246
-0.338336
-0.337003
-0.337137
-0.333870
-0.332531
-0.327759
-0.332649
-0.326587
-0.327040
-0.329657
-0.323677
-0.325818
-0.320260
-0.321779
-0.320401
-0.321293
-0.318213
-0.315023
-0.320448
-0.312759
-0.317028
-0.311701
-0.310834
-0.311027
-0.309445
-0.307043
-0.304821
-0.303567
-0.305174
-0.304818
-0.303612
-0.299311
-0.296936
-0.299011
-0.295613
-0.292029
-0.293710
-0.291827
-0.290754
-0.290669
-0.288172
-0.286945
-0.283381
-0.284579
-0.281602
-0.281333
-0.280499
-0.279774
-0.277901
-0.276730
-0.275155
-0.272358
-0.274567
-0.273944
-0.269454
-0.268315
-0.265270
-0.265930
-0.267595
-0.263640
-0.263034
-0.262156
-0.260900
-0.258084
-0.257813
-0.253955
-0.255852
-0.255259
-0.254782
-0.252510
-0.250601
-0.248177
-0.245183
-0.246719
-0.246159
-0.247246
-0.242102
-0.241893
-0.244001
-0.239245
-0.238076
-0.237951
-0.237722
-0.231683
-0.235737
-0.233458
-0.229197
-0.231766
-0.225055
-0.223730
-0.226242
-0.225937
-0.222422
-0.222125
-0.223710
-0.220483
-0.219156
-0.213209
-0.216571
-0.218730
-0.209605
-0.212745
-0.213085
-0.208034
-0.209553
-0.206401
-0.204651
-0.208436
-0.202411
-0.206040
-0.201284
-0.199372
-0.195888
-0.199745
-0.199478
-0.194941
-0.193589
-0.193631
-0.189759
-0.191334
-0.189446
-0.185714
-0.189417
-0.183830
-0.186359
-0.183438
-0.183059
-0.181775
-0.180484
-0.174286
-0.178014
-0.175924
-0.175510
-0.173333
-0.171455
-0.174203
-0.173029
-0.171327
-0.166605
-0.165691
-0.169721
-0.166465
-0.165937
-0.158756
-0.162643
-0.162936
-0.161686
-0.158504
-0.161514
-0.156380
-0.156908
-0.156675
-0.154467
-0.154300
-0.152128
-0.147353
-0.151484
-0.150386
-0.149834
-0.146366
-0.146992
-0.145807
-0.144843
-0.141284
-0.140911
-0.140136
-0.141278
-0.137368
-0.141206
-0.137820
-0.139245
-0.139088
-0.135752
-0.133551
-0.131428
-0.132262
-0.131936
-0.129946
-0.127537
-0.128482
-0.128846
-0.126481
-0.127267
-0.124923
-0.126990
-0.118909
-0.122811
-0.122492
-0.121425
-0.119632
-0.124576
-0.115168
-0.115806
-0.115023
-0.115519
-0.114135
-0.110617
-0.113351
-0.112405
-0.110493
-0.107845
-0.106544
-0.108322
-0.106551
-0.103560
-0.101961
-0.101870
-0.107483
-0.104438
-0.100280
-0.099157
-0.098821
-0.098011
-0.100835
-0.099280
-0.095380
-0.095744
-0.094075
-0.091733
-0.094701
-0.096743
-0.092739
-0.092228
-0.083458
-0.088542
-0.086747
-0.085055
-0.085539
-0.080786
-0.083166
-0.085555
-0.084911
-0.082993
-0.079971
-0.077812
-0.082441
-0.079928
-0.073268
-0.079237
-0.073792
-0.074002
-0.069988
-0.076507
-0.073890
-0.071906
-0.070244
-0.069473
-0.068973
-0.064894
-0.069234
-0.067209
-0.067434
-0.065632
-0.064442
-0.064559
-0.065445
-0.058805
-0.063367
-0.063847
-0.061725
-0.056971
-0.059299
-0.057580
-0.060493
-0.057702
-0.059844
-0.051957
-0.053233
-0.055027
-0.056899
-0.055561
-0.052683
-0.049056
-0.053192
-0.051362
-0.052652
-0.047862
-0.051182
-0.051021
-0.048521
-0.048670
-0.046388
-0.046934
-0.042643
-0.048416
-0.045961
-0.044053
-0.040730
-0.043265
-0.044743
-0.042774
-0.042741
-0.041781
-0.039114
-0.038588
-0.040391
-0.042543
-0.040344
-0.039203
-0.038511
-0.040384
-0.041118
-0.047630
-0.052981
-0.059854
-0.069651


