M_loss: 1, M_sym: 4300.0, M_power: 9000, M_bandwidth: 22.3872113856834
0.000349
0.001647
-0.003432
0.001836
-0.001300
-0.000519
0.000921
-0.001173
0.003665
0.001547
-0.000505
0.001465
0.000518
0.000991
0.000325
-0.000847
-0.000610
0.000539
0.000471
0.001704
0.000903
0.002230
0.002845
-0.000829
0.000804
0.000934
0.002660
0.003175
-0.002009
0.002705
0.000646
-0.001160
-0.000373
0.001060
-0.003495
-0.000350
0.001637
-0.000938
0.000249
-0.000845
0.001415
0.001302
0.000119
-0.002150
-0.000965
-0.000124
-0.001476
0.001299
0.001973
0.000581
-0.000033
0.003540
0.000240
0.000452
0.003386
-0.000005
-0.000037
0.000582
0.003527
-0.000612
-0.001781
-0.001255
0.002500
0.000241
0.001509
-0.000240
0.001452
-0.001525
-0.000605
0.002289
-0.000445
0.004533
0.000207
0.001796
0.001551
-0.000658
0.002559
0.001010
-0.000536
0.001019
0.000668
-0.000601
0.000754
-0.002946
-0.003527
0.000964
0.001895
-0.001078
0.001521
0.000738
-0.000463
0.002022
0.000466
0.001981
-0.001869
-0.002494
0.000844
-0.001184
0.001999
-0.002328
0.000099
0.001916
0.001416
0.000824
0.000519
0.002306
0.000955
0.004031
0.000237
-0.000819
-0.002962
-0.003749
0.000192
-0.000027
0.001549
0.000810
0.003086
0.002573
-0.001616
0.001593
0.001329
-0.000767
-0.002172
0.002393
-0.002614
-0.002622
0.001243
0.000181
-0.002142
-0.002833
-0.000631
0.000093
0.001121
0.000711
0.002856
0.002096
0.003123
-0.003227
-0.001210
0.000529
-0.000897
-0.001079
-0.000860
0.000126
-0.001427
0.000609
-0.000079
-0.002265
0.005019
0.000220
0.001340
-0.000951
0.000528
-0.002578
-0.000973
-0.000989
-0.005690
-0.002450
0.004404
-0.000674
-0.000496
-0.001263
-0.002591
0.001695
0.001700
-0.000047
-0.003263
-0.001337
-0.000790
0.001188
0.000520
-0.001411
0.001303
-0.000580
-0.004195
-0.000393
-0.002216
0.001819
-0.002928
-0.004558
0.001283
0.000322
0.002605
-0.000754
-0.001851
0.001685
-0.002041
0.000059
0.000831
0.000621
-0.003807
0.001455
0.000323
-0.000483
-0.001344
-0.003540
0.000233
0.000293
-0.001475
-0.000131
-0.002097
0.001894
0.001038
-0.001217
0.001014
-0.000185
-0.003747
-0.000138
-0.000881
-0.001760
0.000972
-0.000941
-0.000123
-0.000569
-0.002739
-0.000086
-0.004277
0.001654
0.000246
-0.003476
-0.002125
-0.002566
-0.000189
0.001255
-0.000358
0.000380
0.000686
-0.004798
0.001259
0.000109
-0.003495
-0.000128
0.000000
0.000270
-0.000524
0.000147
-0.001936
-0.001265
0.002097
-0.003720
-0.003077
0.000107
0.003160
0.000857
-0.000974
-0.000244
-0.000160
-0.000609
-0.002493
0.000960
-0.001636
0.001401
-0.001389
-0.000566
-0.002400
-0.002423
-0.000442
-0.000340
-0.001825
-0.001329
-0.000001
-0.001964
-0.001511
-0.005054
-0.004219
-0.000012
0.000044
-0.003050
0.000664
0.000348
-0.002818
0.000038
-0.001095
-0.003176
0.002541
-0.003709
-0.001216
-0.005281
-0.001275
0.001030
0.004001
-0.003705
-0.003592
-0.003026
-0.002837
0.000718
-0.004093
-0.000148
-0.000321
0.000532
-0.003901
-0.002983
-0.003873
0.001178
0.001085
-0.003393
0.001802
-0.003193
-0.004411
-0.000304
-0.002308
0.000420
-0.000231
-0.003838
0.001745
-0.004264
-0.002094
-0.003060
-0.004363
-0.001172
0.000829
-0.000518
-0.002087
-0.000113
-0.003112
-0.000451
-0.004072
-0.004836
-0.002597
0.001595
-0.002641
-0.001333
-0.002700
-0.001964
-0.000980
-0.006172
-0.002694
-0.004426
-0.002599
-0.001011
-0.000349
-0.004542
-0.001842
0.001776
-0.004605
-0.000732
-0.004884
-0.001687
-0.004684
0.000762
-0.003659
-0.001227
0.002434
-0.004109
-0.002425
-0.003863
-0.003068
-0.002522
-0.004009
0.000089
-0.005595
-0.004961
0.000977
-0.001880
-0.001361
-0.001158
0.000632
-0.003792
-0.004713
0.002514
-0.003164
-0.001798
-0.003520
0.000400
-0.003026
-0.003657
-0.003467
-0.002762
-0.002242
-0.006671
-0.006584
-0.002557
-0.002545
0.000891
-0.007576
-0.000660
-0.000415
-0.005599
-0.004929
-0.004795
-0.004326
0.000144
-0.005850
-0.006118
-0.003093
-0.002188
-0.002521
-0.002119
0.000741
-0.002000
-0.005026
-0.001770
-0.001455
-0.002969
-0.006639
-0.001648
-0.001729
-0.003501
-0.002269
-0.003036
0.001812
-0.006406
-0.005519
-0.005471
-0.003136
-0.006160
0.002219
-0.008313
-0.003906
-0.007635
-0.003658
-0.003541
-0.003508
-0.005036
-0.005747
-0.004589
-0.003169
-0.003902
-0.005373
-0.003882
-0.003533
-0.004110
-0.002170
-0.002705
-0.007937
0.000684
-0.005697
-0.004687
-0.001854
-0.002422
-0.004030
-0.006878
-0.006167
-0.008274
-0.004858
-0.001414
-0.005485
-0.005664
-0.003464
-0.005818
-0.004127
-0.004107
-0.003802
-0.002536
-0.007020
-0.007670
-0.004093
-0.002277
-0.006314
-0.006862
-0.007791
-0.008350
-0.003971
-0.002705
-0.004552
-0.002085
-0.001467
-0.000923
-0.009114
-0.005210
-0.009463
-0.006780
-0.004907
-0.008539
-0.006301
-0.001600
-0.005809
0.000101
-0.006712
-0.007010
-0.006691
-0.004562
-0.007294
-0.005329
-0.005939
-0.009276
-0.003447
-0.004941
-0.001539
0.000628
-0.006779
-0.005622
-0.004410
-0.008884
-0.005313
-0.005916
-0.010067
-0.003568
-0.010496
-0.005749
-0.005882
-0.002303
-0.006486
-0.005165
-0.008038
-0.006884
-0.007227
-0.006300
-0.005296
-0.005612
-0.003178
-0.008987
-0.003461
-0.003423
-0.006805
-0.003087
-0.006962
-0.007551
-0.003556
-0.006290
-0.006434
-0.010002
-0.003529
-0.003502
-0.009230
-0.004354
-0.004231
-0.002505
-0.006618
-0.008621
-0.004765
-0.003154
-0.005878
-0.002244
-0.008313
-0.007147
-0.008171
-0.005442
-0.005495
-0.001950
-0.003326
-0.006836
-0.002661
-0.004111
-0.003484
-0.005681
-0.009430
-0.007499
-0.008799
-0.007192
-0.010371
-0.004112
-0.002638
-0.005292
-0.002402
-0.003969
-0.005755
-0.005816
-0.006952
-0.004964
-0.003589
-0.005797
-0.006567
-0.008504
-0.005317
-0.005007
-0.005143
-0.007886
-0.005310
-0.005711
-0.007468
-0.005120
-0.000116
0.001770
-0.006347
-0.008672
-0.006961
-0.002764
-0.007911
-0.008107
-0.005044
-0.005413
-0.005772
-0.005217
-0.007806
-0.006051
-0.004689
-0.008218
-0.003848
-0.008846
-0.005449
-0.005343
-0.007310
-0.004309
-0.006174
-0.007808
-0.006626
-0.002898
-0.007235
-0.006800
-0.005263
-0.007034
-0.007363
-0.010444
-0.006940
-0.005548
-0.008099
-0.007999
-0.005323
-0.001568
-0.006635
-0.006647
-0.006391
-0.006385
-0.009531
-0.003476
-0.003509
-0.009471
-0.004018
-0.003245
-0.009326
-0.008967
-0.009461
-0.006075
-0.007204
-0.004262
-0.003998
-0.008325
-0.012103
-0.006746
-0.005430
-0.010967
-0.004525
-0.005275
-0.009458
-0.008479
-0.005010
-0.004701
-0.006018
-0.010062
-0.009056
-0.005496
-0.008229
-0.008939
-0.009645
-0.008777
-0.007050
-0.006540
-0.008096
-0.006061
-0.008972
-0.009036
-0.005619
-0.009336
-0.009490
-0.006920
-0.005315
-0.006997
-0.005669
-0.006693
-0.007203
-0.009664
-0.005969
-0.005286
-0.009165
-0.005852
-0.010384
-0.007489
-0.007620
-0.004273
-0.004115
-0.006394
-0.012371
-0.009461
-0.007470
-0.010150
-0.008689
-0.008778
-0.007115
-0.010098
-0.008105
-0.009420
-0.005341
-0.009426
-0.004834
-0.006895
-0.008026
-0.009542
-0.006531
-0.005569
-0.005678
-0.005867
-0.008677
-0.009098
-0.006605
-0.006282
-0.008502
-0.008534
-0.009080
-0.004985
-0.007092
-0.008007
-0.008423
-0.008176
-0.007761
-0.006118
-0.002777
-0.009347
-0.007841
-0.007488
-0.006233
-0.008708
-0.005541
-0.004352
-0.011256
-0.011558
-0.010671
-0.012675
-0.008268
-0.007183
-0.010508
-0.005282
-0.008388
-0.008218
-0.005826
-0.005908
-0.004203
-0.010659
-0.008229
-0.011056
-0.007294
-0.005609
-0.006504
-0.007253
-0.006800
-0.006060
-0.006571
-0.006135
-0.006828
-0.008416
-0.007826
-0.002299
-0.011560
-0.009503
-0.006326
-0.009133
-0.003070
-0.009189
-0.009283
-0.009938
-0.004789
-0.010830
-0.007805
-0.007841
-0.011257
-0.004165
-0.010205
-0.008185
-0.005310
-0.006852
-0.009386
-0.006713
-0.005275
-0.010099
-0.006618
-0.005957
-0.006284
-0.007039
-0.008619
-0.003066
-0.006917
-0.004121
-0.010654
-0.005151
-0.008845
-0.005530
-0.006431
-0.007208
-0.006969
-0.010298
-0.005011
-0.005633
-0.009987
-0.011402
-0.010044
-0.009010
-0.010404
-0.013159
-0.006287
-0.006897
-0.011134
-0.006843
-0.005721
-0.005770
-0.006246
-0.007464
-0.011160
-0.009904
-0.009671
-0.002236
-0.008007
-0.008490
-0.006938
-0.007726
-0.007917
-0.005088
-0.010486
-0.007089
-0.011796
-0.011843
-0.011051
-0.009001
-0.007191
-0.006350
-0.011171
-0.008858
-0.004663
-0.006786
-0.012850
-0.009157
-0.004627
-0.007956
-0.005878
-0.007822
-0.007007
-0.007913
-0.009668
-0.004968
-0.010473
-0.009681
-0.009645
-0.011274
-0.009382
-0.011205
-0.009705
-0.005899
-0.009196
-0.011229
-0.008684
-0.009299
-0.007609
-0.005736
-0.010516
-0.006268
-0.005074
-0.005038
-0.010459
-0.006230
-0.005530
-0.012280
-0.005496
-0.005550
-0.011537
-0.007625
-0.007068
-0.010105
-0.008278
-0.012064
-0.009780
-0.007054
-0.004629
-0.009026
-0.009992
-0.006074
-0.002014
-0.009494
-0.006653
-0.009198
-0.010186
-0.008212
-0.006383
-0.010913
-0.010239
-0.007862
-0.006892
-0.004601
-0.004959
-0.008872
-0.006622
-0.008622
-0.004877
-0.011235
-0.012146
-0.004697
-0.005877
-0.006543
-0.013937
-0.012488
-0.007156
-0.011671
-0.001914
-0.008817
-0.011999
-0.008689
-0.006587
-0.007041
-0.008192
-0.007214
-0.005260
-0.008844
-0.004266
-0.006659
-0.013625
-0.005233
-0.007210
-0.006792
-0.006431
-0.005126
-0.007156
-0.011312
-0.009152
-0.007538
-0.005124
-0.008878
-0.005048
-0.005954
-0.006835
-0.009683
-0.011051
-0.006448
-0.005176
-0.007387
-0.004757
-0.007434
-0.004285
-0.003040
-0.006270
-0.006815
-0.007015
-0.003229
-0.010552
-0.009347
-0.009566
-0.003676
-0.008369
-0.008186
-0.002937
-0.011218
-0.007239
-0.003307
-0.009777
-0.004620
-0.013054
-0.007898
-0.008717
-0.005093
-0.007720
-0.005601
-0.008741
-0.005619
-0.010129
-0.004826
-0.006234
-0.008853
-0.011782
-0.009946
-0.006498
-0.005097
-0.006712
-0.006983
-0.009071
-0.007349
-0.005621
-0.008890
-0.006029
-0.007152
-0.003294
-0.006068
-0.004279
-0.003937
-0.008081
-0.009123
-0.011150
-0.006017
-0.007804
-0.004547
-0.007201
-0.000508
-0.005608
-0.004882
-0.010736
-0.011120
-0.007849
-0.003006
-0.007506
-0.004852
-0.006734
-0.009751
-0.000160
-0.003429
-0.004884
-0.001834
-0.001384
-0.006704
-0.001618
-0.004401
-0.004370
-0.007047
-0.008482
-0.008475
-0.005537
-0.006083
-0.010664
-0.006411
-0.006924
-0.004817
-0.003289
-0.009776
-0.006151
-0.007849
-0.008764
-0.009871
-0.006119
-0.006783
-0.001987
-0.005625
-0.009214
-0.006947
-0.001793
-0.003607
-0.009084
-0.004532
-0.007319
-0.009052
-0.004758
-0.004020
-0.002185
-0.001067
-0.003087
-0.001733
-0.009000
-0.006660
-0.011888
-0.010509
-0.003804
-0.002686
-0.010246
-0.002718
-0.004858
-0.000488
-0.006209
-0.006489
-0.007966
-0.009686
-0.007367
-0.003423
-0.003760
-0.004699
-0.003941
-0.007085
-0.004237
-0.005110
-0.004486
-0.005406
-0.009897
-0.003042
-0.005097
-0.001636
-0.007827
-0.006648
-0.009387
-0.003024
-0.008383
-0.002100
-0.008964
0.000710
-0.001628
-0.006780
-0.005421
-0.008292
-0.006196
-0.008092
-0.002215
-0.004156
-0.004995
-0.006065
-0.005238
-0.005508
-0.005960
-0.006375
-0.002979
-0.001454
-0.002598
-0.008016
-0.003029
0.000569
-0.000863
-0.004576
-0.004672
-0.004705
-0.007503
-0.003805
-0.002044
-0.009265
-0.007526
-0.006178
-0.008071
-0.001001
-0.001691
0.001254
-0.002526
-0.007310
-0.004538
-0.001983
-0.005455
-0.002819
-0.005716
-0.005109
-0.012334
-0.005998
-0.006318
-0.007336
-0.005560
-0.000941
-0.009170
-0.007362
-0.001673
-0.004715
-0.005129
-0.007806
-0.003630
-0.006452
-0.006755
-0.003643
-0.008289
-0.000933
-0.009004
-0.004323
-0.007184
0.000494
-0.005676
-0.005702
-0.002186
-0.000772
0.005043
-0.007823
-0.002141
-0.006545
-0.007407
0.002599
-0.002320
-0.006248
-0.002493
-0.003885
-0.005031
-0.002127
0.000669
-0.004211
-0.002801
-0.006817
-0.004215
-0.001037
-0.006391
-0.005311
-0.001486
-0.000019
0.000243
0.000128
0.000231
-0.008894
-0.006034
-0.005510
-0.004348
-0.008719
-0.010033
-0.000335
-0.001908
-0.007880
-0.001592
-0.000519
-0.008209
-0.005538
-0.007359
-0.002115
-0.000899
-0.005444
-0.004989
-0.002439
-0.009187
-0.007160
-0.005797
0.000808
-0.004882
-0.007824
-0.001299
-0.002502
-0.004784
-0.003168
-0.000966
-0.001537
-0.003889
0.000721
0.001078
-0.002194
-0.002967
-0.005010
-0.000797
-0.002045
0.000875
-0.008347
0.004817
-0.002389
-0.000843
-0.001880
0.001770
-0.002646
-0.005167
-0.003034
-0.001647
-0.007767
-0.004636
-0.006721
-0.004563
-0.009744
0.002369
-0.003493
-0.006890
-0.001487
-0.005212
-0.006941
0.001524
-0.003772
0.000071
-0.000936
-0.002960
0.002223
-0.007556
0.000025
-0.006640
-0.000279
0.001246
0.001172
-0.000700
-0.005525
-0.000218
-0.002335
0.000244
-0.003711
-0.003692
-0.003385
0.001898
-0.004028
-0.003814
-0.005131
-0.007594
-0.003695
-0.000150
-0.004543
-0.002282
-0.008057
0.001835
-0.012841
0.000175
-0.007147
0.002262
-0.004443
-0.000950
-0.004919
-0.002438
-0.004659
-0.001922
-0.005142
-0.003769
-0.000364
-0.004748
0.001222
0.001193
-0.002343
-0.004489
-0.002776
-0.000646
-0.006061
-0.003828
-0.006996
-0.000751
-0.001509
-0.007012
-0.000176
-0.000164
-0.007324
-0.001292
-0.000270
0.001271
0.000211
-0.003428
-0.007258
-0.003671
0.002655
-0.001348
0.003845
-0.003814
0.002693
-0.003129
-0.002668
0.002653
-0.000025
-0.004227
-0.001780
-0.003202
-0.003742
-0.004467
0.000195
0.001332
-0.005331
0.002183
0.004187
-0.008968
-0.000751
-0.004520
-0.006389
0.000763
-0.001340
-0.003954
-0.001959
-0.000519
-0.002769
0.001329
0.002058
-0.000803
-0.001165
-0.001234
-0.004708
-0.005674
0.003154
-0.002264
-0.000097
-0.001114
-0.001662
-0.001854
0.003375
-0.004763
-0.005357
0.000187
0.002246
-0.004209
0.002331
-0.002227
0.002177
-0.002955
-0.002603
0.002977
-0.002912
-0.000518
-0.004706
0.001050
-0.001954
-0.002031
0.001111
-0.001026
-0.003581
0.003446
-0.002388
0.000828
0.000347
-0.003642
-0.005884
-0.000125
-0.001528
-0.002690
-0.006006
-0.006018
-0.002979
0.002748
-0.001394
-0.003256
0.000104
-0.000666
-0.000940
-0.000807
-0.002258
0.000151
-0.000235
-0.001575
0.000809
0.005800
-0.003582
-0.002298
0.002208
-0.003695
0.005066
-0.000565
-0.000626
-0.000275
0.007459
0.000543
-0.001600
-0.004911
-0.003011
-0.001726
-0.005502
0.002260
-0.000495
0.000823
-0.001201
-0.004384
-0.002428
-0.001747
0.000453
-0.003095
-0.000154
0.004412
-0.001492
-0.002702
-0.007567
-0.005451
0.000250
-0.002143
-0.000419
0.001043
-0.000137
0.002771
-0.002520
0.001413
0.000748
0.001356
0.000340
-0.002278
-0.003153
-0.000342
0.001366
-0.007753
-0.001123
0.001797
-0.003301
-0.005171
0.000284
-0.003574
-0.003492
0.008172
0.000641
0.004298
0.004010
0.002471
-0.007351
0.002210
-0.002503
-0.001665
0.001511
-0.001412
0.000924
-0.006401
-0.003984
-0.005201
-0.006315
-0.002059
-0.004285
0.004955
0.003553
-0.001025
-0.001333
0.000497
0.002825
0.002284
0.001108
0.002481
0.000910
0.000512
-0.004243
-0.006400
0.002579
-0.002249
-0.006328
-0.002968
-0.000391
-0.003422
-0.004751
0.002803
0.003540
-0.001878
-0.003449
0.000357
-0.002225
0.003020
-0.001852
-0.000460
0.001922
-0.002777
0.001388
-0.003226
-0.001734
-0.000910
-0.000096
-0.003516
-0.001465
-0.006793
-0.001313
0.002058
-0.000410
-0.005453
0.000679
-0.003005
-0.000548
0.000489
-0.001392
0.000139
-0.002618
0.003547
-0.003705
0.002850
-0.005159
0.004364
0.002451
-0.001532
0.001003
0.005353
0.007311
-0.003069
-0.001873
0.000232
0.000499
0.002772
0.005497
0.007221
-0.002061
-0.007419
-0.002135
-0.004346
0.003490
-0.001719
0.005089
-0.005578
-0.000727
-0.003109
0.004339
-0.001134
-0.001730
0.003425
-0.005585
-0.003852
-0.002784
-0.002938
0.002559
-0.004286
0.002816
0.007258
-0.001811
-0.001105
0.001325
0.000932
0.004734
-0.003498
-0.001772
-0.000258
-0.000233
0.002207
0.003677
-0.002072
-0.001491
-0.002051
0.003054
0.002106
-0.001135
-0.000806
-0.001471
0.000513
-0.003704
0.000473
-0.004122
-0.000252
-0.001160
-0.003084
-0.005966
-0.000815
0.000289
0.002465
-0.001226
0.005262
-0.002466
-0.000350
0.002094
-0.002193
0.000376
-0.001554
-0.002235
-0.000489
-0.003784
-0.001426
0.003233
0.003444
-0.003186
-0.004275
-0.006135
-0.001134
0.001953
-0.002343
-0.002064
0.002354
-0.000048
-0.003654
-0.001016
-0.007540
-0.002349
0.002148
0.001788
-0.001036
0.002301
-0.008092
0.000415
-0.008715
-0.001568
0.001070
-0.002153
-0.002398
-0.001548
-0.000391
0.005528
-0.006534
-0.002517
-0.001181
0.001806
0.005384
-0.001206
-0.001391
0.002538
0.001004
0.000209
-0.005004
0.001500
0.003290
0.000399
0.006811
-0.001066
-0.000388
0.002343
0.003075
0.005821
0.007270
-0.001096
0.001970
0.002859
-0.002354
0.001490
0.007310
0.000550
0.005934
0.000995
0.003027
-0.002423
0.003121
0.000424
0.001466
0.001042
0.000826
0.002364
-0.002291
-0.001810
-0.003503
-0.001416
0.004057
-0.000615
-0.001727
0.000365
0.005926
-0.002806
-0.005587
-0.003321
0.000655
-0.003858
-0.005047
-0.002687
-0.001422
-0.003270
0.001876
-0.005253
0.000423
0.000516
-0.000592
-0.002581
-0.001830
0.003590
-0.003472
-0.004001
-0.002460
0.000905
-0.003825
0.000186
-0.003189
-0.001456
-0.001989
0.002998
-0.005908
-0.004562
-0.001949
-0.002660
-0.000044
0.000376
-0.001595
0.000108
-0.000348
-0.003271
0.000542
0.002365
-0.005171
-0.002518
-0.003071
0.002563
0.003428
0.000359
-0.001788
0.000799
-0.000723
0.002215
0.000011
-0.000741
-0.004827
0.002891
-0.001470
0.000469
-0.003394
0.000568
0.001830
-0.000957
-0.003281
0.001149
-0.004405
0.000394
0.002346
-0.002328
-0.001318
-0.003372
0.001100
0.001479
0.001002
0.004841
-0.000722
0.006601
-0.002154
-0.000441
-0.003195
-0.004317
-0.001401
0.000794
-0.001654
-0.001985
-0.005654
0.002400
0.000985
0.000830
0.001682
-0.000300
-0.001132
-0.003075
-0.001488
0.000221
0.000427
-0.001810
0.004244
0.002498
-0.000176
-0.002383
0.004727
0.003459
-0.000466
0.004098
-0.002662
-0.002772
-0.000794
0.003191
-0.003144
-0.000700
-0.004234
-0.000700
-0.003144
0.003191
-0.000794
-0.002772
-0.002662
0.004098
-0.000466
0.003459
0.004727
-0.002383
-0.000176
0.002498
0.004244
-0.001810
0.000427
0.000221
-0.001488
-0.003075
-0.001132
-0.000300
0.001682
0.000830
0.000985
0.002400
-0.005654
-0.001985
-0.001654
0.000794
-0.001401
-0.004317
-0.003195
-0.000441
-0.002154
0.006601
-0.000722
0.004841
0.001002
0.001479
0.001100
-0.003372
-0.001318
-0.002328
0.002346
0.000394
-0.004405
0.001149
-0.003281
-0.000957
0.001830
0.000568
-0.003394
0.000469
-0.001470
0.002891
-0.004827
-0.000741
0.000011
0.002215
-0.000723
0.000799
-0.001788
0.000359
0.003428
0.002563
-0.003071
-0.002518
-0.005171
0.002365
0.000542
-0.003271
-0.000348
0.000108
-0.001595
0.000376
-0.000044
-0.002660
-0.001949
-0.004562
-0.005908
0.002998
-0.001989
-0.001456
-0.003189
0.000186
-0.003825
0.000905
-0.002460
-0.004001
-0.003472
0.003590
-0.001830
-0.002581
-0.000592
0.000516
0.000423
-0.005253
0.001876
-0.003270
-0.001422
-0.002687
-0.005047
-0.003858
0.000655
-0.003321
-0.005587
-0.002806
0.005926
0.000365
-0.001727
-0.000615
0.004057
-0.001416
-0.003503
-0.001810
-0.002291
0.002364
0.000826
0.001042
0.001466
0.000424
0.003121
-0.002423
0.003027
0.000995
0.005934
0.000550
0.007310
0.001490
-0.002354
0.002859
0.001970
-0.001096
0.007270
0.005821
0.003075
0.002343
-0.000388
-0.001066
0.006811
0.000399
0.003290
0.001500
-0.005004
0.000209
0.001004
0.002538
-0.001391
-0.001206
0.005384
0.001806
-0.001181
-0.002517
-0.006534
0.005528
-0.000391
-0.001548
-0.002398
-0.002153
0.001070
-0.001568
-0.008715
0.000415
-0.008092
0.002301
-0.001036
0.001788
0.002148
-0.002349
-0.007540
-0.001016
-0.003654
-0.000048
0.002354
-0.002064
-0.002343
0.001953
-0.001134
-0.006135
-0.004275
-0.003186
0.003444
0.003233
-0.001426
-0.003784
-0.000489
-0.002235
-0.001554
0.000376
-0.002193
0.002094
-0.000350
-0.002466
0.005262
-0.001226
0.002465
0.000289
-0.000815
-0.005966
-0.003084
-0.001160
-0.000252
-0.004122
0.000473
-0.003704
0.000513
-0.001471
-0.000806
-0.001135
0.002106
0.003054
-0.002051
-0.001491
-0.002072
0.003677
0.002207
-0.000233
-0.000258
-0.001772
-0.003498
0.004734
0.000932
0.001325
-0.001105
-0.001811
0.007258
0.002816
-0.004286
0.002559
-0.002938
-0.002784
-0.003852
-0.005585
0.003425
-0.001730
-0.001134
0.004339
-0.003109
-0.000727
-0.005578
0.005089
-0.001719
0.003490
-0.004346
-0.002135
-0.007419
-0.002061
0.007221
0.005497
0.002772
0.000499
0.000232
-0.001873
-0.003069
0.007311
0.005353
0.001003
-0.001532
0.002451
0.004364
-0.005159
0.002850
-0.003705
0.003547
-0.002618
0.000139
-0.001392
0.000489
-0.000548
-0.003005
0.000679
-0.005453
-0.000410
0.002058
-0.001313
-0.006793
-0.001465
-0.003516
-0.000096
-0.000910
-0.001734
-0.003226
0.001388
-0.002777
0.001922
-0.000460
-0.001852
0.003020
-0.002225
0.000357
-0.003449
-0.001878
0.003540
0.002803
-0.004751
-0.003422
-0.000391
-0.002968
-0.006328
-0.002249
0.002579
-0.006400
-0.004243
0.000512
0.000910
0.002481
0.001108
0.002284
0.002825
0.000497
-0.001333
-0.001025
0.003553
0.004955
-0.004285
-0.002059
-0.006315
-0.005201
-0.003984
-0.006401
0.000924
-0.001412
0.001511
-0.001665
-0.002503
0.002210
-0.007351
0.002471
0.004010
0.004298
0.000641
0.008172
-0.003492
-0.003574
0.000284
-0.005171
-0.003301
0.001797
-0.001123
-0.007753
0.001366
-0.000342
-0.003153
-0.002278
0.000340
0.001356
0.000748
0.001413
-0.002520
0.002771
-0.000137
0.001043
-0.000419
-0.002143
0.000250
-0.005451
-0.007567
-0.002702
-0.001492
0.004412
-0.000154
-0.003095
0.000453
-0.001747
-0.002428
-0.004384
-0.001201
0.000823
-0.000495
0.002260
-0.005502
-0.001726
-0.003011
-0.004911
-0.001600
0.000543
0.007459
-0.000275
-0.000626
-0.000565
0.005066
-0.003695
0.002208
-0.002298
-0.003582
0.005800
0.000809
-0.001575
-0.000235
0.000151
-0.002258
-0.000807
-0.000940
-0.000666
0.000104
-0.003256
-0.001394
0.002748
-0.002979
-0.006018
-0.006006
-0.002690
-0.001528
-0.000125
-0.005884
-0.003642
0.000347
0.000828
-0.002388
0.003446
-0.003581
-0.001026
0.001111
-0.002031
-0.001954
0.001050
-0.004706
-0.000518
-0.002912
0.002977
-0.002603
-0.002955
0.002177
-0.002227
0.002331
-0.004209
0.002246
0.000187
-0.005357
-0.004763
0.003375
-0.001854
-0.001662
-0.001114
-0.000097
-0.002264
0.003154
-0.005674
-0.004708
-0.001234
-0.001165
-0.000803
0.002058
0.001329
-0.002769
-0.000519
-0.001959
-0.003954
-0.001340
0.000763
-0.006389
-0.004520
-0.000751
-0.008968
0.004187
0.002183
-0.005331
0.001332
0.000195
-0.004467
-0.003742
-0.003202
-0.001780
-0.004227
-0.000025
0.002653
-0.002668
-0.003129
0.002693
-0.003814
0.003845
-0.001348
0.002655
-0.003671
-0.007258
-0.003428
0.000211
0.001271
-0.000270
-0.001292
-0.007324
-0.000164
-0.000176
-0.007012
-0.001509
-0.000751
-0.006996
-0.003828
-0.006061
-0.000646
-0.002776
-0.004489
-0.002343
0.001193
0.001222
-0.004748
-0.000364
-0.003769
-0.005142
-0.001922
-0.004659
-0.002438
-0.004919
-0.000950
-0.004443
0.002262
-0.007147
0.000175
-0.012841
0.001835
-0.008057
-0.002282
-0.004543
-0.000150
-0.003695
-0.007594
-0.005131
-0.003814
-0.004028
0.001898
-0.003385
-0.003692
-0.003711
0.000244
-0.002335
-0.000218
-0.005525
-0.000700
0.001172
0.001246
-0.000279
-0.006640
0.000025
-0.007556
0.002223
-0.002960
-0.000936
0.000071
-0.003772
0.001524
-0.006941
-0.005212
-0.001487
-0.006890
-0.003493
0.002369
-0.009744
-0.004563
-0.006721
-0.004636
-0.007767
-0.001647
-0.003034
-0.005167
-0.002646
0.001770
-0.001880
-0.000843
-0.002389
0.004817
-0.008347
0.000875
-0.002045
-0.000797
-0.005010
-0.002967
-0.002194
0.001078
0.000721
-0.003889
-0.001537
-0.000966
-0.003168
-0.004784
-0.002502
-0.001299
-0.007824
-0.004882
0.000808
-0.005797
-0.007160
-0.009187
-0.002439
-0.004989
-0.005444
-0.000899
-0.002115
-0.007359
-0.005538
-0.008209
-0.000519
-0.001592
-0.007880
-0.001908
-0.000335
-0.010033
-0.008719
-0.004348
-0.005510
-0.006034
-0.008894
0.000231
0.000128
0.000243
-0.000019
-0.001486
-0.005311
-0.006391
-0.001037
-0.004215
-0.006817
-0.002801
-0.004211
0.000669
-0.002127
-0.005031
-0.003885
-0.002493
-0.006248
-0.002320
0.002599
-0.007407
-0.006545
-0.002141
-0.007823
0.005043
-0.000772
-0.002186
-0.005702
-0.005676
0.000494
-0.007184
-0.004323
-0.009004
-0.000933
-0.008289
-0.003643
-0.006755
-0.006452
-0.003630
-0.007806
-0.005129
-0.004715
-0.001673
-0.007362
-0.009170
-0.000941
-0.005560
-0.007336
-0.006318
-0.005998
-0.012334
-0.005109
-0.005716
-0.002819
-0.005455
-0.001983
-0.004538
-0.007310
-0.002526
0.001254
-0.001691
-0.001001
-0.008071
-0.006178
-0.007526
-0.009265
-0.002044
-0.003805
-0.007503
-0.004705
-0.004672
-0.004576
-0.000863
0.000569
-0.003029
-0.008016
-0.002598
-0.001454
-0.002979
-0.006375
-0.005960
-0.005508
-0.005238
-0.006065
-0.004995
-0.004156
-0.002215
-0.008092
-0.006196
-0.008292
-0.005421
-0.006780
-0.001628
0.000710
-0.008964
-0.002100
-0.008383
-0.003024
-0.009387
-0.006648
-0.007827
-0.001636
-0.005097
-0.003042
-0.009897
-0.005406
-0.004486
-0.005110
-0.004237
-0.007085
-0.003941
-0.004699
-0.003760
-0.003423
-0.007367
-0.009686
-0.007966
-0.006489
-0.006209
-0.000488
-0.004858
-0.002718
-0.010246
-0.002686
-0.003804
-0.010509
-0.011888
-0.006660
-0.009000
-0.001733
-0.003087
-0.001067
-0.002185
-0.004020
-0.004758
-0.009052
-0.007319
-0.004532
-0.009084
-0.003607
-0.001793
-0.006947
-0.009214
-0.005625
-0.001987
-0.006783
-0.006119
-0.009871
-0.008764
-0.007849
-0.006151
-0.009776
-0.003289
-0.004817
-0.006924
-0.006411
-0.010664
-0.006083
-0.005537
-0.008475
-0.008482
-0.007047
-0.004370
-0.004401
-0.001618
-0.006704
-0.001384
-0.001834
-0.004884
-0.003429
-0.000160
-0.009751
-0.006734
-0.004852
-0.007506
-0.003006
-0.007849
-0.011120
-0.010736
-0.004882
-0.005608
-0.000508
-0.007201
-0.004547
-0.007804
-0.006017
-0.011150
-0.009123
-0.008081
-0.003937
-0.004279
-0.006068
-0.003294
-0.007152
-0.006029
-0.008890
-0.005621
-0.007349
-0.009071
-0.006983
-0.006712
-0.005097
-0.006498
-0.009946
-0.011782
-0.008853
-0.006234
-0.004826
-0.010129
-0.005619
-0.008741
-0.005601
-0.007720
-0.005093
-0.008717
-0.007898
-0.013054
-0.004620
-0.009777
-0.003307
-0.007239
-0.011218
-0.002937
-0.008186
-0.008369
-0.003676
-0.009566
-0.009347
-0.010552
-0.003229
-0.007015
-0.006815
-0.006270
-0.003040
-0.004285
-0.007434
-0.004757
-0.007387
-0.005176
-0.006448
-0.011051
-0.009683
-0.006835
-0.005954
-0.005048
-0.008878
-0.005124
-0.007538
-0.009152
-0.011312
-0.007156
-0.005126
-0.006431
-0.006792
-0.007210
-0.005233
-0.013625
-0.006659
-0.004266
-0.008844
-0.005260
-0.007214
-0.008192
-0.007041
-0.006587
-0.008689
-0.011999
-0.008817
-0.001914
-0.011671
-0.007156
-0.012488
-0.013937
-0.006543
-0.005877
-0.004697
-0.012146
-0.011235
-0.004877
-0.008622
-0.006622
-0.008872
-0.004959
-0.004601
-0.006892
-0.007862
-0.010239
-0.010913
-0.006383
-0.008212
-0.010186
-0.009198
-0.006653
-0.009494
-0.002014
-0.006074
-0.009992
-0.009026
-0.004629
-0.007054
-0.009780
-0.012064
-0.008278
-0.010105
-0.007068
-0.007625
-0.011537
-0.005550
-0.005496
-0.012280
-0.005530
-0.006230
-0.010459
-0.005038
-0.005074
-0.006268
-0.010516
-0.005736
-0.007609
-0.009299
-0.008684
-0.011229
-0.009196
-0.005899
-0.009705
-0.011205
-0.009382
-0.011274
-0.009645
-0.009681
-0.010473
-0.004968
-0.009668
-0.007913
-0.007007
-0.007822
-0.005878
-0.007956
-0.004627
-0.009157
-0.012850
-0.006786
-0.004663
-0.008858
-0.011171
-0.006350
-0.007191
-0.009001
-0.011051
-0.011843
-0.011796
-0.007089
-0.010486
-0.005088
-0.007917
-0.007726
-0.006938
-0.008490
-0.008007
-0.002236
-0.009671
-0.009904
-0.011160
-0.007464
-0.006246
-0.005770
-0.005721
-0.006843
-0.011134
-0.006897
-0.006287
-0.013159
-0.010404
-0.009010
-0.010044
-0.011402
-0.009987
-0.005633
-0.005011
-0.010298
-0.006969
-0.007208
-0.006431
-0.005530
-0.008845
-0.005151
-0.010654
-0.004121
-0.006917
-0.003066
-0.008619
-0.007039
-0.006284
-0.005957
-0.006618
-0.010099
-0.005275
-0.006713
-0.009386
-0.006852
-0.005310
-0.008185
-0.010205
-0.004165
-0.011257
-0.007841
-0.007805
-0.010830
-0.004789
-0.009938
-0.009283
-0.009189
-0.003070
-0.009133
-0.006326
-0.009503
-0.011560
-0.002299
-0.007826
-0.008416
-0.006828
-0.006135
-0.006571
-0.006060
-0.006800
-0.007253
-0.006504
-0.005609
-0.007294
-0.011056
-0.008229
-0.010659
-0.004203
-0.005908
-0.005826
-0.008218
-0.008388
-0.005282
-0.010508
-0.007183
-0.008268
-0.012675
-0.010671
-0.011558
-0.011256
-0.004352
-0.005541
-0.008708
-0.006233
-0.007488
-0.007841
-0.009347
-0.002777
-0.006118
-0.007761
-0.008176
-0.008423
-0.008007
-0.007092
-0.004985
-0.009080
-0.008534
-0.008502
-0.006282
-0.006605
-0.009098
-0.008677
-0.005867
-0.005678
-0.005569
-0.006531
-0.009542
-0.008026
-0.006895
-0.004834
-0.009426
-0.005341
-0.009420
-0.008105
-0.010098
-0.007115
-0.008778
-0.008689
-0.010150
-0.007470
-0.009461
-0.012371
-0.006394
-0.004115
-0.004273
-0.007620
-0.007489
-0.010384
-0.005852
-0.009165
-0.005286
-0.005969
-0.009664
-0.007203
-0.006693
-0.005669
-0.006997
-0.005315
-0.006920
-0.009490
-0.009336
-0.005619
-0.009036
-0.008972
-0.006061
-0.008096
-0.006540
-0.007050
-0.008777
-0.009645
-0.008939
-0.008229
-0.005496
-0.009056
-0.010062
-0.006018
-0.004701
-0.005010
-0.008479
-0.009458
-0.005275
-0.004525
-0.010967
-0.005430
-0.006746
-0.012103
-0.008325
-0.003998
-0.004262
-0.007204
-0.006075
-0.009461
-0.008967
-0.009326
-0.003245
-0.004018
-0.009471
-0.003509
-0.003476
-0.009531
-0.006385
-0.006391
-0.006647
-0.006635
-0.001568
-0.005323
-0.007999
-0.008099
-0.005548
-0.006940
-0.010444
-0.007363
-0.007034
-0.005263
-0.006800
-0.007235
-0.002898
-0.006626
-0.007808
-0.006174
-0.004309
-0.007310
-0.005343
-0.005449
-0.008846
-0.003848
-0.008218
-0.004689
-0.006051
-0.007806
-0.005217
-0.005772
-0.005413
-0.005044
-0.008107
-0.007911
-0.002764
-0.006961
-0.008672
-0.006347
0.001770
-0.000116
-0.005120
-0.007468
-0.005711
-0.005310
-0.007886
-0.005143
-0.005007
-0.005317
-0.008504
-0.006567
-0.005797
-0.003589
-0.004964
-0.006952
-0.005816
-0.005755
-0.003969
-0.002402
-0.005292
-0.002638
-0.004112
-0.010371
-0.007192
-0.008799
-0.007499
-0.009430
-0.005681
-0.003484
-0.004111
-0.002661
-0.006836
-0.003326
-0.001950
-0.005495
-0.005442
-0.008171
-0.007147
-0.008313
-0.002244
-0.005878
-0.003154
-0.004765
-0.008621
-0.006618
-0.002505
-0.004231
-0.004354
-0.009230
-0.003502
-0.003529
-0.010002
-0.006434
-0.006290
-0.003556
-0.007551
-0.006962
-0.003087
-0.006805
-0.003423
-0.003461
-0.008987
-0.003178
-0.005612
-0.005296
-0.006300
-0.007227
-0.006884
-0.008038
-0.005165
-0.006486
-0.002303
-0.005882
-0.005749
-0.010496
-0.003568
-0.010067
-0.005916
-0.005313
-0.008884
-0.004410
-0.005622
-0.006779
0.000628
-0.001539
-0.004941
-0.003447
-0.009276
-0.005939
-0.005329
-0.007294
-0.004562
-0.006691
-0.007010
-0.006712
0.000101
-0.005809
-0.001600
-0.006301
-0.008539
-0.004907
-0.006780
-0.009463
-0.005210
-0.009114
-0.000923
-0.001467
-0.002085
-0.004552
-0.002705
-0.003971
-0.008350
-0.007791
-0.006862
-0.006314
-0.002277
-0.004093
-0.007670
-0.007020
-0.002536
-0.003802
-0.004107
-0.004127
-0.005818
-0.003464
-0.005664
-0.005485
-0.001414
-0.004858
-0.008274
-0.006167
-0.006878
-0.004030
-0.002422
-0.001854
-0.004687
-0.005697
0.000684
-0.007937
-0.002705
-0.002170
-0.004110
-0.003533
-0.003882
-0.005373
-0.003902
-0.003169
-0.004589
-0.005747
-0.005036
-0.003508
-0.003541
-0.003658
-0.007635
-0.003906
-0.008313
0.002219
-0.006160
-0.003136
-0.005471
-0.005519
-0.006406
0.001812
-0.003036
-0.002269
-0.003501
-0.001729
-0.001648
-0.006639
-0.002969
-0.001455
-0.001770
-0.005026
-0.002000
0.000741
-0.002119
-0.002521
-0.002188
-0.003093
-0.006118
-0.005850
0.000144
-0.004326
-0.004795
-0.004929
-0.005599
-0.000415
-0.000660
-0.007576
0.000891
-0.002545
-0.002557
-0.006584
-0.006671
-0.002242
-0.002762
-0.003467
-0.003657
-0.003026
0.000400
-0.003520
-0.001798
-0.003164
0.002514
-0.004713
-0.003792
0.000632
-0.001158
-0.001361
-0.001880
0.000977
-0.004961
-0.005595
0.000089
-0.004009
-0.002522
-0.003068
-0.003863
-0.002425
-0.004109
0.002434
-0.001227
-0.003659
0.000762
-0.004684
-0.001687
-0.004884
-0.000732
-0.004605
0.001776
-0.001842
-0.004542
-0.000349
-0.001011
-0.002599
-0.004426
-0.002694
-0.006172
-0.000980
-0.001964
-0.002700
-0.001333
-0.002641
0.001595
-0.002597
-0.004836
-0.004072
-0.000451
-0.003112
-0.000113
-0.002087
-0.000518
0.000829
-0.001172
-0.004363
-0.003060
-0.002094
-0.004264
0.001745
-0.003838
-0.000231
0.000420
-0.002308
-0.000304
-0.004411
-0.003193
0.001802
-0.003393
0.001085
0.001178
-0.003873
-0.002983
-0.003901
0.000532
-0.000321
-0.000148
-0.004093
0.000718
-0.002837
-0.003026
-0.003592
-0.003705
0.004001
0.001030
-0.001275
-0.005281
-0.001216
-0.003709
0.002541
-0.003176
-0.001095
0.000038
-0.002818
0.000348
0.000664
-0.003050
0.000044
-0.000012
-0.004219
-0.005054
-0.001511
-0.001964
-0.000001
-0.001329
-0.001825
-0.000340
-0.000442
-0.002423
-0.002400
-0.000566
-0.001389
0.001401
-0.001636
0.000960
-0.002493
-0.000609
-0.000160
-0.000244
-0.000974
0.000857
0.003160
0.000107
-0.003077
-0.003720
0.002097
-0.001265
-0.001936
0.000147
-0.000524
0.000270
0.000000
-0.000128
-0.003495
0.000109
0.001259
-0.004798
0.000686
0.000380
-0.000358
0.001255
-0.000189
-0.002566
-0.002125
-0.003476
0.000246
0.001654
-0.004277
-0.000086
-0.002739
-0.000569
-0.000123
-0.000941
0.000972
-0.001760
-0.000881
-0.000138
-0.003747
-0.000185
0.001014
-0.001217
0.001038
0.001894
-0.002097
-0.000131
-0.001475
0.000293
0.000233
-0.003540
-0.001344
-0.000483
0.000323
0.001455
-0.003807
0.000621
0.000831
0.000059
-0.002041
0.001685
-0.001851
-0.000754
0.002605
0.000322
0.001283
-0.004558
-0.002928
0.001819
-0.002216
-0.000393
-0.004195
-0.000580
0.001303
-0.001411
0.000520
0.001188
-0.000790
-0.001337
-0.003263
-0.000047
0.001700
0.001695
-0.002591
-0.001263
-0.000496
-0.000674
0.004404
-0.002450
-0.005690
-0.000989
-0.000973
-0.002578
0.000528
-0.000951
0.001340
0.000220
0.005019
-0.002265
-0.000079
0.000609
-0.001427
0.000126
-0.000860
-0.001079
-0.000897
0.000529
-0.001210
-0.003227
0.003123
0.002096
0.002856
0.000711
0.001121
0.000093
-0.000631
-0.002833
-0.002142
0.000181
0.001243
-0.002622
-0.002614
0.002393
-0.002172
-0.000767
0.001329
0.001593
-0.001616
0.002573
0.003086
0.000810
0.001549
-0.000027
0.000192
-0.003749
-0.002962
-0.000819
0.000237
0.004031
0.000955
0.002306
0.000519
0.000824
0.001416
0.001916
0.000099
-0.002328
0.001999
-0.001184
0.000844
-0.002494
-0.001869
0.001981
0.000466
0.002022
-0.000463
0.000738
0.001521
-0.001078
0.001895
0.000964
-0.003527
-0.002946
0.000754
-0.000601
0.000668
0.001019
-0.000536
0.001010
0.002559
-0.000658
0.001551
0.001796
0.000207
0.004533
-0.000445
0.002289
-0.000605
-0.001525
0.001452
-0.000240
0.001509
0.000241
0.002500
-0.001255
-0.001781
-0.000612
0.003527
0.000582
-0.000037
-0.000005
0.003386
0.000452
0.000240
0.003540
-0.000033
0.000581
0.001973
0.001299
-0.001476
-0.000124
-0.000965
-0.002150
0.000119
0.001302
0.001415
-0.000845
0.000249
-0.000938
0.001637
-0.000350
-0.003495
0.001060
-0.000373
-0.001160
0.000646
0.002705
-0.002009
0.003175
0.002660
0.000934
0.000804
-0.000829
0.002845
0.002230
0.000903
0.001704
0.000471
0.000539
-0.000610
-0.000847
0.000325
0.000991
0.000518
0.001465
-0.000505
0.001547
0.003665
-0.001173
0.000921
-0.000519
-0.001300
0.001836
-0.003432
0.001647
0.000349


