M_loss: 2, M_sym: 5, M_power: 9000, M_bandwidth: 22.3872113856834
0.025417
0.024061
0.021982
0.020257
0.017689
0.016965
0.015429
0.014845
0.013920
0.014756
0.013055
0.011318
0.012960
0.013659
0.014763
0.013975
0.012767
0.011729
0.012125
0.011796
0.013772
0.013797
0.014171
0.013189
0.010772
0.011113
0.011717
0.016565
0.011841
0.016746
0.014321
0.015289
0.014612
0.015371
0.015428
0.016283
0.013335
0.016208
0.015849
0.015508
0.018446
0.018745
0.016663
0.017340
0.016952
0.017129
0.014628
0.017358
0.017318
0.017506
0.018601
0.017770
0.017701
0.019303
0.019535
0.019351
0.018425
0.020017
0.019677
0.020402
0.018409
0.020644
0.020949
0.018386
0.021335
0.022722
0.020363
0.024132
0.022318
0.021235
0.021791
0.022584
0.022028
0.020488
0.022365
0.024688
0.023349
0.024654
0.023669
0.022621
0.023934
0.023393
0.024981
0.024543
0.023644
0.023718
0.024807
0.027899
0.025970
0.025632
0.026678
0.028923
0.025887
0.026787
0.027648
0.027012
0.029692
0.027450
0.028317
0.029075
0.028192
0.029953
0.028222
0.028923
0.027204
0.029319
0.029584
0.030247
0.028321
0.030687
0.033588
0.031086
0.032088
0.029662
0.034383
0.032075
0.030207
0.033264
0.032349
0.032278
0.033382
0.033298
0.034914
0.033976
0.035316
0.034221
0.037421
0.035269
0.033239
0.035033
0.035358
0.038008
0.035336
0.035222
0.036040
0.037971
0.038034
0.038361
0.037905
0.037010
0.037525
0.038604
0.038128
0.039088
0.037156
0.040833
0.040748
0.040031
0.040454
0.039925
0.042953
0.039409
0.039975
0.040984
0.041709
0.044006
0.042619
0.044462
0.042591
0.044222
0.043400
0.042894
0.044062
0.042385
0.043518
0.044459
0.044208
0.047128
0.045559
0.046193
0.045728
0.048768
0.045247
0.046644
0.047303
0.046927
0.047642
0.047307
0.047525
0.048780
0.050453
0.049523
0.048755
0.051413
0.047575
0.050485
0.048147
0.049276
0.052506
0.050067
0.054253
0.051328
0.051385
0.051441
0.052799
0.051874
0.053449
0.053142
0.055785
0.055040
0.054307
0.052576
0.056220
0.053270
0.055870
0.054391
0.058941
0.054863
0.056213
0.055569
0.055984
0.055266
0.057789
0.058226
0.059523
0.058050
0.059056
0.058010
0.056015
0.059671
0.056533
0.060705
0.060459
0.060503
0.059703
0.062439
0.062606
0.061419
0.061366
0.062254
0.063092
0.060177
0.064323
0.063781
0.062698
0.062836
0.063011
0.063512
0.065855
0.063688
0.065682
0.063794
0.065026
0.064646
0.066000
0.065967
0.065519
0.068534
0.066151
0.069556
0.066058
0.065361
0.068070
0.068769
0.068020
0.066793
0.069860
0.070141
0.070489
0.068193
0.071247
0.070743
0.069833
0.071433
0.068942
0.072671
0.071660
0.070012
0.072829
0.071005
0.073306
0.072422
0.071915
0.073795
0.072383
0.073584
0.073575
0.075421
0.074061
0.071525
0.075126
0.075235
0.075436
0.076957
0.076021
0.075500
0.075693
0.078184
0.075681
0.075825
0.077963
0.079269
0.075950
0.074897
0.079691
0.076406
0.077666
0.078941
0.077514
0.080883
0.079863
0.077906
0.080992
0.080342
0.081033
0.079206
0.083162
0.080738
0.079673
0.080408
0.083793
0.082081
0.080578
0.081878
0.083381
0.079602
0.082695
0.081470
0.082609
0.083940
0.084246
0.084600
0.083163
0.081644
0.084982
0.084706
0.081657
0.085883
0.084709
0.084497
0.086598
0.085701
0.087826
0.086953
0.086851
0.083323
0.086071
0.088450
0.087410
0.085613
0.084717
0.088555
0.087474
0.086194
0.088016
0.087885
0.087737
0.085603
0.088858
0.088872
0.088095
0.090013
0.088646
0.089437
0.088098
0.090095
0.088989
0.087801
0.090194
0.091216
0.089133
0.088812
0.091874
0.090781
0.089155
0.091431
0.092674
0.090914
0.091145
0.089497
0.090798
0.090934
0.093375
0.091844
0.090306
0.091092
0.093293
0.091977
0.090416
0.091113
0.091929
0.093370
0.094486
0.091761
0.092569
0.091451
0.096224
0.091945
0.093133
0.092597
0.093404
0.093582
0.092411
0.094369
0.093484
0.087980
0.095055
0.094727
0.094343
0.092430
0.094001
0.093555
0.093171
0.096141
0.092606
0.094225
0.093348
0.094186
0.096099
0.097510
0.094918
0.091401
0.092328
0.094630
0.096682
0.092146
0.093459
0.094367
0.095131
0.095168
0.093779
0.093260
0.094600
0.093527
0.095252
0.094343
0.095005
0.091587
0.093304
0.096231
0.093831
0.095406
0.094552
0.092970
0.094505
0.094778
0.094858
0.096384
0.094379
0.092873
0.094392
0.093294
0.094853
0.094506
0.091832
0.093066
0.096180
0.091877
0.094002
0.094527
0.092326
0.091921
0.092310
0.095829
0.092285
0.095401
0.092430
0.090246
0.092191
0.092349
0.094360
0.095282
0.092421
0.094739
0.089755
0.091510
0.090490
0.091093
0.094489
0.091275
0.092319
0.093056
0.091064
0.090217
0.090450
0.091420
0.090213
0.091125
0.089306
0.090912
0.090463
0.090515
0.088589
0.090504
0.089813
0.090135
0.090576
0.088976
0.090967
0.088757
0.089136
0.087969
0.087727
0.087369
0.090864
0.085314
0.085286
0.086573
0.083914
0.086910
0.085870
0.087512
0.088812
0.087789
0.086577
0.087681
0.086400
0.087246
0.084091
0.082853
0.087854
0.084429
0.083417
0.081900
0.088467
0.080336
0.083505
0.080158
0.080851
0.083292
0.080148
0.079841
0.081200
0.092814
0.079533
0.080110
0.080365
0.080746
0.077736
0.081747
0.078730
0.079227
0.078020
0.078036
0.078622
0.076709
0.077667
0.075808
0.081784
0.075705
0.076251
0.073789
0.076763
0.075494
0.075517
0.076534
0.073333
0.074744
0.072962
0.075875
0.071670
0.071723
0.073928
0.073358
0.071187
0.072526
0.070333
0.069665
0.070067
0.067818
0.069507
0.070041
0.067498
0.069773
0.066473
0.071531
0.068729
0.065006
0.066270
0.064204
0.063971
0.065244
0.066633
0.066093
0.066302
0.060556
0.063891
0.065435
0.062500
0.062018
0.058553
0.062996
0.062523
0.060689
0.056278
0.060303
0.060590
0.056767
0.056124
0.060642
0.054945
0.055774
0.055569
0.057470
0.052052
0.052889
0.057828
0.056291
0.058401
0.052185
0.052273
0.049320
0.051949
0.048674
0.047783
0.052244
0.052128
0.047484
0.049568
0.048095
0.047248
0.044336
0.046580
0.048399
0.044598
0.042391
0.045301
0.044372
0.043610
0.044038
0.044750
0.040338
0.040052
0.039227
0.037688
0.039612
0.042613
0.037561
0.039650
0.037991
0.035436
0.033315
0.037457
0.034264
0.033380
0.037747
0.028510
0.033060
0.030053
0.033087
0.032137
0.034164
0.031498
0.030732
0.027204
0.024014
0.023513
0.027829
0.027367
0.025182
0.024651
0.025622
0.024538
0.023920
0.022147
0.018457
0.025492
0.019496
0.019677
0.021672
0.020827
0.015617
0.015958
0.014955
0.017556
0.017551
0.014882
0.013173
0.013875
0.008621
0.013016
0.011379
0.007562
0.008456
0.020025
0.010076
0.009712
0.006959
0.008400
0.007503
0.007752
0.004236
0.003630
0.000923
0.001651
0.003982
0.002287
0.001057
-0.001822
0.002062
-0.002318
-0.001895
0.000928
-0.005576
-0.003293
-0.006198
-0.002237
-0.005123
-0.006329
-0.007455
-0.011174
-0.003658
-0.007682
-0.011760
-0.009210
-0.011670
-0.016500
-0.007496
-0.015684
-0.015368
-0.013068
-0.014556
-0.016532
-0.019025
-0.016052
-0.022061
-0.020763
-0.018132
-0.013707
-0.024650
-0.022764
-0.018408
-0.023483
-0.028822
-0.022830
-0.025320
-0.025502
-0.029646
-0.026866
-0.029801
-0.030148
-0.027349
-0.032558
-0.034127
-0.031318
-0.032534
-0.033491
-0.029444
-0.035488
-0.038038
-0.036152
-0.036791
-0.039248
-0.037591
-0.041763
-0.037923
-0.041149
-0.041972
-0.043013
-0.045598
-0.041220
-0.046335
-0.047098
-0.045057
-0.048423
-0.047940
-0.042496
-0.050650
-0.049114
-0.051802
-0.051915
-0.052776
-0.053224
-0.053356
-0.052419
-0.055735
-0.058313
-0.056044
-0.055304
-0.059948
-0.059959
-0.060835
-0.061600
-0.061989
-0.060784
-0.063473
-0.062719
-0.065785
-0.061130
-0.066048
-0.064151
-0.066739
-0.063318
-0.070714
-0.070840
-0.064650
-0.075728
-0.073802
-0.074728
-0.075041
-0.072558
-0.070938
-0.074146
-0.077702
-0.079518
-0.075947
-0.079456
-0.078754
-0.079180
-0.077160
-0.085274
-0.080759
-0.080815
-0.083456
-0.086665
-0.085051
-0.085648
-0.085466
-0.085367
-0.086928
-0.090929
-0.091233
-0.090350
-0.092403
-0.092653
-0.083961
-0.094374
-0.094671
-0.095725
-0.096436
-0.092040
-0.102345
-0.095051
-0.097420
-0.100360
-0.095602
-0.097238
-0.097442
-0.104752
-0.104961
-0.104152
-0.107490
-0.104127
-0.106497
-0.105916
-0.104121
-0.104461
-0.107042
-0.110242
-0.111172
-0.104630
-0.108277
-0.115127
-0.117177
-0.109534
-0.110732
-0.113901
-0.112638
-0.119553
-0.115729
-0.116301
-0.118454
-0.119526
-0.117984
-0.116814
-0.124891
-0.117884
-0.118413
-0.121171
-0.125073
-0.124785
-0.123671
-0.121668
-0.126637
-0.125285
-0.123854
-0.127490
-0.129395
-0.127579
-0.131035
-0.129938
-0.130535
-0.129288
-0.131528
-0.132452
-0.133164
-0.132257
-0.139391
-0.134699
-0.133767
-0.130244
-0.134556
-0.140619
-0.138146
-0.136020
-0.139171
-0.136053
-0.143846
-0.137839
-0.141827
-0.141679
-0.141615
-0.142272
-0.145232
-0.143901
-0.143069
-0.141911
-0.150496
-0.143815
-0.146102
-0.148041
-0.146285
-0.151369
-0.149084
-0.149494
-0.151934
-0.146362
-0.149607
-0.152763
-0.148236
-0.153469
-0.155885
-0.150775
-0.152950
-0.155159
-0.151912
-0.157231
-0.157904
-0.151986
-0.156857
-0.156618
-0.159320
-0.157070
-0.158757
-0.160355
-0.156998
-0.158414
-0.159593
-0.164755
-0.158755
-0.160390
-0.165362
-0.161452
-0.158909
-0.167850
-0.163941
-0.162830
-0.165116
-0.164114
-0.159716
-0.167411
-0.164081
-0.166501
-0.165484
-0.169266
-0.170521
-0.165452
-0.169871
-0.165168
-0.169309
-0.172365
-0.170951
-0.165575
-0.170425
-0.168462
-0.172139
-0.172565
-0.169187
-0.172710
-0.168646
-0.170654
-0.171191
-0.176411
-0.173159
-0.173402
-0.174720
-0.174723
-0.175226
-0.175449
-0.169959
-0.176992
-0.171931
-0.173994
-0.174180
-0.179792
-0.177941
-0.174071
-0.174228
-0.175049
-0.178532
-0.178239
-0.180043
-0.177534
-0.175727
-0.176724
-0.177689
-0.180341
-0.173723
-0.176102
-0.179915
-0.180304
-0.176675
-0.179818
-0.180195
-0.178739
-0.177196
-0.179318
-0.180657
-0.178543
-0.178757
-0.183165
-0.173780
-0.180593
-0.179169
-0.181324
-0.180266
-0.176002
-0.184672
-0.179886
-0.178250
-0.182869
-0.178306
-0.183914
-0.175915
-0.181587
-0.181746
-0.177928
-0.178510
-0.176964
-0.180759
-0.177758
-0.184366
-0.178561
-0.182432
-0.179050
-0.178086
-0.173789
-0.178346
-0.181333
-0.183801
-0.178896
-0.182383
-0.175036
-0.181990
-0.173461
-0.178758
-0.180047
-0.177175
-0.180074
-0.179559
-0.180311
-0.174784
-0.179212
-0.173999
-0.176307
-0.175721
-0.178151
-0.177439
-0.176724
-0.173941
-0.176570
-0.174498
-0.176737
-0.178310
-0.172398
-0.169938
-0.177076
-0.179131
-0.173466
-0.170383
-0.172887
-0.174699
-0.175645
-0.169410
-0.170472
-0.173042
-0.171593
-0.172114
-0.170333
-0.169272
-0.171011
-0.169298
-0.166782
-0.167787
-0.167194
-0.168336
-0.166816
-0.171689
-0.167395
-0.166352
-0.166108
-0.166515
-0.164703
-0.166737
-0.160826
-0.164719
-0.163654
-0.162239
-0.166432
-0.163022
-0.162029
-0.159829
-0.154994
-0.158789
-0.161546
-0.158404
-0.157652
-0.155473
-0.155613
-0.158952
-0.158572
-0.154582
-0.155579
-0.157354
-0.149772
-0.153961
-0.153135
-0.152637
-0.152106
-0.151906
-0.148614
-0.150922
-0.149203
-0.148734
-0.150015
-0.147956
-0.141517
-0.145422
-0.144757
-0.142345
-0.142650
-0.143059
-0.142928
-0.138261
-0.139951
-0.139885
-0.140667
-0.143029
-0.140127
-0.135778
-0.137021
-0.131480
-0.133884
-0.134883
-0.135867
-0.127666
-0.134492
-0.129147
-0.130773
-0.128341
-0.126794
-0.128605
-0.128260
-0.122156
-0.125010
-0.121808
-0.124912
-0.122217
-0.121332
-0.119294
-0.120571
-0.119397
-0.117340
-0.119229
-0.110619
-0.116851
-0.116178
-0.108929
-0.108511
-0.112574
-0.111861
-0.107107
-0.110979
-0.107631
-0.106644
-0.106041
-0.105755
-0.102798
-0.097940
-0.099464
-0.097120
-0.099837
-0.098586
-0.095017
-0.095685
-0.095323
-0.090633
-0.092256
-0.090332
-0.094764
-0.087118
-0.090127
-0.090356
-0.085319
-0.086492
-0.084315
-0.079946
-0.077066
-0.079538
-0.079191
-0.074914
-0.077529
-0.074355
-0.070301
-0.072401
-0.073379
-0.073693
-0.071613
-0.067053
-0.066489
-0.065247
-0.065578
-0.058275
-0.063434
-0.061596
-0.059333
-0.057770
-0.056586
-0.052588
-0.053835
-0.048743
-0.054191
-0.052054
-0.050168
-0.044566
-0.044641
-0.046251
-0.048599
-0.042312
-0.040049
-0.037527
-0.035439
-0.034329
-0.038867
-0.032876
-0.032514
-0.028501
-0.028349
-0.031307
-0.025560
-0.024866
-0.025795
-0.023859
-0.015700
-0.020312
-0.017508
-0.014346
-0.015887
-0.012402
-0.013374
-0.015214
-0.008984
-0.008791
-0.004130
-0.006201
-0.000823
-0.002057
0.001179
0.001973
0.001695
0.007936
0.005965
0.008930
0.008163
0.007035
0.015181
0.012329
0.014137
0.019335
0.017729
0.019601
0.024114
0.024004
0.022888
0.027586
0.027579
0.029712
0.031939
0.035072
0.034916
0.038617
0.039552
0.037058
0.040561
0.043854
0.045048
0.043573
0.049278
0.054349
0.051634
0.053311
0.055248
0.052842
0.056758
0.062332
0.064997
0.061722
0.060558
0.069456
0.070962
0.075258
0.070775
0.072134
0.073532
0.078942
0.079560
0.084698
0.079506
0.084861
0.086580
0.089387
0.090271
0.091819
0.091748
0.095025
0.097909
0.095996
0.104005
0.105926
0.104325
0.107966
0.108764
0.108319
0.109427
0.116002
0.113907
0.115871
0.119317
0.117127
0.125457
0.130212
0.127654
0.128923
0.127556
0.130845
0.134209
0.134473
0.140027
0.141077
0.142118
0.142340
0.147064
0.147261
0.147361
0.152238
0.150564
0.159798
0.159368
0.157427
0.163813
0.161735
0.164616
0.168325
0.165120
0.171866
0.171923
0.173734
0.174905
0.179170
0.177856
0.182574
0.185990
0.190532
0.187830
0.190813
0.192219
0.190088
0.196518
0.199096
0.197016
0.204740
0.204104
0.206738
0.212229
0.211883
0.211489
0.211763
0.212093
0.218015
0.223255
0.222187
0.223355
0.224589
0.227854
0.228213
0.230616
0.232289
0.239197
0.237239
0.240673
0.247214
0.244510
0.246107
0.250016
0.250058
0.251141
0.251545
0.252951
0.259796
0.262172
0.263195
0.265985
0.267211
0.267917
0.269394
0.273564
0.268920
0.274359
0.281920
0.281710
0.284577
0.280820
0.287345
0.289778
0.295477
0.292924
0.297529
0.296324
0.294558
0.305167
0.301327
0.304111
0.306791
0.312023
0.306817
0.312925
0.317739
0.312349
0.322963
0.321712
0.324434
0.326364
0.328266
0.326122
0.333276
0.332304
0.338897
0.338503
0.340219
0.338316
0.345667
0.345694
0.347299
0.347336
0.355094
0.352264
0.355981
0.362265
0.361191
0.362024
0.363051
0.364662
0.366972
0.373926
0.371305
0.371249
0.380463
0.376687
0.382760
0.381249
0.385495
0.384596
0.386620
0.390434
0.391491
0.397505
0.398841
0.392883
0.400646
0.400528
0.407354
0.406951
0.412038
0.409489
0.411926
0.411139
0.419013
0.416250
0.425032
0.422553
0.422848
0.426695
0.421384
0.431413
0.434231
0.435815
0.434154
0.436092
0.444425
0.439181
0.443137
0.445639
0.448768
0.452536
0.452435
0.454224
0.457027
0.454985
0.457877
0.460016
0.464319
0.463902
0.467680
0.470354
0.470820
0.470493
0.476617
0.476968
0.477462
0.479604
0.479219
0.485900
0.485883
0.488582
0.491708
0.491353
0.494878
0.492876
0.497109
0.494236
0.501988
0.505345
0.505695
0.507943
0.507871
0.509980
0.507683
0.516564
0.515479
0.519901
0.512892
0.525172
0.522216
0.524025
0.521551
0.525448
0.535553
0.533334
0.531838
0.535393
0.535654
0.538864
0.540130
0.542742
0.544232
0.542972
0.546682
0.550534
0.552833
0.553286
0.552404
0.558437
0.557759
0.555020
0.561000
0.562367
0.561022
0.567893
0.572297
0.570204
0.567803
0.572809
0.576067
0.574151
0.576453
0.580054
0.578720
0.581697
0.580844
0.586848
0.587398
0.591120
0.592885
0.593910
0.590313
0.596158
0.597504
0.600531
0.597786
0.598911
0.602996
0.605699
0.600645
0.607209
0.612948
0.607122
0.613910
0.613339
0.614442
0.618229
0.614913
0.616504
0.624383
0.621059
0.628403
0.625844
0.623515
0.630968
0.625229
0.629988
0.634648
0.630186
0.638016
0.640716
0.634361
0.638027
0.634569
0.638526
0.642339
0.647345
0.650527
0.651580
0.646558
0.648136
0.643706
0.657822
0.653544
0.655062
0.660057
0.652417
0.655918
0.663882
0.663207
0.662719
0.661150
0.667582
0.666088
0.664929
0.669560
0.667069
0.670288
0.672220
0.668950
0.677607
0.674737
0.679940
0.674156
0.677747
0.682410
0.679609
0.684850
0.684249
0.682568
0.686826
0.689836
0.688135
0.686622
0.691574
0.685355
0.695449
0.685053
0.693406
0.692917
0.695160
0.698379
0.696712
0.698922
0.703575
0.703967
0.705628
0.703213
0.696120
0.708473
0.704598
0.702022
0.707790
0.708846
0.706095
0.712570
0.714116
0.699652
0.715853
0.712829
0.716254
0.719677
0.708892
0.718923
0.718273
0.715566
0.717234
0.716868
0.723487
0.720718
0.718942
0.724007
0.727077
0.722495
0.724766
0.724069
0.720660
0.732774
0.724391
0.727857
0.725339
0.733046
0.733278
0.729793
0.728620
0.731501
0.732277
0.726276
0.735806
0.729154
0.738692
0.734109
0.738829
0.733975
0.730114
0.741049
0.743652
0.741512
0.735041
0.735974
0.738187
0.740067
0.738302
0.739995
0.740580
0.743318
0.746263
0.738616
0.740555
0.745539
0.744268
0.743051
0.742041
0.744351
0.745684
0.745706
0.745416
0.745631
0.741151
0.745289
0.747086
0.752456
0.750064
0.747597
0.746269
0.742381
0.753430
0.745220
0.749259
0.747869
0.744438
0.750878
0.749867
0.746343
0.748711
0.745580
0.753253
0.754016
0.748886
0.751052
0.746284
0.747746
0.751188
0.753552
0.750064
0.752776
0.747913
0.744786
0.747913
0.752776
0.750064
0.753552
0.751188
0.747746
0.746284
0.751052
0.748886
0.754016
0.753253
0.745580
0.748711
0.746343
0.749867
0.750878
0.744438
0.747869
0.749259
0.745220
0.753430
0.742381
0.746269
0.747597
0.750064
0.752456
0.747086
0.745289
0.741151
0.745631
0.745416
0.745706
0.745684
0.744351
0.742041
0.743051
0.744268
0.745539
0.740555
0.738616
0.746263
0.743318
0.740580
0.739995
0.738302
0.740067
0.738187
0.735974
0.735041
0.741512
0.743652
0.741049
0.730114
0.733975
0.738829
0.734109
0.738692
0.729154
0.735806
0.726276
0.732277
0.731501
0.728620
0.729793
0.733278
0.733046
0.725339
0.727857
0.724391
0.732774
0.720660
0.724069
0.724766
0.722495
0.727077
0.724007
0.718942
0.720718
0.723487
0.716868
0.717234
0.715566
0.718273
0.718923
0.708892
0.719677
0.716254
0.712829
0.715853
0.699652
0.714116
0.712570
0.706095
0.708846
0.707790
0.702022
0.704598
0.708473
0.696120
0.703213
0.705628
0.703967
0.703575
0.698922
0.696712
0.698379
0.695160
0.692917
0.693406
0.685053
0.695449
0.685355
0.691574
0.686622
0.688135
0.689836
0.686826
0.682568
0.684249
0.684850
0.679609
0.682410
0.677747
0.674156
0.679940
0.674737
0.677607
0.668950
0.672220
0.670288
0.667069
0.669560
0.664929
0.666088
0.667582
0.661150
0.662719
0.663207
0.663882
0.655918
0.652417
0.660057
0.655062
0.653544
0.657822
0.643706
0.648136
0.646558
0.651580
0.650527
0.647345
0.642339
0.638526
0.634569
0.638027
0.634361
0.640716
0.638016
0.630186
0.634648
0.629988
0.625229
0.630968
0.623515
0.625844
0.628403
0.621059
0.624383
0.616504
0.614913
0.618229
0.614442
0.613339
0.613910
0.607122
0.612948
0.607209
0.600645
0.605699
0.602996
0.598911
0.597786
0.600531
0.597504
0.596158
0.590313
0.593910
0.592885
0.591120
0.587398
0.586848
0.580844
0.581697
0.578720
0.580054
0.576453
0.574151
0.576067
0.572809
0.567803
0.570204
0.572297
0.567893
0.561022
0.562367
0.561000
0.555020
0.557759
0.558437
0.552404
0.553286
0.552833
0.550534
0.546682
0.542972
0.544232
0.542742
0.540130
0.538864
0.535654
0.535393
0.531838
0.533334
0.535553
0.525448
0.521551
0.524025
0.522216
0.525172
0.512892
0.519901
0.515479
0.516564
0.507683
0.509980
0.507871
0.507943
0.505695
0.505345
0.501988
0.494236
0.497109
0.492876
0.494878
0.491353
0.491708
0.488582
0.485883
0.485900
0.479219
0.479604
0.477462
0.476968
0.476617
0.470493
0.470820
0.470354
0.467680
0.463902
0.464319
0.460016
0.457877
0.454985
0.457027
0.454224
0.452435
0.452536
0.448768
0.445639
0.443137
0.439181
0.444425
0.436092
0.434154
0.435815
0.434231
0.431413
0.421384
0.426695
0.422848
0.422553
0.425032
0.416250
0.419013
0.411139
0.411926
0.409489
0.412038
0.406951
0.407354
0.400528
0.400646
0.392883
0.398841
0.397505
0.391491
0.390434
0.386620
0.384596
0.385495
0.381249
0.382760
0.376687
0.380463
0.371249
0.371305
0.373926
0.366972
0.364662
0.363051
0.362024
0.361191
0.362265
0.355981
0.352264
0.355094
0.347336
0.347299
0.345694
0.345667
0.338316
0.340219
0.338503
0.338897
0.332304
0.333276
0.326122
0.328266
0.326364
0.324434
0.321712
0.322963
0.312349
0.317739
0.312925
0.306817
0.312023
0.306791
0.304111
0.301327
0.305167
0.294558
0.296324
0.297529
0.292924
0.295477
0.289778
0.287345
0.280820
0.284577
0.281710
0.281920
0.274359
0.268920
0.273564
0.269394
0.267917
0.267211
0.265985
0.263195
0.262172
0.259796
0.252951
0.251545
0.251141
0.250058
0.250016
0.246107
0.244510
0.247214
0.240673
0.237239
0.239197
0.232289
0.230616
0.228213
0.227854
0.224589
0.223355
0.222187
0.223255
0.218015
0.212093
0.211763
0.211489
0.211883
0.212229
0.206738
0.204104
0.204740
0.197016
0.199096
0.196518
0.190088
0.192219
0.190813
0.187830
0.190532
0.185990
0.182574
0.177856
0.179170
0.174905
0.173734
0.171923
0.171866
0.165120
0.168325
0.164616
0.161735
0.163813
0.157427
0.159368
0.159798
0.150564
0.152238
0.147361
0.147261
0.147064
0.142340
0.142118
0.141077
0.140027
0.134473
0.134209
0.130845
0.127556
0.128923
0.127654
0.130212
0.125457
0.117127
0.119317
0.115871
0.113907
0.116002
0.109427
0.108319
0.108764
0.107966
0.104325
0.105926
0.104005
0.095996
0.097909
0.095025
0.091748
0.091819
0.090271
0.089387
0.086580
0.084861
0.079506
0.084698
0.079560
0.078942
0.073532
0.072134
0.070775
0.075258
0.070962
0.069456
0.060558
0.061722
0.064997
0.062332
0.056758
0.052842
0.055248
0.053311
0.051634
0.054349
0.049278
0.043573
0.045048
0.043854
0.040561
0.037058
0.039552
0.038617
0.034916
0.035072
0.031939
0.029712
0.027579
0.027586
0.022888
0.024004
0.024114
0.019601
0.017729
0.019335
0.014137
0.012329
0.015181
0.007035
0.008163
0.008930
0.005965
0.007936
0.001695
0.001973
0.001179
-0.002057
-0.000823
-0.006201
-0.004130
-0.008791
-0.008984
-0.015214
-0.013374
-0.012402
-0.015887
-0.014346
-0.017508
-0.020312
-0.015700
-0.023859
-0.025795
-0.024866
-0.025560
-0.031307
-0.028349
-0.028501
-0.032514
-0.032876
-0.038867
-0.034329
-0.035439
-0.037527
-0.040049
-0.042312
-0.048599
-0.046251
-0.044641
-0.044566
-0.050168
-0.052054
-0.054191
-0.048743
-0.053835
-0.052588
-0.056586
-0.057770
-0.059333
-0.061596
-0.063434
-0.058275
-0.065578
-0.065247
-0.066489
-0.067053
-0.071613
-0.073693
-0.073379
-0.072401
-0.070301
-0.074355
-0.077529
-0.074914
-0.079191
-0.079538
-0.077066
-0.079946
-0.084315
-0.086492
-0.085319
-0.090356
-0.090127
-0.087118
-0.094764
-0.090332
-0.092256
-0.090633
-0.095323
-0.095685
-0.095017
-0.098586
-0.099837
-0.097120
-0.099464
-0.097940
-0.102798
-0.105755
-0.106041
-0.106644
-0.107631
-0.110979
-0.107107
-0.111861
-0.112574
-0.108511
-0.108929
-0.116178
-0.116851
-0.110619
-0.119229
-0.117340
-0.119397
-0.120571
-0.119294
-0.121332
-0.122217
-0.124912
-0.121808
-0.125010
-0.122156
-0.128260
-0.128605
-0.126794
-0.128341
-0.130773
-0.129147
-0.134492
-0.127666
-0.135867
-0.134883
-0.133884
-0.131480
-0.137021
-0.135778
-0.140127
-0.143029
-0.140667
-0.139885
-0.139951
-0.138261
-0.142928
-0.143059
-0.142650
-0.142345
-0.144757
-0.145422
-0.141517
-0.147956
-0.150015
-0.148734
-0.149203
-0.150922
-0.148614
-0.151906
-0.152106
-0.152637
-0.153135
-0.153961
-0.149772
-0.157354
-0.155579
-0.154582
-0.158572
-0.158952
-0.155613
-0.155473
-0.157652
-0.158404
-0.161546
-0.158789
-0.154994
-0.159829
-0.162029
-0.163022
-0.166432
-0.162239
-0.163654
-0.164719
-0.160826
-0.166737
-0.164703
-0.166515
-0.166108
-0.166352
-0.167395
-0.171689
-0.166816
-0.168336
-0.167194
-0.167787
-0.166782
-0.169298
-0.171011
-0.169272
-0.170333
-0.172114
-0.171593
-0.173042
-0.170472
-0.169410
-0.175645
-0.174699
-0.172887
-0.170383
-0.173466
-0.179131
-0.177076
-0.169938
-0.172398
-0.178310
-0.176737
-0.174498
-0.176570
-0.173941
-0.176724
-0.177439
-0.178151
-0.175721
-0.176307
-0.173999
-0.179212
-0.174784
-0.180311
-0.179559
-0.180074
-0.177175
-0.180047
-0.178758
-0.173461
-0.181990
-0.175036
-0.182383
-0.178896
-0.183801
-0.181333
-0.178346
-0.173789
-0.178086
-0.179050
-0.182432
-0.178561
-0.184366
-0.177758
-0.180759
-0.176964
-0.178510
-0.177928
-0.181746
-0.181587
-0.175915
-0.183914
-0.178306
-0.182869
-0.178250
-0.179886
-0.184672
-0.176002
-0.180266
-0.181324
-0.179169
-0.180593
-0.173780
-0.183165
-0.178757
-0.178543
-0.180657
-0.179318
-0.177196
-0.178739
-0.180195
-0.179818
-0.176675
-0.180304
-0.179915
-0.176102
-0.173723
-0.180341
-0.177689
-0.176724
-0.175727
-0.177534
-0.180043
-0.178239
-0.178532
-0.175049
-0.174228
-0.174071
-0.177941
-0.179792
-0.174180
-0.173994
-0.171931
-0.176992
-0.169959
-0.175449
-0.175226
-0.174723
-0.174720
-0.173402
-0.173159
-0.176411
-0.171191
-0.170654
-0.168646
-0.172710
-0.169187
-0.172565
-0.172139
-0.168462
-0.170425
-0.165575
-0.170951
-0.172365
-0.169309
-0.165168
-0.169871
-0.165452
-0.170521
-0.169266
-0.165484
-0.166501
-0.164081
-0.167411
-0.159716
-0.164114
-0.165116
-0.162830
-0.163941
-0.167850
-0.158909
-0.161452
-0.165362
-0.160390
-0.158755
-0.164755
-0.159593
-0.158414
-0.156998
-0.160355
-0.158757
-0.157070
-0.159320
-0.156618
-0.156857
-0.151986
-0.157904
-0.157231
-0.151912
-0.155159
-0.152950
-0.150775
-0.155885
-0.153469
-0.148236
-0.152763
-0.149607
-0.146362
-0.151934
-0.149494
-0.149084
-0.151369
-0.146285
-0.148041
-0.146102
-0.143815
-0.150496
-0.141911
-0.143069
-0.143901
-0.145232
-0.142272
-0.141615
-0.141679
-0.141827
-0.137839
-0.143846
-0.136053
-0.139171
-0.136020
-0.138146
-0.140619
-0.134556
-0.130244
-0.133767
-0.134699
-0.139391
-0.132257
-0.133164
-0.132452
-0.131528
-0.129288
-0.130535
-0.129938
-0.131035
-0.127579
-0.129395
-0.127490
-0.123854
-0.125285
-0.126637
-0.121668
-0.123671
-0.124785
-0.125073
-0.121171
-0.118413
-0.117884
-0.124891
-0.116814
-0.117984
-0.119526
-0.118454
-0.116301
-0.115729
-0.119553
-0.112638
-0.113901
-0.110732
-0.109534
-0.117177
-0.115127
-0.108277
-0.104630
-0.111172
-0.110242
-0.107042
-0.104461
-0.104121
-0.105916
-0.106497
-0.104127
-0.107490
-0.104152
-0.104961
-0.104752
-0.097442
-0.097238
-0.095602
-0.100360
-0.097420
-0.095051
-0.102345
-0.092040
-0.096436
-0.095725
-0.094671
-0.094374
-0.083961
-0.092653
-0.092403
-0.090350
-0.091233
-0.090929
-0.086928
-0.085367
-0.085466
-0.085648
-0.085051
-0.086665
-0.083456
-0.080815
-0.080759
-0.085274
-0.077160
-0.079180
-0.078754
-0.079456
-0.075947
-0.079518
-0.077702
-0.074146
-0.070938
-0.072558
-0.075041
-0.074728
-0.073802
-0.075728
-0.064650
-0.070840
-0.070714
-0.063318
-0.066739
-0.064151
-0.066048
-0.061130
-0.065785
-0.062719
-0.063473
-0.060784
-0.061989
-0.061600
-0.060835
-0.059959
-0.059948
-0.055304
-0.056044
-0.058313
-0.055735
-0.052419
-0.053356
-0.053224
-0.052776
-0.051915
-0.051802
-0.049114
-0.050650
-0.042496
-0.047940
-0.048423
-0.045057
-0.047098
-0.046335
-0.041220
-0.045598
-0.043013
-0.041972
-0.041149
-0.037923
-0.041763
-0.037591
-0.039248
-0.036791
-0.036152
-0.038038
-0.035488
-0.029444
-0.033491
-0.032534
-0.031318
-0.034127
-0.032558
-0.027349
-0.030148
-0.029801
-0.026866
-0.029646
-0.025502
-0.025320
-0.022830
-0.028822
-0.023483
-0.018408
-0.022764
-0.024650
-0.013707
-0.018132
-0.020763
-0.022061
-0.016052
-0.019025
-0.016532
-0.014556
-0.013068
-0.015368
-0.015684
-0.007496
-0.016500
-0.011670
-0.009210
-0.011760
-0.007682
-0.003658
-0.011174
-0.007455
-0.006329
-0.005123
-0.002237
-0.006198
-0.003293
-0.005576
0.000928
-0.001895
-0.002318
0.002062
-0.001822
0.001057
0.002287
0.003982
0.001651
0.000923
0.003630
0.004236
0.007752
0.007503
0.008400
0.006959
0.009712
0.010076
0.020025
0.008456
0.007562
0.011379
0.013016
0.008621
0.013875
0.013173
0.014882
0.017551
0.017556
0.014955
0.015958
0.015617
0.020827
0.021672
0.019677
0.019496
0.025492
0.018457
0.022147
0.023920
0.024538
0.025622
0.024651
0.025182
0.027367
0.027829
0.023513
0.024014
0.027204
0.030732
0.031498
0.034164
0.032137
0.033087
0.030053
0.033060
0.028510
0.037747
0.033380
0.034264
0.037457
0.033315
0.035436
0.037991
0.039650
0.037561
0.042613
0.039612
0.037688
0.039227
0.040052
0.040338
0.044750
0.044038
0.043610
0.044372
0.045301
0.042391
0.044598
0.048399
0.046580
0.044336
0.047248
0.048095
0.049568
0.047484
0.052128
0.052244
0.047783
0.048674
0.051949
0.049320
0.052273
0.052185
0.058401
0.056291
0.057828
0.052889
0.052052
0.057470
0.055569
0.055774
0.054945
0.060642
0.056124
0.056767
0.060590
0.060303
0.056278
0.060689
0.062523
0.062996
0.058553
0.062018
0.062500
0.065435
0.063891
0.060556
0.066302
0.066093
0.066633
0.065244
0.063971
0.064204
0.066270
0.065006
0.068729
0.071531
0.066473
0.069773
0.067498
0.070041
0.069507
0.067818
0.070067
0.069665
0.070333
0.072526
0.071187
0.073358
0.073928
0.071723
0.071670
0.075875
0.072962
0.074744
0.073333
0.076534
0.075517
0.075494
0.076763
0.073789
0.076251
0.075705
0.081784
0.075808
0.077667
0.076709
0.078622
0.078036
0.078020
0.079227
0.078730
0.081747
0.077736
0.080746
0.080365
0.080110
0.079533
0.092814
0.081200
0.079841
0.080148
0.083292
0.080851
0.080158
0.083505
0.080336
0.088467
0.081900
0.083417
0.084429
0.087854
0.082853
0.084091
0.087246
0.086400
0.087681
0.086577
0.087789
0.088812
0.087512
0.085870
0.086910
0.083914
0.086573
0.085286
0.085314
0.090864
0.087369
0.087727
0.087969
0.089136
0.088757
0.090967
0.088976
0.090576
0.090135
0.089813
0.090504
0.088589
0.090515
0.090463
0.090912
0.089306
0.091125
0.090213
0.091420
0.090450
0.090217
0.091064
0.093056
0.092319
0.091275
0.094489
0.091093
0.090490
0.091510
0.089755
0.094739
0.092421
0.095282
0.094360
0.092349
0.092191
0.090246
0.092430
0.095401
0.092285
0.095829
0.092310
0.091921
0.092326
0.094527
0.094002
0.091877
0.096180
0.093066
0.091832
0.094506
0.094853
0.093294
0.094392
0.092873
0.094379
0.096384
0.094858
0.094778
0.094505
0.092970
0.094552
0.095406
0.093831
0.096231
0.093304
0.091587
0.095005
0.094343
0.095252
0.093527
0.094600
0.093260
0.093779
0.095168
0.095131
0.094367
0.093459
0.092146
0.096682
0.094630
0.092328
0.091401
0.094918
0.097510
0.096099
0.094186
0.093348
0.094225
0.092606
0.096141
0.093171
0.093555
0.094001
0.092430
0.094343
0.094727
0.095055
0.087980
0.093484
0.094369
0.092411
0.093582
0.093404
0.092597
0.093133
0.091945
0.096224
0.091451
0.092569
0.091761
0.094486
0.093370
0.091929
0.091113
0.090416
0.091977
0.093293
0.091092
0.090306
0.091844
0.093375
0.090934
0.090798
0.089497
0.091145
0.090914
0.092674
0.091431
0.089155
0.090781
0.091874
0.088812
0.089133
0.091216
0.090194
0.087801
0.088989
0.090095
0.088098
0.089437
0.088646
0.090013
0.088095
0.088872
0.088858
0.085603
0.087737
0.087885
0.088016
0.086194
0.087474
0.088555
0.084717
0.085613
0.087410
0.088450
0.086071
0.083323
0.086851
0.086953
0.087826
0.085701
0.086598
0.084497
0.084709
0.085883
0.081657
0.084706
0.084982
0.081644
0.083163
0.084600
0.084246
0.083940
0.082609
0.081470
0.082695
0.079602
0.083381
0.081878
0.080578
0.082081
0.083793
0.080408
0.079673
0.080738
0.083162
0.079206
0.081033
0.080342
0.080992
0.077906
0.079863
0.080883
0.077514
0.078941
0.077666
0.076406
0.079691
0.074897
0.075950
0.079269
0.077963
0.075825
0.075681
0.078184
0.075693
0.075500
0.076021
0.076957
0.075436
0.075235
0.075126
0.071525
0.074061
0.075421
0.073575
0.073584
0.072383
0.073795
0.071915
0.072422
0.073306
0.071005
0.072829
0.070012
0.071660
0.072671
0.068942
0.071433
0.069833
0.070743
0.071247
0.068193
0.070489
0.070141
0.069860
0.066793
0.068020
0.068769
0.068070
0.065361
0.066058
0.069556
0.066151
0.068534
0.065519
0.065967
0.066000
0.064646
0.065026
0.063794
0.065682
0.063688
0.065855
0.063512
0.063011
0.062836
0.062698
0.063781
0.064323
0.060177
0.063092
0.062254
0.061366
0.061419
0.062606
0.062439
0.059703
0.060503
0.060459
0.060705
0.056533
0.059671
0.056015
0.058010
0.059056
0.058050
0.059523
0.058226
0.057789
0.055266
0.055984
0.055569
0.056213
0.054863
0.058941
0.054391
0.055870
0.053270
0.056220
0.052576
0.054307
0.055040
0.055785
0.053142
0.053449
0.051874
0.052799
0.051441
0.051385
0.051328
0.054253
0.050067
0.052506
0.049276
0.048147
0.050485
0.047575
0.051413
0.048755
0.049523
0.050453
0.048780
0.047525
0.047307
0.047642
0.046927
0.047303
0.046644
0.045247
0.048768
0.045728
0.046193
0.045559
0.047128
0.044208
0.044459
0.043518
0.042385
0.044062
0.042894
0.043400
0.044222
0.042591
0.044462
0.042619
0.044006
0.041709
0.040984
0.039975
0.039409
0.042953
0.039925
0.040454
0.040031
0.040748
0.040833
0.037156
0.039088
0.038128
0.038604
0.037525
0.037010
0.037905
0.038361
0.038034
0.037971
0.036040
0.035222
0.035336
0.038008
0.035358
0.035033
0.033239
0.035269
0.037421
0.034221
0.035316
0.033976
0.034914
0.033298
0.033382
0.032278
0.032349
0.033264
0.030207
0.032075
0.034383
0.029662
0.032088
0.031086
0.033588
0.030687
0.028321
0.030247
0.029584
0.029319
0.027204
0.028923
0.028222
0.029953
0.028192
0.029075
0.028317
0.027450
0.029692
0.027012
0.027648
0.026787
0.025887
0.028923
0.026678
0.025632
0.025970
0.027899
0.024807
0.023718
0.023644
0.024543
0.024981
0.023393
0.023934
0.022621
0.023669
0.024654
0.023349
0.024688
0.022365
0.020488
0.022028
0.022584
0.021791
0.021235
0.022318
0.024132
0.020363
0.022722
0.021335
0.018386
0.020949
0.020644
0.018409
0.020402
0.019677
0.020017
0.018425
0.019351
0.019535
0.019303
0.017701
0.017770
0.018601
0.017506
0.017318
0.017358
0.014628
0.017129
0.016952
0.017340
0.016663
0.018745
0.018446
0.015508
0.015849
0.016208
0.013335
0.016283
0.015428
0.015371
0.014612
0.015289
0.014321
0.016746
0.011841
0.016565
0.011717
0.011113
0.010772
0.013189
0.014171
0.013797
0.013772
0.011796
0.012125
0.011729
0.012767
0.013975
0.014763
0.013659
0.012960
0.011318
0.013055
0.014756
0.013920
0.014845
0.015429
0.016965
0.017689
0.020257
0.021982
0.024061
0.025417


