M_loss: 1, M_sym: 5, M_power: 9000, M_bandwidth: 22.3872113856834
0.065238
0.044250
0.034678
0.029134
0.029425
0.026133
0.023734
0.023935
0.023227
0.022716
0.022474
0.024263
0.024430
0.024416
0.025698
0.025140
0.025111
0.026278
0.025964
0.026147
0.025954
0.028457
0.027782
0.028472
0.027818
0.028203
0.028775
0.028348
0.029400
0.029581
0.030744
0.030765
0.030967
0.031103
0.031417
0.032199
0.031337
0.033097
0.032451
0.034971
0.032167
0.036060
0.032953
0.035484
0.036064
0.036231
0.035785
0.037907
0.036818
0.037085
0.038084
0.038791
0.038804
0.037975
0.039600
0.040179
0.039759
0.041743
0.040692
0.042141
0.040890
0.044168
0.043046
0.044911
0.044352
0.044200
0.044239
0.045340
0.044197
0.045331
0.046147
0.048350
0.047751
0.047387
0.049739
0.050111
0.049529
0.049858
0.051147
0.050224
0.050235
0.051323
0.052437
0.053592
0.053572
0.053489
0.054842
0.053230
0.055608
0.056978
0.056126
0.057077
0.058053
0.056761
0.058417
0.058779
0.057383
0.060777
0.059695
0.061843
0.061781
0.062835
0.062682
0.062590
0.062747
0.064433
0.063072
0.065295
0.064651
0.067819
0.067578
0.066849
0.067947
0.067295
0.068707
0.068094
0.070445
0.070356
0.071791
0.072890
0.072314
0.072859
0.072078
0.072393
0.074405
0.075256
0.075123
0.075031
0.077748
0.077432
0.078749
0.079441
0.078785
0.078555
0.079123
0.080630
0.080374
0.081228
0.083704
0.082871
0.083387
0.084336
0.084704
0.085478
0.085198
0.087648
0.087136
0.085817
0.088941
0.089320
0.089373
0.090552
0.090299
0.091816
0.091796
0.092527
0.093480
0.092469
0.095064
0.095508
0.095732
0.096483
0.095525
0.098060
0.098569
0.099551
0.098289
0.099960
0.101131
0.100798
0.103062
0.101161
0.103831
0.103673
0.103951
0.105040
0.106107
0.105887
0.106319
0.108308
0.108309
0.108714
0.109606
0.110031
0.110188
0.111759
0.112643
0.111872
0.113954
0.114613
0.113320
0.115988
0.116360
0.115806
0.116247
0.119224
0.118513
0.119172
0.120465
0.120732
0.120441
0.122234
0.122292
0.122285
0.123943
0.125482
0.123639
0.125430
0.125693
0.128625
0.127862
0.128916
0.129701
0.129220
0.130578
0.130733
0.130287
0.133084
0.132416
0.133108
0.135182
0.135152
0.135853
0.137038
0.136850
0.137925
0.138762
0.137668
0.139557
0.140848
0.140669
0.142537
0.141907
0.142959
0.143357
0.144333
0.144970
0.146717
0.145600
0.148238
0.145943
0.148853
0.150480
0.148318
0.150296
0.151415
0.152666
0.151150
0.151831
0.155147
0.154372
0.154246
0.155608
0.155785
0.157919
0.157392
0.158205
0.160604
0.160733
0.159989
0.160028
0.160289
0.160384
0.162924
0.165449
0.163873
0.165471
0.166267
0.166620
0.167000
0.166730
0.167330
0.169010
0.169804
0.169792
0.170455
0.169817
0.174121
0.172318
0.174574
0.171941
0.174448
0.175777
0.175181
0.176131
0.177711
0.177642
0.179131
0.179153
0.179127
0.179885
0.181315
0.183452
0.181736
0.181868
0.183377
0.183105
0.185695
0.185773
0.185291
0.184961
0.187426
0.188288
0.188221
0.189848
0.190863
0.188636
0.191419
0.192154
0.191774
0.192584
0.191984
0.194669
0.193522
0.194150
0.195596
0.196085
0.197386
0.198874
0.197988
0.198852
0.199853
0.198994
0.199765
0.201554
0.200770
0.201204
0.203810
0.202017
0.202864
0.204648
0.204454
0.206413
0.206794
0.205759
0.206252
0.209802
0.209540
0.208432
0.207738
0.208375
0.211791
0.209806
0.211542
0.212838
0.213124
0.212990
0.213175
0.214498
0.214435
0.214831
0.215528
0.216129
0.216937
0.216851
0.217129
0.218991
0.218848
0.221100
0.219092
0.220388
0.220467
0.219740
0.220550
0.223646
0.220968
0.224608
0.223649
0.223081
0.223894
0.227321
0.224091
0.226108
0.228472
0.226562
0.225988
0.227000
0.227224
0.229393
0.227800
0.230330
0.230812
0.229001
0.231453
0.231089
0.231882
0.233088
0.230458
0.231074
0.235281
0.232823
0.232340
0.235023
0.235635
0.235352
0.235405
0.237594
0.235847
0.234071
0.236304
0.236611
0.237919
0.238150
0.239077
0.239425
0.240477
0.240362
0.236872
0.240006
0.240028
0.239732
0.241888
0.241705
0.242682
0.241550
0.241187
0.241070
0.242438
0.246152
0.242761
0.242254
0.244968
0.243087
0.245173
0.243649
0.244593
0.247423
0.245192
0.245054
0.245785
0.246831
0.246942
0.245466
0.247311
0.246070
0.246725
0.246596
0.249982
0.247998
0.247532
0.247391
0.250689
0.248139
0.247434
0.249766
0.250065
0.248597
0.250647
0.246930
0.250192
0.250270
0.249824
0.251178
0.249944
0.250546
0.249350
0.251219
0.252811
0.251885
0.249321
0.250649
0.250683
0.251182
0.250340
0.251838
0.252467
0.251725
0.251694
0.250703
0.251275
0.250188
0.257180
0.250207
0.251789
0.250612
0.251045
0.250285
0.256242
0.251993
0.251813
0.251414
0.250578
0.251622
0.252596
0.250717
0.251504
0.253631
0.251626
0.252144
0.251441
0.252389
0.250953
0.247601
0.255135
0.252802
0.248116
0.250437
0.252443
0.248877
0.250329
0.252938
0.250130
0.251870
0.250457
0.249768
0.254063
0.248404
0.252569
0.250124
0.249363
0.248189
0.249407
0.248470
0.249082
0.248893
0.247254
0.246724
0.248132
0.248144
0.246550
0.244436
0.248188
0.247045
0.244411
0.245827
0.246001
0.242983
0.245410
0.245514
0.243205
0.243029
0.244491
0.243336
0.243700
0.243053
0.243317
0.239787
0.242153
0.244575
0.241473
0.240123
0.241649
0.239978
0.238201
0.238802
0.242415
0.237751
0.239535
0.238562
0.238964
0.237086
0.236709
0.236264
0.238486
0.235465
0.233753
0.234222
0.236980
0.233582
0.233892
0.233936
0.232110
0.232926
0.230974
0.230352
0.232783
0.228030
0.234039
0.230592
0.226765
0.227085
0.227748
0.227946
0.224380
0.226019
0.229184
0.224385
0.224486
0.225242
0.221441
0.222135
0.223283
0.221870
0.218114
0.223860
0.219781
0.219095
0.217999
0.217609
0.217335
0.215666
0.215537
0.215622
0.214136
0.216608
0.211204
0.212393
0.211654
0.214624
0.208925
0.210928
0.207883
0.207279
0.205549
0.207967
0.208172
0.205694
0.204100
0.203583
0.202565
0.202094
0.203528
0.201143
0.197962
0.198038
0.199069
0.197952
0.196850
0.197382
0.192702
0.195175
0.195438
0.192820
0.190261
0.189177
0.189651
0.189258
0.188908
0.187178
0.187135
0.187205
0.186021
0.183175
0.182913
0.181645
0.180656
0.177998
0.180581
0.180385
0.174986
0.177404
0.175823
0.174206
0.172635
0.176333
0.169818
0.171955
0.169930
0.167883
0.167048
0.167273
0.165737
0.165326
0.163159
0.163069
0.163724
0.159153
0.160790
0.159346
0.155228
0.156494
0.155767
0.154306
0.154720
0.152685
0.149909
0.153255
0.150045
0.145496
0.146173
0.144536
0.145681
0.143102
0.145086
0.141196
0.140580
0.138468
0.139645
0.133990
0.135158
0.137110
0.132829
0.133192
0.130739
0.129333
0.129481
0.127352
0.126835
0.124987
0.124543
0.123786
0.120146
0.122689
0.118260
0.116226
0.116492
0.117335
0.115029
0.111688
0.115109
0.111526
0.107608
0.108518
0.105652
0.105882
0.103959
0.102994
0.104279
0.101222
0.098629
0.097895
0.096053
0.095002
0.094217
0.092415
0.093848
0.091031
0.088194
0.087301
0.088516
0.083496
0.085490
0.079826
0.079582
0.082305
0.077682
0.076730
0.079637
0.073183
0.072589
0.070405
0.070393
0.069888
0.067291
0.066758
0.064464
0.063592
0.063714
0.059815
0.058744
0.057623
0.059318
0.051209
0.055930
0.053074
0.051167
0.048538
0.046964
0.048469
0.043702
0.044826
0.041991
0.043057
0.041302
0.036822
0.036563
0.034182
0.034253
0.031847
0.030978
0.029850
0.027815
0.028349
0.023109
0.024833
0.022995
0.019726
0.021151
0.018473
0.014405
0.017805
0.012713
0.010192
0.011094
0.007294
0.006674
0.007221
0.005757
0.002873
0.003110
-0.001015
0.000093
-0.004030
-0.005462
-0.006441
-0.005059
-0.008934
-0.012123
-0.014427
-0.012716
-0.010766
-0.016751
-0.020603
-0.018246
-0.021243
-0.022762
-0.024515
-0.024642
-0.028437
-0.026928
-0.030813
-0.031230
-0.032090
-0.036921
-0.036499
-0.037382
-0.036756
-0.042845
-0.042553
-0.045196
-0.043837
-0.047361
-0.049488
-0.048655
-0.052353
-0.051577
-0.056245
-0.057937
-0.056150
-0.058152
-0.058810
-0.062525
-0.066641
-0.066792
-0.066389
-0.068791
-0.070347
-0.072335
-0.071857
-0.072794
-0.077112
-0.079162
-0.076608
-0.084443
-0.080945
-0.084352
-0.085824
-0.086659
-0.088642
-0.089372
-0.091491
-0.094355
-0.095186
-0.097354
-0.095310
-0.099092
-0.101472
-0.103203
-0.101571
-0.106765
-0.108545
-0.108145
-0.108921
-0.111510
-0.112714
-0.116045
-0.115972
-0.118534
-0.117393
-0.120425
-0.123273
-0.122232
-0.124860
-0.128854
-0.124908
-0.133671
-0.130208
-0.133351
-0.132788
-0.134518
-0.139504
-0.137786
-0.138263
-0.142135
-0.143512
-0.145601
-0.147217
-0.147150
-0.148587
-0.151106
-0.150021
-0.152061
-0.158075
-0.156587
-0.156477
-0.160180
-0.160909
-0.161874
-0.163526
-0.162985
-0.168479
-0.169609
-0.168696
-0.167215
-0.175149
-0.174647
-0.176256
-0.174666
-0.178030
-0.179428
-0.180482
-0.182070
-0.184204
-0.185071
-0.187441
-0.187574
-0.189419
-0.189202
-0.191298
-0.194445
-0.196186
-0.194823
-0.197381
-0.199244
-0.201179
-0.199872
-0.203499
-0.205173
-0.204618
-0.207831
-0.208003
-0.210584
-0.210769
-0.211136
-0.214557
-0.216492
-0.210717
-0.220545
-0.220879
-0.219532
-0.220560
-0.223804
-0.224484
-0.223782
-0.227726
-0.225896
-0.229755
-0.230062
-0.232039
-0.233735
-0.233420
-0.234356
-0.238078
-0.235961
-0.241839
-0.239682
-0.238938
-0.242045
-0.244149
-0.246951
-0.245578
-0.248118
-0.248967
-0.248201
-0.250649
-0.251199
-0.254318
-0.252738
-0.256194
-0.257266
-0.258593
-0.258087
-0.259621
-0.260108
-0.260053
-0.266860
-0.264657
-0.266326
-0.263832
-0.269026
-0.268869
-0.269424
-0.269257
-0.273182
-0.274103
-0.271129
-0.275070
-0.276240
-0.276710
-0.279267
-0.279424
-0.279421
-0.281196
-0.281090
-0.281772
-0.281480
-0.285423
-0.287350
-0.289894
-0.285774
-0.290160
-0.285369
-0.290246
-0.292197
-0.292545
-0.291626
-0.292407
-0.297510
-0.294771
-0.297006
-0.296699
-0.299683
-0.299263
-0.297132
-0.300997
-0.301335
-0.300679
-0.305477
-0.303716
-0.303887
-0.306325
-0.306751
-0.305155
-0.307268
-0.305909
-0.312182
-0.308660
-0.310412
-0.311809
-0.313214
-0.311335
-0.311262
-0.317624
-0.313357
-0.313188
-0.317718
-0.316488
-0.315148
-0.319899
-0.316581
-0.320312
-0.319200
-0.318098
-0.324552
-0.320149
-0.322794
-0.322242
-0.323571
-0.322009
-0.324716
-0.320959
-0.326507
-0.327442
-0.323412
-0.327402
-0.330867
-0.328042
-0.324543
-0.328809
-0.327618
-0.329424
-0.328658
-0.330885
-0.331935
-0.329273
-0.332931
-0.330693
-0.332795
-0.332207
-0.329559
-0.332234
-0.335070
-0.335162
-0.332888
-0.332106
-0.334170
-0.335251
-0.334202
-0.335304
-0.336480
-0.335930
-0.336304
-0.333408
-0.335663
-0.338081
-0.337465
-0.334627
-0.338304
-0.334266
-0.338182
-0.335597
-0.339287
-0.337114
-0.339039
-0.337977
-0.338394
-0.336254
-0.336849
-0.337682
-0.338392
-0.338572
-0.337309
-0.336482
-0.339685
-0.337879
-0.338255
-0.338454
-0.336627
-0.338476
-0.336479
-0.336962
-0.339340
-0.338803
-0.337243
-0.335662
-0.338153
-0.335905
-0.333816
-0.340028
-0.336022
-0.335147
-0.336601
-0.338713
-0.333512
-0.336728
-0.333503
-0.333542
-0.336741
-0.334133
-0.333489
-0.331149
-0.340401
-0.331554
-0.333031
-0.332477
-0.330703
-0.331299
-0.332327
-0.331643
-0.331425
-0.328744
-0.332923
-0.326600
-0.331547
-0.326634
-0.329721
-0.326639
-0.330284
-0.325751
-0.325323
-0.324148
-0.326576
-0.325852
-0.322529
-0.326162
-0.322744
-0.322261
-0.319641
-0.322680
-0.322918
-0.318584
-0.318999
-0.318629
-0.317149
-0.321293
-0.315374
-0.316588
-0.314865
-0.313521
-0.313663
-0.314927
-0.310776
-0.315092
-0.311312
-0.307844
-0.310334
-0.309172
-0.306051
-0.308935
-0.306241
-0.307292
-0.304117
-0.303604
-0.302073
-0.301370
-0.302462
-0.300941
-0.298467
-0.298470
-0.299302
-0.295034
-0.297907
-0.291796
-0.293798
-0.294256
-0.289881
-0.291516
-0.292388
-0.286548
-0.286392
-0.286523
-0.286877
-0.285316
-0.284552
-0.278912
-0.280872
-0.282444
-0.280046
-0.273339
-0.279190
-0.275282
-0.275209
-0.271529
-0.273336
-0.270431
-0.270504
-0.266716
-0.268544
-0.265357
-0.263714
-0.262053
-0.264834
-0.261210
-0.258606
-0.257177
-0.258068
-0.254882
-0.254206
-0.253307
-0.251615
-0.250911
-0.248883
-0.247153
-0.244220
-0.246483
-0.243652
-0.242180
-0.240665
-0.234750
-0.239346
-0.237838
-0.233986
-0.234389
-0.227792
-0.232732
-0.226698
-0.229307
-0.225266
-0.224802
-0.223841
-0.217325
-0.218781
-0.219977
-0.217328
-0.212914
-0.211348
-0.209699
-0.212520
-0.212422
-0.203705
-0.204647
-0.202766
-0.201036
-0.196919
-0.199219
-0.197472
-0.197676
-0.190093
-0.191797
-0.189682
-0.186909
-0.185776
-0.183709
-0.180236
-0.182113
-0.180858
-0.178106
-0.173659
-0.171016
-0.171731
-0.168198
-0.170714
-0.164274
-0.165656
-0.163439
-0.159648
-0.157917
-0.154521
-0.153177
-0.153638
-0.152906
-0.149626
-0.146050
-0.146002
-0.139702
-0.141454
-0.140532
-0.137091
-0.133557
-0.132991
-0.131382
-0.128554
-0.130161
-0.120609
-0.124600
-0.121527
-0.116159
-0.120255
-0.113927
-0.108800
-0.111227
-0.110972
-0.107095
-0.104247
-0.101309
-0.096886
-0.100770
-0.093023
-0.097070
-0.088015
-0.089366
-0.088116
-0.086028
-0.079650
-0.080166
-0.082367
-0.073150
-0.074914
-0.071160
-0.069436
-0.066049
-0.064584
-0.061049
-0.062486
-0.057799
-0.054402
-0.054275
-0.053717
-0.047809
-0.046989
-0.045389
-0.038163
-0.039948
-0.039485
-0.033792
-0.033593
-0.030176
-0.028252
-0.026428
-0.021570
-0.019596
-0.020987
-0.015956
-0.013534
-0.012394
-0.009080
-0.003749
-0.007726
0.000227
0.000597
0.003664
0.002893
0.006907
0.013502
0.012235
0.016249
0.016755
0.018835
0.021110
0.023957
0.029673
0.031526
0.032347
0.036648
0.034012
0.039094
0.043210
0.044638
0.048789
0.050503
0.052589
0.053525
0.058248
0.057350
0.063813
0.066713
0.066782
0.070613
0.074513
0.071867
0.076766
0.080688
0.085504
0.082430
0.090987
0.091001
0.091528
0.094104
0.101023
0.097777
0.105401
0.109035
0.107487
0.109385
0.112721
0.117609
0.116309
0.123701
0.124203
0.127893
0.131326
0.131564
0.133765
0.137389
0.140646
0.139562
0.146903
0.148226
0.150206
0.151975
0.158114
0.157057
0.161751
0.162653
0.166296
0.169374
0.170754
0.173257
0.183098
0.175974
0.181189
0.184438
0.185812
0.190868
0.192823
0.196177
0.198655
0.200243
0.204211
0.204795
0.210975
0.207310
0.215506
0.215433
0.219422
0.223783
0.223237
0.226100
0.234247
0.228644
0.235908
0.238154
0.239568
0.243115
0.248336
0.248058
0.249656
0.253357
0.256185
0.262060
0.259263
0.266368
0.263637
0.270980
0.275528
0.272676
0.278303
0.278078
0.285540
0.287239
0.286534
0.288395
0.293985
0.295261
0.300689
0.303509
0.301045
0.308799
0.309280
0.310309
0.315473
0.316411
0.319988
0.320964
0.328082
0.325204
0.332035
0.332901
0.335740
0.336192
0.339764
0.343081
0.347037
0.349471
0.353642
0.350068
0.355203
0.360668
0.361747
0.363671
0.365058
0.368399
0.372644
0.373757
0.378808
0.379349
0.382992
0.383845
0.383187
0.390474
0.391804
0.397089
0.395954
0.400256
0.403834
0.401458
0.407804
0.408326
0.412771
0.414937
0.418388
0.417993
0.423140
0.424861
0.427639
0.427461
0.434136
0.429582
0.437373
0.441331
0.442201
0.444633
0.446947
0.448467
0.450965
0.452614
0.457669
0.459302
0.461126
0.461670
0.463584
0.470591
0.472398
0.472178
0.474180
0.478934
0.478288
0.482528
0.484594
0.489366
0.489259
0.490050
0.495397
0.492795
0.499307
0.499590
0.505140
0.508389
0.503249
0.511923
0.513760
0.512254
0.518825
0.516165
0.522651
0.520744
0.526673
0.529989
0.528507
0.531266
0.533935
0.540465
0.537558
0.536431
0.545457
0.543966
0.550049
0.547356
0.550893
0.554765
0.554164
0.560634
0.557536
0.561490
0.565743
0.565753
0.567698
0.569153
0.573120
0.576019
0.574017
0.576666
0.582483
0.582356
0.587091
0.581693
0.588564
0.588062
0.595333
0.596870
0.594840
0.595861
0.598603
0.602774
0.607855
0.601522
0.607032
0.607824
0.612305
0.613015
0.615883
0.617974
0.616335
0.620639
0.618890
0.625231
0.630483
0.625513
0.628280
0.630752
0.627772
0.639223
0.633663
0.635937
0.642844
0.643086
0.642334
0.642803
0.643950
0.648780
0.650479
0.648847
0.655986
0.652499
0.657105
0.653611
0.659876
0.662838
0.661312
0.662468
0.666723
0.668474
0.666057
0.668363
0.669815
0.674007
0.673566
0.678159
0.676388
0.676131
0.678984
0.681670
0.687333
0.681111
0.682570
0.687801
0.689681
0.687780
0.691667
0.690012
0.691676
0.699280
0.693227
0.697557
0.697796
0.701473
0.700085
0.698448
0.704023
0.706172
0.707844
0.706817
0.707278
0.703897
0.712036
0.714396
0.710487
0.714977
0.713284
0.714907
0.715712
0.720285
0.718398
0.722486
0.718200
0.723273
0.719128
0.722651
0.727142
0.726976
0.727739
0.723721
0.726989
0.732180
0.731312
0.730844
0.732897
0.729702
0.734348
0.736097
0.731278
0.738328
0.737422
0.737493
0.736804
0.739347
0.743395
0.737617
0.738697
0.745298
0.739981
0.745785
0.740568
0.748294
0.743977
0.741234
0.748742
0.748732
0.747454
0.748536
0.746286
0.750329
0.749479
0.750050
0.749478
0.751065
0.750133
0.755427
0.751331
0.756147
0.748076
0.755291
0.753258
0.753575
0.756453
0.754854
0.756744
0.755068
0.757247
0.757350
0.753852
0.752862
0.762281
0.755400
0.757104
0.759734
0.754707
0.761625
0.762513
0.749430
0.759187
0.762419
0.757212
0.761437
0.762428
0.753634
0.756163
0.760624
0.761660
0.758229
0.761275
0.758229
0.761660
0.760624
0.756163
0.753634
0.762428
0.761437
0.757212
0.762419
0.759187
0.749430
0.762513
0.761625
0.754707
0.759734
0.757104
0.755400
0.762281
0.752862
0.753852
0.757350
0.757247
0.755068
0.756744
0.754854
0.756453
0.753575
0.753258
0.755291
0.748076
0.756147
0.751331
0.755427
0.750133
0.751065
0.749478
0.750050
0.749479
0.750329
0.746286
0.748536
0.747454
0.748732
0.748742
0.741234
0.743977
0.748294
0.740568
0.745785
0.739981
0.745298
0.738697
0.737617
0.743395
0.739347
0.736804
0.737493
0.737422
0.738328
0.731278
0.736097
0.734348
0.729702
0.732897
0.730844
0.731312
0.732180
0.726989
0.723721
0.727739
0.726976
0.727142
0.722651
0.719128
0.723273
0.718200
0.722486
0.718398
0.720285
0.715712
0.714907
0.713284
0.714977
0.710487
0.714396
0.712036
0.703897
0.707278
0.706817
0.707844
0.706172
0.704023
0.698448
0.700085
0.701473
0.697796
0.697557
0.693227
0.699280
0.691676
0.690012
0.691667
0.687780
0.689681
0.687801
0.682570
0.681111
0.687333
0.681670
0.678984
0.676131
0.676388
0.678159
0.673566
0.674007
0.669815
0.668363
0.666057
0.668474
0.666723
0.662468
0.661312
0.662838
0.659876
0.653611
0.657105
0.652499
0.655986
0.648847
0.650479
0.648780
0.643950
0.642803
0.642334
0.643086
0.642844
0.635937
0.633663
0.639223
0.627772
0.630752
0.628280
0.625513
0.630483
0.625231
0.618890
0.620639
0.616335
0.617974
0.615883
0.613015
0.612305
0.607824
0.607032
0.601522
0.607855
0.602774
0.598603
0.595861
0.594840
0.596870
0.595333
0.588062
0.588564
0.581693
0.587091
0.582356
0.582483
0.576666
0.574017
0.576019
0.573120
0.569153
0.567698
0.565753
0.565743
0.561490
0.557536
0.560634
0.554164
0.554765
0.550893
0.547356
0.550049
0.543966
0.545457
0.536431
0.537558
0.540465
0.533935
0.531266
0.528507
0.529989
0.526673
0.520744
0.522651
0.516165
0.518825
0.512254
0.513760
0.511923
0.503249
0.508389
0.505140
0.499590
0.499307
0.492795
0.495397
0.490050
0.489259
0.489366
0.484594
0.482528
0.478288
0.478934
0.474180
0.472178
0.472398
0.470591
0.463584
0.461670
0.461126
0.459302
0.457669
0.452614
0.450965
0.448467
0.446947
0.444633
0.442201
0.441331
0.437373
0.429582
0.434136
0.427461
0.427639
0.424861
0.423140
0.417993
0.418388
0.414937
0.412771
0.408326
0.407804
0.401458
0.403834
0.400256
0.395954
0.397089
0.391804
0.390474
0.383187
0.383845
0.382992
0.379349
0.378808
0.373757
0.372644
0.368399
0.365058
0.363671
0.361747
0.360668
0.355203
0.350068
0.353642
0.349471
0.347037
0.343081
0.339764
0.336192
0.335740
0.332901
0.332035
0.325204
0.328082
0.320964
0.319988
0.316411
0.315473
0.310309
0.309280
0.308799
0.301045
0.303509
0.300689
0.295261
0.293985
0.288395
0.286534
0.287239
0.285540
0.278078
0.278303
0.272676
0.275528
0.270980
0.263637
0.266368
0.259263
0.262060
0.256185
0.253357
0.249656
0.248058
0.248336
0.243115
0.239568
0.238154
0.235908
0.228644
0.234247
0.226100
0.223237
0.223783
0.219422
0.215433
0.215506
0.207310
0.210975
0.204795
0.204211
0.200243
0.198655
0.196177
0.192823
0.190868
0.185812
0.184438
0.181189
0.175974
0.183098
0.173257
0.170754
0.169374
0.166296
0.162653
0.161751
0.157057
0.158114
0.151975
0.150206
0.148226
0.146903
0.139562
0.140646
0.137389
0.133765
0.131564
0.131326
0.127893
0.124203
0.123701
0.116309
0.117609
0.112721
0.109385
0.107487
0.109035
0.105401
0.097777
0.101023
0.094104
0.091528
0.091001
0.090987
0.082430
0.085504
0.080688
0.076766
0.071867
0.074513
0.070613
0.066782
0.066713
0.063813
0.057350
0.058248
0.053525
0.052589
0.050503
0.048789
0.044638
0.043210
0.039094
0.034012
0.036648
0.032347
0.031526
0.029673
0.023957
0.021110
0.018835
0.016755
0.016249
0.012235
0.013502
0.006907
0.002893
0.003664
0.000597
0.000227
-0.007726
-0.003749
-0.009080
-0.012394
-0.013534
-0.015956
-0.020987
-0.019596
-0.021570
-0.026428
-0.028252
-0.030176
-0.033593
-0.033792
-0.039485
-0.039948
-0.038163
-0.045389
-0.046989
-0.047809
-0.053717
-0.054275
-0.054402
-0.057799
-0.062486
-0.061049
-0.064584
-0.066049
-0.069436
-0.071160
-0.074914
-0.073150
-0.082367
-0.080166
-0.079650
-0.086028
-0.088116
-0.089366
-0.088015
-0.097070
-0.093023
-0.100770
-0.096886
-0.101309
-0.104247
-0.107095
-0.110972
-0.111227
-0.108800
-0.113927
-0.120255
-0.116159
-0.121527
-0.124600
-0.120609
-0.130161
-0.128554
-0.131382
-0.132991
-0.133557
-0.137091
-0.140532
-0.141454
-0.139702
-0.146002
-0.146050
-0.149626
-0.152906
-0.153638
-0.153177
-0.154521
-0.157917
-0.159648
-0.163439
-0.165656
-0.164274
-0.170714
-0.168198
-0.171731
-0.171016
-0.173659
-0.178106
-0.180858
-0.182113
-0.180236
-0.183709
-0.185776
-0.186909
-0.189682
-0.191797
-0.190093
-0.197676
-0.197472
-0.199219
-0.196919
-0.201036
-0.202766
-0.204647
-0.203705
-0.212422
-0.212520
-0.209699
-0.211348
-0.212914
-0.217328
-0.219977
-0.218781
-0.217325
-0.223841
-0.224802
-0.225266
-0.229307
-0.226698
-0.232732
-0.227792
-0.234389
-0.233986
-0.237838
-0.239346
-0.234750
-0.240665
-0.242180
-0.243652
-0.246483
-0.244220
-0.247153
-0.248883
-0.250911
-0.251615
-0.253307
-0.254206
-0.254882
-0.258068
-0.257177
-0.258606
-0.261210
-0.264834
-0.262053
-0.263714
-0.265357
-0.268544
-0.266716
-0.270504
-0.270431
-0.273336
-0.271529
-0.275209
-0.275282
-0.279190
-0.273339
-0.280046
-0.282444
-0.280872
-0.278912
-0.284552
-0.285316
-0.286877
-0.286523
-0.286392
-0.286548
-0.292388
-0.291516
-0.289881
-0.294256
-0.293798
-0.291796
-0.297907
-0.295034
-0.299302
-0.298470
-0.298467
-0.300941
-0.302462
-0.301370
-0.302073
-0.303604
-0.304117
-0.307292
-0.306241
-0.308935
-0.306051
-0.309172
-0.310334
-0.307844
-0.311312
-0.315092
-0.310776
-0.314927
-0.313663
-0.313521
-0.314865
-0.316588
-0.315374
-0.321293
-0.317149
-0.318629
-0.318999
-0.318584
-0.322918
-0.322680
-0.319641
-0.322261
-0.322744
-0.326162
-0.322529
-0.325852
-0.326576
-0.324148
-0.325323
-0.325751
-0.330284
-0.326639
-0.329721
-0.326634
-0.331547
-0.326600
-0.332923
-0.328744
-0.331425
-0.331643
-0.332327
-0.331299
-0.330703
-0.332477
-0.333031
-0.331554
-0.340401
-0.331149
-0.333489
-0.334133
-0.336741
-0.333542
-0.333503
-0.336728
-0.333512
-0.338713
-0.336601
-0.335147
-0.336022
-0.340028
-0.333816
-0.335905
-0.338153
-0.335662
-0.337243
-0.338803
-0.339340
-0.336962
-0.336479
-0.338476
-0.336627
-0.338454
-0.338255
-0.337879
-0.339685
-0.336482
-0.337309
-0.338572
-0.338392
-0.337682
-0.336849
-0.336254
-0.338394
-0.337977
-0.339039
-0.337114
-0.339287
-0.335597
-0.338182
-0.334266
-0.338304
-0.334627
-0.337465
-0.338081
-0.335663
-0.333408
-0.336304
-0.335930
-0.336480
-0.335304
-0.334202
-0.335251
-0.334170
-0.332106
-0.332888
-0.335162
-0.335070
-0.332234
-0.329559
-0.332207
-0.332795
-0.330693
-0.332931
-0.329273
-0.331935
-0.330885
-0.328658
-0.329424
-0.327618
-0.328809
-0.324543
-0.328042
-0.330867
-0.327402
-0.323412
-0.327442
-0.326507
-0.320959
-0.324716
-0.322009
-0.323571
-0.322242
-0.322794
-0.320149
-0.324552
-0.318098
-0.319200
-0.320312
-0.316581
-0.319899
-0.315148
-0.316488
-0.317718
-0.313188
-0.313357
-0.317624
-0.311262
-0.311335
-0.313214
-0.311809
-0.310412
-0.308660
-0.312182
-0.305909
-0.307268
-0.305155
-0.306751
-0.306325
-0.303887
-0.303716
-0.305477
-0.300679
-0.301335
-0.300997
-0.297132
-0.299263
-0.299683
-0.296699
-0.297006
-0.294771
-0.297510
-0.292407
-0.291626
-0.292545
-0.292197
-0.290246
-0.285369
-0.290160
-0.285774
-0.289894
-0.287350
-0.285423
-0.281480
-0.281772
-0.281090
-0.281196
-0.279421
-0.279424
-0.279267
-0.276710
-0.276240
-0.275070
-0.271129
-0.274103
-0.273182
-0.269257
-0.269424
-0.268869
-0.269026
-0.263832
-0.266326
-0.264657
-0.266860
-0.260053
-0.260108
-0.259621
-0.258087
-0.258593
-0.257266
-0.256194
-0.252738
-0.254318
-0.251199
-0.250649
-0.248201
-0.248967
-0.248118
-0.245578
-0.246951
-0.244149
-0.242045
-0.238938
-0.239682
-0.241839
-0.235961
-0.238078
-0.234356
-0.233420
-0.233735
-0.232039
-0.230062
-0.229755
-0.225896
-0.227726
-0.223782
-0.224484
-0.223804
-0.220560
-0.219532
-0.220879
-0.220545
-0.210717
-0.216492
-0.214557
-0.211136
-0.210769
-0.210584
-0.208003
-0.207831
-0.204618
-0.205173
-0.203499
-0.199872
-0.201179
-0.199244
-0.197381
-0.194823
-0.196186
-0.194445
-0.191298
-0.189202
-0.189419
-0.187574
-0.187441
-0.185071
-0.184204
-0.182070
-0.180482
-0.179428
-0.178030
-0.174666
-0.176256
-0.174647
-0.175149
-0.167215
-0.168696
-0.169609
-0.168479
-0.162985
-0.163526
-0.161874
-0.160909
-0.160180
-0.156477
-0.156587
-0.158075
-0.152061
-0.150021
-0.151106
-0.148587
-0.147150
-0.147217
-0.145601
-0.143512
-0.142135
-0.138263
-0.137786
-0.139504
-0.134518
-0.132788
-0.133351
-0.130208
-0.133671
-0.124908
-0.128854
-0.124860
-0.122232
-0.123273
-0.120425
-0.117393
-0.118534
-0.115972
-0.116045
-0.112714
-0.111510
-0.108921
-0.108145
-0.108545
-0.106765
-0.101571
-0.103203
-0.101472
-0.099092
-0.095310
-0.097354
-0.095186
-0.094355
-0.091491
-0.089372
-0.088642
-0.086659
-0.085824
-0.084352
-0.080945
-0.084443
-0.076608
-0.079162
-0.077112
-0.072794
-0.071857
-0.072335
-0.070347
-0.068791
-0.066389
-0.066792
-0.066641
-0.062525
-0.058810
-0.058152
-0.056150
-0.057937
-0.056245
-0.051577
-0.052353
-0.048655
-0.049488
-0.047361
-0.043837
-0.045196
-0.042553
-0.042845
-0.036756
-0.037382
-0.036499
-0.036921
-0.032090
-0.031230
-0.030813
-0.026928
-0.028437
-0.024642
-0.024515
-0.022762
-0.021243
-0.018246
-0.020603
-0.016751
-0.010766
-0.012716
-0.014427
-0.012123
-0.008934
-0.005059
-0.006441
-0.005462
-0.004030
0.000093
-0.001015
0.003110
0.002873
0.005757
0.007221
0.006674
0.007294
0.011094
0.010192
0.012713
0.017805
0.014405
0.018473
0.021151
0.019726
0.022995
0.024833
0.023109
0.028349
0.027815
0.029850
0.030978
0.031847
0.034253
0.034182
0.036563
0.036822
0.041302
0.043057
0.041991
0.044826
0.043702
0.048469
0.046964
0.048538
0.051167
0.053074
0.055930
0.051209
0.059318
0.057623
0.058744
0.059815
0.063714
0.063592
0.064464
0.066758
0.067291
0.069888
0.070393
0.070405
0.072589
0.073183
0.079637
0.076730
0.077682
0.082305
0.079582
0.079826
0.085490
0.083496
0.088516
0.087301
0.088194
0.091031
0.093848
0.092415
0.094217
0.095002
0.096053
0.097895
0.098629
0.101222
0.104279
0.102994
0.103959
0.105882
0.105652
0.108518
0.107608
0.111526
0.115109
0.111688
0.115029
0.117335
0.116492
0.116226
0.118260
0.122689
0.120146
0.123786
0.124543
0.124987
0.126835
0.127352
0.129481
0.129333
0.130739
0.133192
0.132829
0.137110
0.135158
0.133990
0.139645
0.138468
0.140580
0.141196
0.145086
0.143102
0.145681
0.144536
0.146173
0.145496
0.150045
0.153255
0.149909
0.152685
0.154720
0.154306
0.155767
0.156494
0.155228
0.159346
0.160790
0.159153
0.163724
0.163069
0.163159
0.165326
0.165737
0.167273
0.167048
0.167883
0.169930
0.171955
0.169818
0.176333
0.172635
0.174206
0.175823
0.177404
0.174986
0.180385
0.180581
0.177998
0.180656
0.181645
0.182913
0.183175
0.186021
0.187205
0.187135
0.187178
0.188908
0.189258
0.189651
0.189177
0.190261
0.192820
0.195438
0.195175
0.192702
0.197382
0.196850
0.197952
0.199069
0.198038
0.197962
0.201143
0.203528
0.202094
0.202565
0.203583
0.204100
0.205694
0.208172
0.207967
0.205549
0.207279
0.207883
0.210928
0.208925
0.214624
0.211654
0.212393
0.211204
0.216608
0.214136
0.215622
0.215537
0.215666
0.217335
0.217609
0.217999
0.219095
0.219781
0.223860
0.218114
0.221870
0.223283
0.222135
0.221441
0.225242
0.224486
0.224385
0.229184
0.226019
0.224380
0.227946
0.227748
0.227085
0.226765
0.230592
0.234039
0.228030
0.232783
0.230352
0.230974
0.232926
0.232110
0.233936
0.233892
0.233582
0.236980
0.234222
0.233753
0.235465
0.238486
0.236264
0.236709
0.237086
0.238964
0.238562
0.239535
0.237751
0.242415
0.238802
0.238201
0.239978
0.241649
0.240123
0.241473
0.244575
0.242153
0.239787
0.243317
0.243053
0.243700
0.243336
0.244491
0.243029
0.243205
0.245514
0.245410
0.242983
0.246001
0.245827
0.244411
0.247045
0.248188
0.244436
0.246550
0.248144
0.248132
0.246724
0.247254
0.248893
0.249082
0.248470
0.249407
0.248189
0.249363
0.250124
0.252569
0.248404
0.254063
0.249768
0.250457
0.251870
0.250130
0.252938
0.250329
0.248877
0.252443
0.250437
0.248116
0.252802
0.255135
0.247601
0.250953
0.252389
0.251441
0.252144
0.251626
0.253631
0.251504
0.250717
0.252596
0.251622
0.250578
0.251414
0.251813
0.251993
0.256242
0.250285
0.251045
0.250612
0.251789
0.250207
0.257180
0.250188
0.251275
0.250703
0.251694
0.251725
0.252467
0.251838
0.250340
0.251182
0.250683
0.250649
0.249321
0.251885
0.252811
0.251219
0.249350
0.250546
0.249944
0.251178
0.249824
0.250270
0.250192
0.246930
0.250647
0.248597
0.250065
0.249766
0.247434
0.248139
0.250689
0.247391
0.247532
0.247998
0.249982
0.246596
0.246725
0.246070
0.247311
0.245466
0.246942
0.246831
0.245785
0.245054
0.245192
0.247423
0.244593
0.243649
0.245173
0.243087
0.244968
0.242254
0.242761
0.246152
0.242438
0.241070
0.241187
0.241550
0.242682
0.241705
0.241888
0.239732
0.240028
0.240006
0.236872
0.240362
0.240477
0.239425
0.239077
0.238150
0.237919
0.236611
0.236304
0.234071
0.235847
0.237594
0.235405
0.235352
0.235635
0.235023
0.232340
0.232823
0.235281
0.231074
0.230458
0.233088
0.231882
0.231089
0.231453
0.229001
0.230812
0.230330
0.227800
0.229393
0.227224
0.227000
0.225988
0.226562
0.228472
0.226108
0.224091
0.227321
0.223894
0.223081
0.223649
0.224608
0.220968
0.223646
0.220550
0.219740
0.220467
0.220388
0.219092
0.221100
0.218848
0.218991
0.217129
0.216851
0.216937
0.216129
0.215528
0.214831
0.214435
0.214498
0.213175
0.212990
0.213124
0.212838
0.211542
0.209806
0.211791
0.208375
0.207738
0.208432
0.209540
0.209802
0.206252
0.205759
0.206794
0.206413
0.204454
0.204648
0.202864
0.202017
0.203810
0.201204
0.200770
0.201554
0.199765
0.198994
0.199853
0.198852
0.197988
0.198874
0.197386
0.196085
0.195596
0.194150
0.193522
0.194669
0.191984
0.192584
0.191774
0.192154
0.191419
0.188636
0.190863
0.189848
0.188221
0.188288
0.187426
0.184961
0.185291
0.185773
0.185695
0.183105
0.183377
0.181868
0.181736
0.183452
0.181315
0.179885
0.179127
0.179153
0.179131
0.177642
0.177711
0.176131
0.175181
0.175777
0.174448
0.171941
0.174574
0.172318
0.174121
0.169817
0.170455
0.169792
0.169804
0.169010
0.167330
0.166730
0.167000
0.166620
0.166267
0.165471
0.163873
0.165449
0.162924
0.160384
0.160289
0.160028
0.159989
0.160733
0.160604
0.158205
0.157392
0.157919
0.155785
0.155608
0.154246
0.154372
0.155147
0.151831
0.151150
0.152666
0.151415
0.150296
0.148318
0.150480
0.148853
0.145943
0.148238
0.145600
0.146717
0.144970
0.144333
0.143357
0.142959
0.141907
0.142537
0.140669
0.140848
0.139557
0.137668
0.138762
0.137925
0.136850
0.137038
0.135853
0.135152
0.135182
0.133108
0.132416
0.133084
0.130287
0.130733
0.130578
0.129220
0.129701
0.128916
0.127862
0.128625
0.125693
0.125430
0.123639
0.125482
0.123943
0.122285
0.122292
0.122234
0.120441
0.120732
0.120465
0.119172
0.118513
0.119224
0.116247
0.115806
0.116360
0.115988
0.113320
0.114613
0.113954
0.111872
0.112643
0.111759
0.110188
0.110031
0.109606
0.108714
0.108309
0.108308
0.106319
0.105887
0.106107
0.105040
0.103951
0.103673
0.103831
0.101161
0.103062
0.100798
0.101131
0.099960
0.098289
0.099551
0.098569
0.098060
0.095525
0.096483
0.095732
0.095508
0.095064
0.092469
0.093480
0.092527
0.091796
0.091816
0.090299
0.090552
0.089373
0.089320
0.088941
0.085817
0.087136
0.087648
0.085198
0.085478
0.084704
0.084336
0.083387
0.082871
0.083704
0.081228
0.080374
0.080630
0.079123
0.078555
0.078785
0.079441
0.078749
0.077432
0.077748
0.075031
0.075123
0.075256
0.074405
0.072393
0.072078
0.072859
0.072314
0.072890
0.071791
0.070356
0.070445
0.068094
0.068707
0.067295
0.067947
0.066849
0.067578
0.067819
0.064651
0.065295
0.063072
0.064433
0.062747
0.062590
0.062682
0.062835
0.061781
0.061843
0.059695
0.060777
0.057383
0.058779
0.058417
0.056761
0.058053
0.057077
0.056126
0.056978
0.055608
0.053230
0.054842
0.053489
0.053572
0.053592
0.052437
0.051323
0.050235
0.050224
0.051147
0.049858
0.049529
0.050111
0.049739
0.047387
0.047751
0.048350
0.046147
0.045331
0.044197
0.045340
0.044239
0.044200
0.044352
0.044911
0.043046
0.044168
0.040890
0.042141
0.040692
0.041743
0.039759
0.040179
0.039600
0.037975
0.038804
0.038791
0.038084
0.037085
0.036818
0.037907
0.035785
0.036231
0.036064
0.035484
0.032953
0.036060
0.032167
0.034971
0.032451
0.033097
0.031337
0.032199
0.031417
0.031103
0.030967
0.030765
0.030744
0.029581
0.029400
0.028348
0.028775
0.028203
0.027818
0.028472
0.027782
0.028457
0.025954
0.026147
0.025964
0.026278
0.025111
0.025140
0.025698
0.024416
0.024430
0.024263
0.022474
0.022716
0.023227
0.023935
0.023734
0.026133
0.029425
0.029134
0.034678
0.044250
0.065238


