M_loss: 20, M_sym: 4300.0, M_power: 9000, M_bandwidth: 22.3872113856834
0.030591
0.034377
0.032654
0.030137
0.029361
0.024538
0.023058
0.017960
0.020060
0.018424
0.017254
0.017757
0.017033
0.018116
0.017022
0.019362
0.018237
0.020969
0.017315
0.017396
0.018731
0.020313
0.019302
0.020726
0.021469
0.022243
0.020427
0.019647
0.021193
0.021560
0.022216
0.025280
0.025631
0.021243
0.020682
0.022717
0.023846
0.021742
0.026515
0.025782
0.025090
0.022359
0.021745
0.027437
0.025542
0.025119
0.027515
0.027397
0.026091
0.025554
0.024115
0.027497
0.028674
0.028061
0.029412
0.029545
0.030171
0.029326
0.028171
0.026964
0.028954
0.028393
0.030481
0.033684
0.032222
0.030758
0.030070
0.029420
0.031847
0.031164
0.032379
0.031622
0.034126
0.031761
0.034247
0.032805
0.033734
0.035855
0.036209
0.036931
0.033343
0.037560
0.035468
0.035464
0.035342
0.036155
0.034461
0.037187
0.035541
0.039426
0.039755
0.041171
0.039103
0.039401
0.038763
0.039463
0.037523
0.039738
0.040002
0.043234
0.042834
0.042158
0.043312
0.039435
0.042344
0.041686
0.042196
0.043120
0.045736
0.046225
0.043983
0.045366
0.045544
0.045456
0.045034
0.047603
0.045951
0.049504
0.045763
0.047459
0.046640
0.045901
0.049102
0.049313
0.048147
0.046650
0.047883
0.051829
0.052387
0.051350
0.053021
0.051996
0.054712
0.052329
0.050694
0.052706
0.052325
0.054058
0.054972
0.055040
0.055964
0.054051
0.053722
0.057075
0.057894
0.056880
0.055991
0.058314
0.055791
0.057498
0.058598
0.060183
0.057454
0.062909
0.060985
0.060164
0.057558
0.061471
0.060514
0.062786
0.061400
0.065260
0.061599
0.064231
0.062219
0.064617
0.063072
0.065353
0.064811
0.066415
0.068970
0.063891
0.064642
0.066657
0.067794
0.065658
0.065880
0.067758
0.071144
0.070600
0.071211
0.068521
0.069670
0.069746
0.070647
0.070080
0.069179
0.072684
0.071067
0.074081
0.074682
0.074520
0.071864
0.073639
0.074574
0.075436
0.074923
0.074543
0.078642
0.077566
0.075438
0.076726
0.076725
0.077961
0.076796
0.079158
0.079993
0.079439
0.080746
0.078026
0.078800
0.081494
0.082565
0.084189
0.082219
0.080963
0.084668
0.081668
0.082206
0.083568
0.084385
0.086908
0.085281
0.084411
0.084842
0.087126
0.086488
0.088301
0.086339
0.089070
0.084340
0.089296
0.087393
0.089149
0.090224
0.090741
0.090241
0.090581
0.088321
0.089943
0.090095
0.089945
0.091950
0.092810
0.093372
0.089686
0.092298
0.094422
0.095535
0.094818
0.095569
0.093710
0.094182
0.094066
0.096873
0.095466
0.099484
0.096367
0.096666
0.094391
0.096484
0.098635
0.098904
0.099091
0.100232
0.098356
0.098667
0.101285
0.099746
0.102726
0.099838
0.101769
0.103182
0.103049
0.099752
0.101713
0.103397
0.107708
0.104091
0.104850
0.103325
0.105304
0.105725
0.106545
0.103577
0.105034
0.106886
0.107342
0.107429
0.106852
0.108788
0.109394
0.109419
0.108119
0.110389
0.106855
0.109965
0.110645
0.110795
0.108592
0.111368
0.111596
0.111320
0.112275
0.110670
0.111939
0.112073
0.110898
0.112252
0.111825
0.115667
0.116948
0.117179
0.112377
0.113679
0.114103
0.115116
0.114854
0.116082
0.116382
0.116607
0.114792
0.117413
0.118169
0.116664
0.117796
0.116776
0.116490
0.115697
0.115252
0.120016
0.121253
0.117250
0.119764
0.118304
0.119017
0.116593
0.117898
0.121268
0.120138
0.122258
0.120154
0.120168
0.122550
0.120192
0.119656
0.121172
0.122623
0.124482
0.125348
0.122874
0.125143
0.118990
0.120564
0.121919
0.123880
0.124309
0.122096
0.124216
0.126385
0.123379
0.122880
0.122182
0.124538
0.126633
0.126483
0.125366
0.124209
0.123471
0.123502
0.124184
0.129085
0.128969
0.125148
0.124754
0.126725
0.126660
0.127465
0.129262
0.126334
0.124657
0.124684
0.125822
0.129265
0.128263
0.125331
0.127237
0.124984
0.128786
0.127769
0.127199
0.129459
0.131414
0.127730
0.129478
0.125544
0.126835
0.126768
0.127265
0.131582
0.130234
0.129393
0.131103
0.127384
0.125277
0.129525
0.125922
0.129385
0.130201
0.130031
0.129304
0.130392
0.127693
0.129185
0.127628
0.130153
0.129071
0.126584
0.126395
0.131474
0.128233
0.130869
0.132745
0.128803
0.126496
0.128323
0.127201
0.131053
0.130266
0.126307
0.129896
0.126484
0.128414
0.128135
0.129341
0.127878
0.131970
0.126363
0.127710
0.127288
0.128865
0.127436
0.126932
0.127323
0.128831
0.130140
0.126264
0.127550
0.128490
0.129685
0.127889
0.124522
0.124036
0.127118
0.127759
0.125578
0.127341
0.127691
0.129565
0.127548
0.125504
0.123691
0.124700
0.120568
0.125813
0.125807
0.125233
0.125467
0.125170
0.125033
0.126991
0.124508
0.122509
0.124369
0.122748
0.122696
0.121913
0.123833
0.122546
0.123732
0.120759
0.122236
0.118324
0.123073
0.123771
0.123687
0.120089
0.121716
0.121547
0.117452
0.119831
0.115201
0.112603
0.116129
0.118802
0.118684
0.119306
0.114736
0.119922
0.119661
0.120970
0.120458
0.120378
0.115077
0.119457
0.114912
0.112070
0.114546
0.114505
0.112953
0.113734
0.113563
0.112278
0.112430
0.114361
0.111973
0.112849
0.108119
0.107040
0.109314
0.111016
0.111589
0.110051
0.106573
0.110165
0.104557
0.106171
0.105191
0.108581
0.106103
0.105969
0.105796
0.106954
0.104827
0.099552
0.099195
0.103927
0.101682
0.101762
0.101705
0.104197
0.103735
0.102220
0.102376
0.097940
0.095801
0.096835
0.098697
0.096825
0.096116
0.095413
0.095902
0.095296
0.096718
0.098768
0.092432
0.095715
0.093064
0.094487
0.087164
0.092328
0.093286
0.093133
0.089355
0.092322
0.088605
0.088377
0.088516
0.085594
0.087443
0.085367
0.086512
0.085717
0.081840
0.085018
0.082969
0.084606
0.083337
0.081497
0.082424
0.079331
0.078170
0.079301
0.081307
0.078943
0.079876
0.075216
0.074917
0.073249
0.076642
0.074068
0.069883
0.076054
0.074753
0.073913
0.067702
0.067164
0.069130
0.067620
0.067090
0.068508
0.069309
0.067172
0.066787
0.066527
0.065505
0.061494
0.060689
0.061238
0.060207
0.058225
0.055930
0.060055
0.059015
0.057062
0.057929
0.056088
0.058567
0.052812
0.052045
0.052308
0.055111
0.049673
0.046306
0.047711
0.051386
0.051648
0.047539
0.044106
0.041926
0.045163
0.042862
0.044283
0.041753
0.041120
0.040598
0.042617
0.038158
0.037336
0.034084
0.034355
0.039769
0.035917
0.031273
0.034199
0.028569
0.030842
0.032863
0.030162
0.029548
0.027476
0.025453
0.025475
0.024286
0.023573
0.026696
0.022595
0.022000
0.022492
0.019562
0.020670
0.018709
0.015834
0.020073
0.014208
0.013807
0.009046
0.016418
0.014581
0.013457
0.004124
0.010634
0.009563
0.009435
0.010488
0.006199
0.001286
0.002147
0.001894
0.002802
-0.001737
0.000616
0.000507
0.001758
0.002038
-0.005188
-0.004002
-0.007326
-0.006316
-0.006213
-0.011662
-0.009984
-0.009674
-0.007354
-0.011989
-0.014823
-0.010844
-0.019149
-0.016709
-0.015236
-0.017583
-0.015877
-0.019634
-0.019143
-0.023024
-0.024099
-0.022047
-0.022268
-0.025444
-0.026893
-0.030970
-0.027898
-0.031336
-0.029706
-0.031198
-0.031177
-0.034846
-0.035048
-0.035644
-0.035902
-0.038097
-0.040299
-0.039360
-0.041317
-0.042528
-0.041561
-0.042044
-0.045587
-0.048078
-0.046911
-0.048106
-0.050855
-0.052750
-0.051745
-0.054859
-0.053594
-0.052072
-0.054601
-0.055180
-0.056598
-0.059338
-0.058654
-0.061495
-0.062438
-0.065750
-0.065440
-0.066422
-0.066025
-0.066720
-0.067902
-0.068818
-0.070484
-0.072137
-0.071132
-0.070837
-0.076195
-0.074473
-0.078261
-0.074884
-0.075499
-0.081153
-0.078044
-0.082351
-0.084185
-0.086467
-0.086140
-0.084080
-0.082167
-0.089363
-0.089202
-0.086848
-0.089166
-0.094429
-0.094126
-0.092440
-0.094040
-0.095378
-0.099218
-0.097801
-0.098282
-0.100987
-0.098948
-0.101378
-0.101382
-0.105384
-0.103288
-0.104839
-0.107413
-0.108531
-0.109100
-0.107488
-0.109361
-0.112886
-0.114103
-0.111261
-0.115018
-0.117867
-0.117985
-0.116237
-0.117722
-0.120220
-0.118370
-0.120104
-0.125912
-0.121751
-0.121875
-0.128961
-0.128801
-0.127182
-0.129045
-0.126800
-0.131042
-0.136742
-0.130626
-0.134333
-0.135524
-0.136913
-0.137398
-0.137393
-0.139762
-0.139237
-0.137183
-0.140177
-0.147271
-0.145915
-0.146979
-0.148556
-0.145929
-0.148495
-0.148633
-0.150185
-0.152175
-0.152333
-0.151871
-0.156653
-0.156388
-0.156525
-0.154050
-0.160178
-0.157211
-0.156865
-0.158884
-0.163488
-0.164980
-0.165031
-0.165240
-0.165194
-0.169010
-0.164802
-0.171335
-0.172063
-0.167661
-0.167181
-0.172642
-0.172386
-0.171640
-0.179338
-0.176737
-0.177595
-0.182185
-0.175884
-0.177985
-0.179770
-0.177352
-0.184671
-0.182148
-0.184752
-0.184912
-0.184520
-0.190222
-0.185965
-0.187012
-0.190625
-0.192311
-0.191058
-0.190455
-0.188215
-0.197046
-0.194474
-0.193156
-0.195619
-0.199561
-0.199792
-0.192949
-0.199210
-0.198618
-0.201459
-0.201993
-0.203978
-0.201077
-0.203869
-0.206633
-0.206525
-0.207237
-0.206747
-0.211086
-0.211658
-0.204386
-0.208081
-0.212975
-0.211428
-0.215804
-0.210065
-0.214739
-0.215500
-0.211956
-0.216544
-0.220348
-0.218568
-0.217471
-0.219302
-0.215787
-0.219499
-0.223051
-0.222736
-0.221281
-0.224977
-0.224912
-0.224907
-0.220049
-0.228124
-0.228829
-0.227390
-0.224769
-0.229368
-0.230045
-0.230948
-0.232544
-0.231039
-0.228155
-0.232689
-0.234586
-0.233642
-0.235376
-0.233671
-0.232498
-0.234538
-0.236602
-0.236260
-0.239164
-0.236221
-0.238890
-0.240690
-0.238597
-0.236949
-0.239836
-0.244196
-0.241347
-0.238680
-0.241743
-0.247589
-0.245154
-0.244733
-0.242651
-0.241151
-0.245349
-0.244670
-0.244946
-0.246912
-0.245170
-0.242970
-0.244591
-0.252662
-0.249839
-0.249945
-0.247058
-0.247691
-0.249277
-0.252065
-0.251756
-0.251290
-0.248013
-0.249253
-0.257700
-0.247112
-0.251260
-0.255365
-0.254127
-0.250588
-0.249701
-0.255003
-0.257099
-0.256162
-0.258643
-0.252998
-0.253371
-0.253495
-0.257860
-0.255597
-0.253901
-0.253854
-0.256254
-0.249289
-0.263069
-0.255252
-0.260631
-0.255690
-0.256071
-0.258300
-0.257539
-0.259134
-0.257507
-0.257379
-0.260004
-0.259488
-0.254289
-0.258527
-0.258703
-0.259315
-0.257683
-0.263067
-0.259031
-0.256619
-0.257906
-0.260651
-0.258638
-0.256659
-0.257663
-0.257486
-0.260574
-0.259144
-0.261573
-0.255356
-0.254929
-0.256958
-0.259511
-0.257214
-0.259763
-0.258187
-0.259306
-0.251926
-0.259276
-0.258496
-0.253987
-0.258439
-0.259399
-0.261515
-0.252118
-0.254367
-0.257977
-0.258511
-0.254845
-0.258419
-0.255390
-0.252598
-0.258318
-0.252797
-0.255324
-0.252590
-0.255387
-0.257349
-0.255018
-0.251668
-0.255820
-0.249701
-0.252413
-0.250417
-0.251202
-0.250393
-0.255587
-0.249071
-0.251587
-0.247233
-0.252514
-0.248589
-0.243615
-0.246508
-0.251915
-0.247466
-0.247383
-0.254071
-0.241610
-0.243523
-0.242083
-0.246622
-0.242585
-0.242665
-0.241892
-0.242681
-0.245527
-0.238471
-0.242040
-0.237769
-0.237102
-0.237234
-0.240434
-0.234639
-0.242702
-0.236060
-0.232549
-0.232216
-0.236053
-0.236379
-0.231847
-0.228479
-0.235295
-0.229459
-0.227566
-0.226349
-0.234555
-0.225185
-0.225590
-0.232331
-0.228461
-0.223266
-0.221305
-0.222338
-0.221530
-0.219112
-0.223129
-0.216480
-0.222664
-0.217746
-0.219993
-0.216720
-0.217783
-0.213332
-0.214312
-0.211769
-0.213800
-0.211696
-0.207371
-0.212048
-0.205413
-0.209250
-0.207540
-0.207000
-0.205061
-0.208455
-0.204436
-0.199248
-0.196182
-0.199130
-0.204229
-0.193605
-0.195096
-0.195528
-0.194442
-0.197316
-0.193197
-0.190151
-0.193136
-0.189889
-0.184231
-0.188840
-0.184917
-0.184837
-0.184078
-0.180441
-0.182781
-0.178807
-0.179954
-0.177945
-0.175791
-0.178731
-0.170043
-0.173378
-0.172045
-0.171861
-0.170439
-0.168661
-0.161568
-0.162902
-0.166384
-0.162612
-0.160638
-0.160808
-0.161155
-0.154814
-0.155858
-0.154723
-0.152967
-0.150867
-0.150188
-0.147263
-0.148813
-0.142418
-0.147144
-0.140058
-0.140968
-0.140754
-0.136159
-0.140886
-0.141398
-0.129733
-0.128051
-0.129159
-0.129463
-0.129474
-0.128280
-0.125235
-0.120577
-0.114730
-0.121866
-0.119171
-0.117881
-0.115294
-0.108887
-0.112221
-0.112661
-0.103933
-0.105799
-0.107482
-0.099229
-0.100505
-0.096680
-0.101584
-0.095610
-0.094338
-0.091570
-0.088201
-0.093807
-0.083956
-0.086208
-0.084785
-0.082650
-0.075511
-0.075415
-0.076641
-0.076757
-0.073992
-0.068272
-0.074335
-0.068594
-0.064340
-0.062758
-0.058291
-0.055739
-0.058851
-0.054255
-0.061000
-0.051318
-0.045585
-0.045621
-0.045778
-0.046923
-0.045910
-0.041631
-0.042166
-0.035550
-0.035353
-0.029059
-0.030211
-0.023928
-0.032965
-0.022291
-0.024034
-0.022964
-0.015192
-0.016055
-0.011989
-0.016079
-0.012076
-0.005479
-0.007771
-0.004531
0.001917
0.001541
-0.000819
0.006274
0.008198
0.004906
0.015910
0.013377
0.012618
0.022763
0.021737
0.016930
0.024036
0.026393
0.031723
0.028700
0.038392
0.034924
0.034962
0.040813
0.042378
0.045322
0.050191
0.048555
0.052296
0.055767
0.059936
0.054345
0.057473
0.063168
0.064268
0.067934
0.074598
0.070507
0.075475
0.077201
0.083905
0.081928
0.081341
0.080710
0.092571
0.089156
0.096265
0.095389
0.097741
0.098437
0.103891
0.105297
0.105119
0.108449
0.114746
0.117488
0.112342
0.118643
0.122447
0.125295
0.127392
0.130674
0.130079
0.139796
0.130062
0.136693
0.142940
0.143011
0.150967
0.145435
0.149440
0.153675
0.159291
0.159868
0.162309
0.168090
0.167825
0.170653
0.166472
0.171928
0.178990
0.180052
0.182004
0.184898
0.189165
0.191910
0.193729
0.188082
0.193159
0.203443
0.205173
0.198252
0.213206
0.209857
0.213594
0.220239
0.220494
0.215982
0.223305
0.222851
0.231749
0.238007
0.226767
0.238366
0.238818
0.243366
0.249796
0.243555
0.248606
0.249532
0.251815
0.260364
0.269163
0.260933
0.265339
0.265484
0.274645
0.271228
0.276145
0.281401
0.281574
0.283280
0.292134
0.288874
0.291812
0.293213
0.296925
0.299260
0.304671
0.304803
0.308396
0.314552
0.313338
0.315486
0.321284
0.321779
0.330059
0.327032
0.328885
0.333186
0.337072
0.333156
0.346171
0.340614
0.351225
0.349091
0.349167
0.352468
0.364510
0.359790
0.363962
0.366544
0.361212
0.374264
0.372720
0.376784
0.382332
0.384505
0.379241
0.388096
0.392589
0.392195
0.394682
0.402595
0.401927
0.399275
0.407437
0.410804
0.415045
0.415757
0.416394
0.419271
0.422247
0.429359
0.424577
0.432565
0.440941
0.431704
0.437698
0.441180
0.450716
0.448165
0.450896
0.459504
0.443723
0.462379
0.460887
0.460907
0.469875
0.470583
0.470650
0.472306
0.477338
0.482489
0.483461
0.488172
0.493042
0.492489
0.495355
0.490478
0.500045
0.497721
0.502315
0.510384
0.511378
0.512231
0.514295
0.518468
0.529949
0.522931
0.518262
0.531733
0.528427
0.533120
0.543089
0.538630
0.543644
0.545968
0.554425
0.542147
0.551309
0.554824
0.560472
0.562445
0.558569
0.568876
0.571957
0.573743
0.568653
0.577566
0.579108
0.581453
0.583235
0.589515
0.587738
0.592434
0.588394
0.605408
0.594979
0.597617
0.609186
0.604375
0.615121
0.607995
0.610398
0.620094
0.624731
0.628141
0.619626
0.622829
0.628628
0.633253
0.639969
0.643188
0.634077
0.641270
0.650078
0.636222
0.660329
0.652064
0.654158
0.659559
0.657861
0.659076
0.665088
0.674637
0.665864
0.672989
0.671124
0.676776
0.682374
0.676960
0.687748
0.682733
0.691680
0.691520
0.696430
0.699423
0.692315
0.699848
0.702680
0.702208
0.711080
0.709480
0.713042
0.713612
0.721782
0.720030
0.719676
0.718569
0.720838
0.735427
0.729028
0.738211
0.733379
0.741668
0.735663
0.738694
0.746667
0.748488
0.743482
0.752563
0.754608
0.753284
0.753257
0.757416
0.767346
0.758967
0.764543
0.769191
0.772661
0.767485
0.777550
0.781792
0.773315
0.780214
0.777191
0.785684
0.788055
0.790161
0.791358
0.789032
0.790650
0.793082
0.799512
0.804372
0.800990
0.804450
0.802693
0.810996
0.812990
0.814004
0.811210
0.820762
0.814861
0.816973
0.825316
0.824249
0.822284
0.822610
0.829937
0.838705
0.834834
0.833239
0.833147
0.837549
0.841945
0.839615
0.847678
0.839938
0.848815
0.856764
0.843495
0.851747
0.857239
0.848256
0.865392
0.857165
0.866872
0.860421
0.863369
0.865238
0.866731
0.872985
0.864107
0.874801
0.879131
0.868592
0.879304
0.873630
0.889168
0.882320
0.886483
0.873879
0.887141
0.892100
0.887468
0.894811
0.889077
0.895439
0.891209
0.902369
0.897120
0.896696
0.900325
0.903995
0.896138
0.909696
0.911001
0.915180
0.903637
0.911084
0.908024
0.913166
0.914478
0.918335
0.912253
0.919929
0.921433
0.929592
0.920871
0.918450
0.924356
0.924032
0.929452
0.932011
0.922867
0.930691
0.933883
0.935269
0.928765
0.936616
0.937737
0.931351
0.945394
0.940691
0.940491
0.941495
0.945539
0.937429
0.938872
0.951938
0.941449
0.950093
0.948472
0.950023
0.953635
0.953533
0.954577
0.947064
0.951608
0.959144
0.949136
0.965013
0.956071
0.955900
0.959217
0.960398
0.953716
0.967943
0.958345
0.963881
0.969782
0.956576
0.961222
0.962141
0.969193
0.968660
0.972954
0.960901
0.972931
0.974105
0.960642
0.972247
0.971235
0.976182
0.967577
0.979185
0.967639
0.965652
0.979831
0.978195
0.969239
0.971523
0.981964
0.975070
0.976226
0.978791
0.977614
0.976593
0.978839
0.972044
0.979040
0.976745
0.985718
0.983663
0.979313
0.974135
0.978204
0.985327
0.977838
0.985433
0.986500
0.978873
0.983261
0.972260
0.985694
0.983454
0.984492
0.980054
0.984789
0.985609
0.990891
0.961155
0.982972
0.988070
0.987128
0.985488
0.976752
0.985488
0.987128
0.988070
0.982972
0.961155
0.990891
0.985609
0.984789
0.980054
0.984492
0.983454
0.985694
0.972260
0.983261
0.978873
0.986500
0.985433
0.977838
0.985327
0.978204
0.974135
0.979313
0.983663
0.985718
0.976745
0.979040
0.972044
0.978839
0.976593
0.977614
0.978791
0.976226
0.975070
0.981964
0.971523
0.969239
0.978195
0.979831
0.965652
0.967639
0.979185
0.967577
0.976182
0.971235
0.972247
0.960642
0.974105
0.972931
0.960901
0.972954
0.968660
0.969193
0.962141
0.961222
0.956576
0.969782
0.963881
0.958345
0.967943
0.953716
0.960398
0.959217
0.955900
0.956071
0.965013
0.949136
0.959144
0.951608
0.947064
0.954577
0.953533
0.953635
0.950023
0.948472
0.950093
0.941449
0.951938
0.938872
0.937429
0.945539
0.941495
0.940491
0.940691
0.945394
0.931351
0.937737
0.936616
0.928765
0.935269
0.933883
0.930691
0.922867
0.932011
0.929452
0.924032
0.924356
0.918450
0.920871
0.929592
0.921433
0.919929
0.912253
0.918335
0.914478
0.913166
0.908024
0.911084
0.903637
0.915180
0.911001
0.909696
0.896138
0.903995
0.900325
0.896696
0.897120
0.902369
0.891209
0.895439
0.889077
0.894811
0.887468
0.892100
0.887141
0.873879
0.886483
0.882320
0.889168
0.873630
0.879304
0.868592
0.879131
0.874801
0.864107
0.872985
0.866731
0.865238
0.863369
0.860421
0.866872
0.857165
0.865392
0.848256
0.857239
0.851747
0.843495
0.856764
0.848815
0.839938
0.847678
0.839615
0.841945
0.837549
0.833147
0.833239
0.834834
0.838705
0.829937
0.822610
0.822284
0.824249
0.825316
0.816973
0.814861
0.820762
0.811210
0.814004
0.812990
0.810996
0.802693
0.804450
0.800990
0.804372
0.799512
0.793082
0.790650
0.789032
0.791358
0.790161
0.788055
0.785684
0.777191
0.780214
0.773315
0.781792
0.777550
0.767485
0.772661
0.769191
0.764543
0.758967
0.767346
0.757416
0.753257
0.753284
0.754608
0.752563
0.743482
0.748488
0.746667
0.738694
0.735663
0.741668
0.733379
0.738211
0.729028
0.735427
0.720838
0.718569
0.719676
0.720030
0.721782
0.713612
0.713042
0.709480
0.711080
0.702208
0.702680
0.699848
0.692315
0.699423
0.696430
0.691520
0.691680
0.682733
0.687748
0.676960
0.682374
0.676776
0.671124
0.672989
0.665864
0.674637
0.665088
0.659076
0.657861
0.659559
0.654158
0.652064
0.660329
0.636222
0.650078
0.641270
0.634077
0.643188
0.639969
0.633253
0.628628
0.622829
0.619626
0.628141
0.624731
0.620094
0.610398
0.607995
0.615121
0.604375
0.609186
0.597617
0.594979
0.605408
0.588394
0.592434
0.587738
0.589515
0.583235
0.581453
0.579108
0.577566
0.568653
0.573743
0.571957
0.568876
0.558569
0.562445
0.560472
0.554824
0.551309
0.542147
0.554425
0.545968
0.543644
0.538630
0.543089
0.533120
0.528427
0.531733
0.518262
0.522931
0.529949
0.518468
0.514295
0.512231
0.511378
0.510384
0.502315
0.497721
0.500045
0.490478
0.495355
0.492489
0.493042
0.488172
0.483461
0.482489
0.477338
0.472306
0.470650
0.470583
0.469875
0.460907
0.460887
0.462379
0.443723
0.459504
0.450896
0.448165
0.450716
0.441180
0.437698
0.431704
0.440941
0.432565
0.424577
0.429359
0.422247
0.419271
0.416394
0.415757
0.415045
0.410804
0.407437
0.399275
0.401927
0.402595
0.394682
0.392195
0.392589
0.388096
0.379241
0.384505
0.382332
0.376784
0.372720
0.374264
0.361212
0.366544
0.363962
0.359790
0.364510
0.352468
0.349167
0.349091
0.351225
0.340614
0.346171
0.333156
0.337072
0.333186
0.328885
0.327032
0.330059
0.321779
0.321284
0.315486
0.313338
0.314552
0.308396
0.304803
0.304671
0.299260
0.296925
0.293213
0.291812
0.288874
0.292134
0.283280
0.281574
0.281401
0.276145
0.271228
0.274645
0.265484
0.265339
0.260933
0.269163
0.260364
0.251815
0.249532
0.248606
0.243555
0.249796
0.243366
0.238818
0.238366
0.226767
0.238007
0.231749
0.222851
0.223305
0.215982
0.220494
0.220239
0.213594
0.209857
0.213206
0.198252
0.205173
0.203443
0.193159
0.188082
0.193729
0.191910
0.189165
0.184898
0.182004
0.180052
0.178990
0.171928
0.166472
0.170653
0.167825
0.168090
0.162309
0.159868
0.159291
0.153675
0.149440
0.145435
0.150967
0.143011
0.142940
0.136693
0.130062
0.139796
0.130079
0.130674
0.127392
0.125295
0.122447
0.118643
0.112342
0.117488
0.114746
0.108449
0.105119
0.105297
0.103891
0.098437
0.097741
0.095389
0.096265
0.089156
0.092571
0.080710
0.081341
0.081928
0.083905
0.077201
0.075475
0.070507
0.074598
0.067934
0.064268
0.063168
0.057473
0.054345
0.059936
0.055767
0.052296
0.048555
0.050191
0.045322
0.042378
0.040813
0.034962
0.034924
0.038392
0.028700
0.031723
0.026393
0.024036
0.016930
0.021737
0.022763
0.012618
0.013377
0.015910
0.004906
0.008198
0.006274
-0.000819
0.001541
0.001917
-0.004531
-0.007771
-0.005479
-0.012076
-0.016079
-0.011989
-0.016055
-0.015192
-0.022964
-0.024034
-0.022291
-0.032965
-0.023928
-0.030211
-0.029059
-0.035353
-0.035550
-0.042166
-0.041631
-0.045910
-0.046923
-0.045778
-0.045621
-0.045585
-0.051318
-0.061000
-0.054255
-0.058851
-0.055739
-0.058291
-0.062758
-0.064340
-0.068594
-0.074335
-0.068272
-0.073992
-0.076757
-0.076641
-0.075415
-0.075511
-0.082650
-0.084785
-0.086208
-0.083956
-0.093807
-0.088201
-0.091570
-0.094338
-0.095610
-0.101584
-0.096680
-0.100505
-0.099229
-0.107482
-0.105799
-0.103933
-0.112661
-0.112221
-0.108887
-0.115294
-0.117881
-0.119171
-0.121866
-0.114730
-0.120577
-0.125235
-0.128280
-0.129474
-0.129463
-0.129159
-0.128051
-0.129733
-0.141398
-0.140886
-0.136159
-0.140754
-0.140968
-0.140058
-0.147144
-0.142418
-0.148813
-0.147263
-0.150188
-0.150867
-0.152967
-0.154723
-0.155858
-0.154814
-0.161155
-0.160808
-0.160638
-0.162612
-0.166384
-0.162902
-0.161568
-0.168661
-0.170439
-0.171861
-0.172045
-0.173378
-0.170043
-0.178731
-0.175791
-0.177945
-0.179954
-0.178807
-0.182781
-0.180441
-0.184078
-0.184837
-0.184917
-0.188840
-0.184231
-0.189889
-0.193136
-0.190151
-0.193197
-0.197316
-0.194442
-0.195528
-0.195096
-0.193605
-0.204229
-0.199130
-0.196182
-0.199248
-0.204436
-0.208455
-0.205061
-0.207000
-0.207540
-0.209250
-0.205413
-0.212048
-0.207371
-0.211696
-0.213800
-0.211769
-0.214312
-0.213332
-0.217783
-0.216720
-0.219993
-0.217746
-0.222664
-0.216480
-0.223129
-0.219112
-0.221530
-0.222338
-0.221305
-0.223266
-0.228461
-0.232331
-0.225590
-0.225185
-0.234555
-0.226349
-0.227566
-0.229459
-0.235295
-0.228479
-0.231847
-0.236379
-0.236053
-0.232216
-0.232549
-0.236060
-0.242702
-0.234639
-0.240434
-0.237234
-0.237102
-0.237769
-0.242040
-0.238471
-0.245527
-0.242681
-0.241892
-0.242665
-0.242585
-0.246622
-0.242083
-0.243523
-0.241610
-0.254071
-0.247383
-0.247466
-0.251915
-0.246508
-0.243615
-0.248589
-0.252514
-0.247233
-0.251587
-0.249071
-0.255587
-0.250393
-0.251202
-0.250417
-0.252413
-0.249701
-0.255820
-0.251668
-0.255018
-0.257349
-0.255387
-0.252590
-0.255324
-0.252797
-0.258318
-0.252598
-0.255390
-0.258419
-0.254845
-0.258511
-0.257977
-0.254367
-0.252118
-0.261515
-0.259399
-0.258439
-0.253987
-0.258496
-0.259276
-0.251926
-0.259306
-0.258187
-0.259763
-0.257214
-0.259511
-0.256958
-0.254929
-0.255356
-0.261573
-0.259144
-0.260574
-0.257486
-0.257663
-0.256659
-0.258638
-0.260651
-0.257906
-0.256619
-0.259031
-0.263067
-0.257683
-0.259315
-0.258703
-0.258527
-0.254289
-0.259488
-0.260004
-0.257379
-0.257507
-0.259134
-0.257539
-0.258300
-0.256071
-0.255690
-0.260631
-0.255252
-0.263069
-0.249289
-0.256254
-0.253854
-0.253901
-0.255597
-0.257860
-0.253495
-0.253371
-0.252998
-0.258643
-0.256162
-0.257099
-0.255003
-0.249701
-0.250588
-0.254127
-0.255365
-0.251260
-0.247112
-0.257700
-0.249253
-0.248013
-0.251290
-0.251756
-0.252065
-0.249277
-0.247691
-0.247058
-0.249945
-0.249839
-0.252662
-0.244591
-0.242970
-0.245170
-0.246912
-0.244946
-0.244670
-0.245349
-0.241151
-0.242651
-0.244733
-0.245154
-0.247589
-0.241743
-0.238680
-0.241347
-0.244196
-0.239836
-0.236949
-0.238597
-0.240690
-0.238890
-0.236221
-0.239164
-0.236260
-0.236602
-0.234538
-0.232498
-0.233671
-0.235376
-0.233642
-0.234586
-0.232689
-0.228155
-0.231039
-0.232544
-0.230948
-0.230045
-0.229368
-0.224769
-0.227390
-0.228829
-0.228124
-0.220049
-0.224907
-0.224912
-0.224977
-0.221281
-0.222736
-0.223051
-0.219499
-0.215787
-0.219302
-0.217471
-0.218568
-0.220348
-0.216544
-0.211956
-0.215500
-0.214739
-0.210065
-0.215804
-0.211428
-0.212975
-0.208081
-0.204386
-0.211658
-0.211086
-0.206747
-0.207237
-0.206525
-0.206633
-0.203869
-0.201077
-0.203978
-0.201993
-0.201459
-0.198618
-0.199210
-0.192949
-0.199792
-0.199561
-0.195619
-0.193156
-0.194474
-0.197046
-0.188215
-0.190455
-0.191058
-0.192311
-0.190625
-0.187012
-0.185965
-0.190222
-0.184520
-0.184912
-0.184752
-0.182148
-0.184671
-0.177352
-0.179770
-0.177985
-0.175884
-0.182185
-0.177595
-0.176737
-0.179338
-0.171640
-0.172386
-0.172642
-0.167181
-0.167661
-0.172063
-0.171335
-0.164802
-0.169010
-0.165194
-0.165240
-0.165031
-0.164980
-0.163488
-0.158884
-0.156865
-0.157211
-0.160178
-0.154050
-0.156525
-0.156388
-0.156653
-0.151871
-0.152333
-0.152175
-0.150185
-0.148633
-0.148495
-0.145929
-0.148556
-0.146979
-0.145915
-0.147271
-0.140177
-0.137183
-0.139237
-0.139762
-0.137393
-0.137398
-0.136913
-0.135524
-0.134333
-0.130626
-0.136742
-0.131042
-0.126800
-0.129045
-0.127182
-0.128801
-0.128961
-0.121875
-0.121751
-0.125912
-0.120104
-0.118370
-0.120220
-0.117722
-0.116237
-0.117985
-0.117867
-0.115018
-0.111261
-0.114103
-0.112886
-0.109361
-0.107488
-0.109100
-0.108531
-0.107413
-0.104839
-0.103288
-0.105384
-0.101382
-0.101378
-0.098948
-0.100987
-0.098282
-0.097801
-0.099218
-0.095378
-0.094040
-0.092440
-0.094126
-0.094429
-0.089166
-0.086848
-0.089202
-0.089363
-0.082167
-0.084080
-0.086140
-0.086467
-0.084185
-0.082351
-0.078044
-0.081153
-0.075499
-0.074884
-0.078261
-0.074473
-0.076195
-0.070837
-0.071132
-0.072137
-0.070484
-0.068818
-0.067902
-0.066720
-0.066025
-0.066422
-0.065440
-0.065750
-0.062438
-0.061495
-0.058654
-0.059338
-0.056598
-0.055180
-0.054601
-0.052072
-0.053594
-0.054859
-0.051745
-0.052750
-0.050855
-0.048106
-0.046911
-0.048078
-0.045587
-0.042044
-0.041561
-0.042528
-0.041317
-0.039360
-0.040299
-0.038097
-0.035902
-0.035644
-0.035048
-0.034846
-0.031177
-0.031198
-0.029706
-0.031336
-0.027898
-0.030970
-0.026893
-0.025444
-0.022268
-0.022047
-0.024099
-0.023024
-0.019143
-0.019634
-0.015877
-0.017583
-0.015236
-0.016709
-0.019149
-0.010844
-0.014823
-0.011989
-0.007354
-0.009674
-0.009984
-0.011662
-0.006213
-0.006316
-0.007326
-0.004002
-0.005188
0.002038
0.001758
0.000507
0.000616
-0.001737
0.002802
0.001894
0.002147
0.001286
0.006199
0.010488
0.009435
0.009563
0.010634
0.004124
0.013457
0.014581
0.016418
0.009046
0.013807
0.014208
0.020073
0.015834
0.018709
0.020670
0.019562
0.022492
0.022000
0.022595
0.026696
0.023573
0.024286
0.025475
0.025453
0.027476
0.029548
0.030162
0.032863
0.030842
0.028569
0.034199
0.031273
0.035917
0.039769
0.034355
0.034084
0.037336
0.038158
0.042617
0.040598
0.041120
0.041753
0.044283
0.042862
0.045163
0.041926
0.044106
0.047539
0.051648
0.051386
0.047711
0.046306
0.049673
0.055111
0.052308
0.052045
0.052812
0.058567
0.056088
0.057929
0.057062
0.059015
0.060055
0.055930
0.058225
0.060207
0.061238
0.060689
0.061494
0.065505
0.066527
0.066787
0.067172
0.069309
0.068508
0.067090
0.067620
0.069130
0.067164
0.067702
0.073913
0.074753
0.076054
0.069883
0.074068
0.076642
0.073249
0.074917
0.075216
0.079876
0.078943
0.081307
0.079301
0.078170
0.079331
0.082424
0.081497
0.083337
0.084606
0.082969
0.085018
0.081840
0.085717
0.086512
0.085367
0.087443
0.085594
0.088516
0.088377
0.088605
0.092322
0.089355
0.093133
0.093286
0.092328
0.087164
0.094487
0.093064
0.095715
0.092432
0.098768
0.096718
0.095296
0.095902
0.095413
0.096116
0.096825
0.098697
0.096835
0.095801
0.097940
0.102376
0.102220
0.103735
0.104197
0.101705
0.101762
0.101682
0.103927
0.099195
0.099552
0.104827
0.106954
0.105796
0.105969
0.106103
0.108581
0.105191
0.106171
0.104557
0.110165
0.106573
0.110051
0.111589
0.111016
0.109314
0.107040
0.108119
0.112849
0.111973
0.114361
0.112430
0.112278
0.113563
0.113734
0.112953
0.114505
0.114546
0.112070
0.114912
0.119457
0.115077
0.120378
0.120458
0.120970
0.119661
0.119922
0.114736
0.119306
0.118684
0.118802
0.116129
0.112603
0.115201
0.119831
0.117452
0.121547
0.121716
0.120089
0.123687
0.123771
0.123073
0.118324
0.122236
0.120759
0.123732
0.122546
0.123833
0.121913
0.122696
0.122748
0.124369
0.122509
0.124508
0.126991
0.125033
0.125170
0.125467
0.125233
0.125807
0.125813
0.120568
0.124700
0.123691
0.125504
0.127548
0.129565
0.127691
0.127341
0.125578
0.127759
0.127118
0.124036
0.124522
0.127889
0.129685
0.128490
0.127550
0.126264
0.130140
0.128831
0.127323
0.126932
0.127436
0.128865
0.127288
0.127710
0.126363
0.131970
0.127878
0.129341
0.128135
0.128414
0.126484
0.129896
0.126307
0.130266
0.131053
0.127201
0.128323
0.126496
0.128803
0.132745
0.130869
0.128233
0.131474
0.126395
0.126584
0.129071
0.130153
0.127628
0.129185
0.127693
0.130392
0.129304
0.130031
0.130201
0.129385
0.125922
0.129525
0.125277
0.127384
0.131103
0.129393
0.130234
0.131582
0.127265
0.126768
0.126835
0.125544
0.129478
0.127730
0.131414
0.129459
0.127199
0.127769
0.128786
0.124984
0.127237
0.125331
0.128263
0.129265
0.125822
0.124684
0.124657
0.126334
0.129262
0.127465
0.126660
0.126725
0.124754
0.125148
0.128969
0.129085
0.124184
0.123502
0.123471
0.124209
0.125366
0.126483
0.126633
0.124538
0.122182
0.122880
0.123379
0.126385
0.124216
0.122096
0.124309
0.123880
0.121919
0.120564
0.118990
0.125143
0.122874
0.125348
0.124482
0.122623
0.121172
0.119656
0.120192
0.122550
0.120168
0.120154
0.122258
0.120138
0.121268
0.117898
0.116593
0.119017
0.118304
0.119764
0.117250
0.121253
0.120016
0.115252
0.115697
0.116490
0.116776
0.117796
0.116664
0.118169
0.117413
0.114792
0.116607
0.116382
0.116082
0.114854
0.115116
0.114103
0.113679
0.112377
0.117179
0.116948
0.115667
0.111825
0.112252
0.110898
0.112073
0.111939
0.110670
0.112275
0.111320
0.111596
0.111368
0.108592
0.110795
0.110645
0.109965
0.106855
0.110389
0.108119
0.109419
0.109394
0.108788
0.106852
0.107429
0.107342
0.106886
0.105034
0.103577
0.106545
0.105725
0.105304
0.103325
0.104850
0.104091
0.107708
0.103397
0.101713
0.099752
0.103049
0.103182
0.101769
0.099838
0.102726
0.099746
0.101285
0.098667
0.098356
0.100232
0.099091
0.098904
0.098635
0.096484
0.094391
0.096666
0.096367
0.099484
0.095466
0.096873
0.094066
0.094182
0.093710
0.095569
0.094818
0.095535
0.094422
0.092298
0.089686
0.093372
0.092810
0.091950
0.089945
0.090095
0.089943
0.088321
0.090581
0.090241
0.090741
0.090224
0.089149
0.087393
0.089296
0.084340
0.089070
0.086339
0.088301
0.086488
0.087126
0.084842
0.084411
0.085281
0.086908
0.084385
0.083568
0.082206
0.081668
0.084668
0.080963
0.082219
0.084189
0.082565
0.081494
0.078800
0.078026
0.080746
0.079439
0.079993
0.079158
0.076796
0.077961
0.076725
0.076726
0.075438
0.077566
0.078642
0.074543
0.074923
0.075436
0.074574
0.073639
0.071864
0.074520
0.074682
0.074081
0.071067
0.072684
0.069179
0.070080
0.070647
0.069746
0.069670
0.068521
0.071211
0.070600
0.071144
0.067758
0.065880
0.065658
0.067794
0.066657
0.064642
0.063891
0.068970
0.066415
0.064811
0.065353
0.063072
0.064617
0.062219
0.064231
0.061599
0.065260
0.061400
0.062786
0.060514
0.061471
0.057558
0.060164
0.060985
0.062909
0.057454
0.060183
0.058598
0.057498
0.055791
0.058314
0.055991
0.056880
0.057894
0.057075
0.053722
0.054051
0.055964
0.055040
0.054972
0.054058
0.052325
0.052706
0.050694
0.052329
0.054712
0.051996
0.053021
0.051350
0.052387
0.051829
0.047883
0.046650
0.048147
0.049313
0.049102
0.045901
0.046640
0.047459
0.045763
0.049504
0.045951
0.047603
0.045034
0.045456
0.045544
0.045366
0.043983
0.046225
0.045736
0.043120
0.042196
0.041686
0.042344
0.039435
0.043312
0.042158
0.042834
0.043234
0.040002
0.039738
0.037523
0.039463
0.038763
0.039401
0.039103
0.041171
0.039755
0.039426
0.035541
0.037187
0.034461
0.036155
0.035342
0.035464
0.035468
0.037560
0.033343
0.036931
0.036209
0.035855
0.033734
0.032805
0.034247
0.031761
0.034126
0.031622
0.032379
0.031164
0.031847
0.029420
0.030070
0.030758
0.032222
0.033684
0.030481
0.028393
0.028954
0.026964
0.028171
0.029326
0.030171
0.029545
0.029412
0.028061
0.028674
0.027497
0.024115
0.025554
0.026091
0.027397
0.027515
0.025119
0.025542
0.027437
0.021745
0.022359
0.025090
0.025782
0.026515
0.021742
0.023846
0.022717
0.020682
0.021243
0.025631
0.025280
0.022216
0.021560
0.021193
0.019647
0.020427
0.022243
0.021469
0.020726
0.019302
0.020313
0.018731
0.017396
0.017315
0.020969
0.018237
0.019362
0.017022
0.018116
0.017033
0.017757
0.017254
0.018424
0.020060
0.017960
0.023058
0.024538
0.029361
0.030137
0.032654
0.034377
0.030591


