M_loss: 6, M_sym: 4300.0, M_power: 9000, M_bandwidth: 22.3872113856834
0.019962
0.013797
0.012988
0.012431
0.013295
0.013019
0.015734
0.013119
0.015777
0.013392
0.013661
0.015069
0.013746
0.011478
0.011918
0.012296
0.011486
0.010899
0.012910
0.009726
0.007704
0.009868
0.007658
0.009555
0.007309
0.007602
0.010496
0.010994
0.010346
0.010772
0.010485
0.011470
0.010742
0.012782
0.011713
0.010728
0.010820
0.011189
0.009875
0.010580
0.010169
0.010874
0.011648
0.014038
0.012194
0.014287
0.012586
0.012048
0.011893
0.013010
0.013484
0.015874
0.015321
0.012076
0.012729
0.013713
0.014769
0.013116
0.015071
0.014371
0.015333
0.013032
0.014541
0.012802
0.012450
0.015473
0.012665
0.015971
0.014738
0.014995
0.016051
0.014950
0.016352
0.017170
0.014454
0.017393
0.016709
0.016835
0.015285
0.017085
0.016666
0.016291
0.017993
0.017350
0.017717
0.018113
0.017303
0.016799
0.015466
0.017849
0.017631
0.018526
0.017473
0.017685
0.019617
0.020446
0.019462
0.020807
0.019111
0.018868
0.018902
0.020702
0.018247
0.018007
0.018725
0.018760
0.018784
0.020812
0.019839
0.022989
0.020473
0.021837
0.021001
0.020294
0.022860
0.021130
0.022297
0.021985
0.022566
0.024062
0.021983
0.019741
0.021712
0.022508
0.025009
0.022562
0.021896
0.021868
0.022209
0.023464
0.022567
0.021368
0.022069
0.023410
0.024924
0.026104
0.024790
0.024463
0.027203
0.025149
0.025419
0.027114
0.024065
0.025370
0.024096
0.023358
0.025634
0.025086
0.024491
0.023807
0.024419
0.027550
0.025229
0.026113
0.024253
0.026549
0.026830
0.028096
0.028414
0.027579
0.028376
0.027798
0.029596
0.030965
0.028965
0.026940
0.029654
0.027272
0.028265
0.028591
0.028151
0.028246
0.028722
0.027255
0.025930
0.029234
0.029105
0.030026
0.031562
0.029612
0.032311
0.030856
0.029805
0.030953
0.030031
0.031906
0.030673
0.033548
0.028729
0.031866
0.033526
0.031919
0.031870
0.031336
0.028797
0.031291
0.031745
0.032543
0.033853
0.030145
0.032176
0.031303
0.034934
0.033672
0.033707
0.033055
0.035479
0.034494
0.036425
0.033410
0.035591
0.034071
0.033776
0.032519
0.033157
0.033853
0.034312
0.035952
0.034366
0.034423
0.035518
0.036556
0.035387
0.035807
0.035771
0.033157
0.032708
0.036048
0.036983
0.038055
0.035798
0.037668
0.036654
0.036401
0.037059
0.036927
0.037178
0.037573
0.036147
0.038660
0.035273
0.037474
0.039313
0.036198
0.039046
0.038641
0.036798
0.038527
0.038369
0.038951
0.035897
0.037641
0.038138
0.037291
0.040772
0.039020
0.039943
0.037794
0.038381
0.036900
0.038988
0.039637
0.041048
0.038389
0.039254
0.040511
0.040972
0.038306
0.040402
0.039329
0.039551
0.040207
0.039295
0.039443
0.040026
0.041931
0.039726
0.039289
0.039463
0.039218
0.039829
0.039221
0.040159
0.040308
0.037390
0.039260
0.041444
0.041111
0.041756
0.041508
0.041180
0.038959
0.040230
0.041750
0.041430
0.042299
0.040258
0.040219
0.039769
0.040688
0.040901
0.039547
0.038974
0.039353
0.042047
0.039834
0.040649
0.040694
0.038291
0.042164
0.043545
0.038917
0.041819
0.043078
0.042094
0.040765
0.039331
0.039863
0.040106
0.041569
0.042773
0.040053
0.042194
0.040588
0.041140
0.039028
0.038830
0.038958
0.042313
0.039767
0.040022
0.039132
0.039291
0.041553
0.042197
0.039966
0.040224
0.041455
0.040913
0.042434
0.041489
0.040497
0.039895
0.039508
0.038168
0.040379
0.040740
0.041416
0.038503
0.040860
0.039165
0.040230
0.039714
0.038182
0.039264
0.041336
0.039372
0.037758
0.039543
0.037893
0.036811
0.039115
0.040712
0.038273
0.041085
0.038451
0.039436
0.040684
0.040307
0.038784
0.037802
0.037510
0.037671
0.039365
0.037582
0.036932
0.036821
0.036334
0.038271
0.039057
0.036871
0.037205
0.037909
0.036855
0.034521
0.036439
0.035418
0.036774
0.038382
0.038456
0.036961
0.037722
0.035837
0.037457
0.035369
0.037614
0.035456
0.035061
0.035861
0.033374
0.036244
0.035482
0.033588
0.033917
0.032702
0.033169
0.037899
0.034948
0.034685
0.031953
0.032422
0.030166
0.033217
0.032057
0.033247
0.034620
0.031577
0.032187
0.033759
0.033772
0.030258
0.031037
0.031640
0.033035
0.033308
0.030780
0.029728
0.031647
0.027948
0.030352
0.028146
0.029321
0.029114
0.030546
0.031550
0.029766
0.027412
0.029106
0.026025
0.027802
0.026685
0.027699
0.027897
0.025653
0.025893
0.025951
0.023033
0.024967
0.025327
0.025317
0.024791
0.024576
0.024322
0.024711
0.024129
0.023107
0.023179
0.024080
0.026285
0.023189
0.024136
0.024030
0.023611
0.021818
0.023002
0.021545
0.020452
0.019461
0.020076
0.021159
0.018321
0.018356
0.018284
0.018548
0.018580
0.017607
0.014713
0.012174
0.014267
0.013424
0.015018
0.015072
0.016309
0.014374
0.018465
0.014707
0.016542
0.014173
0.013358
0.014603
0.011975
0.013902
0.012753
0.012089
0.008232
0.012828
0.016319
0.012144
0.013081
0.011447
0.007587
0.009507
0.009271
0.010350
0.009392
0.007637
0.008374
0.005462
0.006377
0.005036
0.006266
0.004702
0.005049
0.006745
0.003352
0.002450
0.002691
0.002945
0.001249
0.002549
0.003343
0.002904
0.001822
0.003075
-0.001113
-0.000591
0.000902
-0.001165
-0.001561
-0.003318
-0.000347
-0.004370
-0.005930
-0.006294
-0.005302
-0.004543
-0.007143
-0.007721
-0.006912
-0.007755
-0.006827
-0.005020
-0.010397
-0.010432
-0.009828
-0.011809
-0.011203
-0.005340
-0.012473
-0.011110
-0.013332
-0.012123
-0.012281
-0.010628
-0.012508
-0.014154
-0.014974
-0.014363
-0.016571
-0.016510
-0.016919
-0.016848
-0.012564
-0.020289
-0.018870
-0.020606
-0.019498
-0.019345
-0.022607
-0.021411
-0.021978
-0.026330
-0.023676
-0.022606
-0.024851
-0.023428
-0.024770
-0.023980
-0.021262
-0.024925
-0.027631
-0.025913
-0.029465
-0.027530
-0.028174
-0.027215
-0.029940
-0.031003
-0.030751
-0.033658
-0.033201
-0.033889
-0.033995
-0.030705
-0.032131
-0.034325
-0.034572
-0.040375
-0.037097
-0.035066
-0.039693
-0.039158
-0.038549
-0.039035
-0.039570
-0.039528
-0.039253
-0.043445
-0.041057
-0.043333
-0.042334
-0.043026
-0.042006
-0.043666
-0.045693
-0.048828
-0.046962
-0.049846
-0.049684
-0.050558
-0.047114
-0.045733
-0.052224
-0.056408
-0.054613
-0.053293
-0.054092
-0.050964
-0.052543
-0.053751
-0.056138
-0.057461
-0.057002
-0.056801
-0.057211
-0.057154
-0.058984
-0.057983
-0.059922
-0.059788
-0.060031
-0.060861
-0.060616
-0.063643
-0.066488
-0.067668
-0.066578
-0.068020
-0.069015
-0.070004
-0.064906
-0.069474
-0.067535
-0.071141
-0.069780
-0.072423
-0.074747
-0.072768
-0.071478
-0.075068
-0.073977
-0.073208
-0.074684
-0.078800
-0.074431
-0.078750
-0.078555
-0.076189
-0.079890
-0.082159
-0.079893
-0.083674
-0.083007
-0.083637
-0.084729
-0.086913
-0.083289
-0.085841
-0.088165
-0.083519
-0.087424
-0.088668
-0.091232
-0.093427
-0.091998
-0.087789
-0.090903
-0.093174
-0.092968
-0.095544
-0.095613
-0.092597
-0.094030
-0.093152
-0.095541
-0.097472
-0.100874
-0.097385
-0.102093
-0.100414
-0.102398
-0.098926
-0.102346
-0.103649
-0.106905
-0.104361
-0.104824
-0.106417
-0.106547
-0.106985
-0.107010
-0.108908
-0.108066
-0.106956
-0.110832
-0.115303
-0.110748
-0.111831
-0.112794
-0.109186
-0.113434
-0.116605
-0.118827
-0.116130
-0.116213
-0.117412
-0.119113
-0.118535
-0.117737
-0.120942
-0.122945
-0.122674
-0.122560
-0.122929
-0.124087
-0.122566
-0.122176
-0.124261
-0.126395
-0.126419
-0.127984
-0.127226
-0.131157
-0.128930
-0.130007
-0.129096
-0.129863
-0.130721
-0.136549
-0.133503
-0.136022
-0.134533
-0.134856
-0.136866
-0.135971
-0.138124
-0.136780
-0.135855
-0.138280
-0.141014
-0.140499
-0.144048
-0.139358
-0.142817
-0.143520
-0.145808
-0.148791
-0.144921
-0.143716
-0.147201
-0.143492
-0.149540
-0.146714
-0.145815
-0.150014
-0.147757
-0.151645
-0.150112
-0.148577
-0.154586
-0.153088
-0.155123
-0.155463
-0.154871
-0.153340
-0.155408
-0.157181
-0.157439
-0.160312
-0.160545
-0.157990
-0.158962
-0.161561
-0.162158
-0.162732
-0.163808
-0.159182
-0.162646
-0.164410
-0.165468
-0.164004
-0.163639
-0.165112
-0.167675
-0.167556
-0.167741
-0.166666
-0.171647
-0.170272
-0.174016
-0.171158
-0.168513
-0.169448
-0.176123
-0.171497
-0.174239
-0.172661
-0.173650
-0.178788
-0.177834
-0.175175
-0.174413
-0.181393
-0.177778
-0.177309
-0.177801
-0.180212
-0.175532
-0.181784
-0.178729
-0.181522
-0.179922
-0.181462
-0.182917
-0.186847
-0.183170
-0.183596
-0.185858
-0.187225
-0.188503
-0.185889
-0.185532
-0.187071
-0.187511
-0.190233
-0.188622
-0.191499
-0.185187
-0.192832
-0.190229
-0.191022
-0.189180
-0.190811
-0.194541
-0.190700
-0.195520
-0.192075
-0.189625
-0.192407
-0.193759
-0.194545
-0.197856
-0.196582
-0.196579
-0.200753
-0.198319
-0.194450
-0.201539
-0.195320
-0.197717
-0.196661
-0.196759
-0.198024
-0.197168
-0.200778
-0.202992
-0.200686
-0.202917
-0.203012
-0.205411
-0.205255
-0.202453
-0.204218
-0.200333
-0.200058
-0.203787
-0.200017
-0.209102
-0.205296
-0.205321
-0.206399
-0.205409
-0.201627
-0.206198
-0.209975
-0.203094
-0.206349
-0.207537
-0.208473
-0.207188
-0.211980
-0.208154
-0.207516
-0.200856
-0.209510
-0.207638
-0.209051
-0.210257
-0.213892
-0.211423
-0.211742
-0.207183
-0.212715
-0.213268
-0.212105
-0.209362
-0.210936
-0.210258
-0.211106
-0.214578
-0.212707
-0.210492
-0.209074
-0.216310
-0.211536
-0.206657
-0.212911
-0.213145
-0.214357
-0.212583
-0.209118
-0.213738
-0.216451
-0.212876
-0.212874
-0.210835
-0.213739
-0.216173
-0.212355
-0.213060
-0.211183
-0.214459
-0.216283
-0.217337
-0.212332
-0.211636
-0.215193
-0.212258
-0.213650
-0.214934
-0.220201
-0.216717
-0.210629
-0.207248
-0.211676
-0.217500
-0.214562
-0.215752
-0.215787
-0.213272
-0.212637
-0.215265
-0.211541
-0.210526
-0.209233
-0.214298
-0.214541
-0.208120
-0.212958
-0.213844
-0.212889
-0.209134
-0.214964
-0.215433
-0.210239
-0.214633
-0.210767
-0.213628
-0.210958
-0.209474
-0.209587
-0.214328
-0.210420
-0.214675
-0.206386
-0.209646
-0.209407
-0.207923
-0.209467
-0.209121
-0.210160
-0.207833
-0.207920
-0.204034
-0.205561
-0.209490
-0.205442
-0.204557
-0.208845
-0.204810
-0.204386
-0.207472
-0.206754
-0.207739
-0.208060
-0.208203
-0.205372
-0.203462
-0.201942
-0.205093
-0.202479
-0.199352
-0.200136
-0.201418
-0.196264
-0.202962
-0.199921
-0.199220
-0.195673
-0.199667
-0.200852
-0.195762
-0.198145
-0.196544
-0.198261
-0.195367
-0.194766
-0.192576
-0.196077
-0.189753
-0.195884
-0.190744
-0.190934
-0.192392
-0.193277
-0.190927
-0.186727
-0.196422
-0.186600
-0.184261
-0.190041
-0.187654
-0.187910
-0.177758
-0.181925
-0.186649
-0.185525
-0.181893
-0.182022
-0.186348
-0.182872
-0.185402
-0.180474
-0.179215
-0.180475
-0.177274
-0.175124
-0.177389
-0.170831
-0.178005
-0.172815
-0.170120
-0.172510
-0.170062
-0.173526
-0.173992
-0.169614
-0.173163
-0.163152
-0.170743
-0.171245
-0.167438
-0.159685
-0.165058
-0.164135
-0.162240
-0.162991
-0.161112
-0.157825
-0.160956
-0.158961
-0.152372
-0.154093
-0.158344
-0.163878
-0.153498
-0.151442
-0.154890
-0.148637
-0.146856
-0.151432
-0.148228
-0.145916
-0.143813
-0.141978
-0.150152
-0.142243
-0.143574
-0.145553
-0.142884
-0.139795
-0.137077
-0.138607
-0.132840
-0.134455
-0.133119
-0.134939
-0.133996
-0.130019
-0.127893
-0.128034
-0.124528
-0.126856
-0.125354
-0.123442
-0.121530
-0.121787
-0.123552
-0.125912
-0.115313
-0.115819
-0.121998
-0.109992
-0.114483
-0.112731
-0.109844
-0.114047
-0.111634
-0.111397
-0.108655
-0.105631
-0.102310
-0.104349
-0.097603
-0.094076
-0.098097
-0.102708
-0.094119
-0.094730
-0.087284
-0.090570
-0.101213
-0.092314
-0.088229
-0.086168
-0.083727
-0.086750
-0.089288
-0.082336
-0.080109
-0.077047
-0.076039
-0.079989
-0.074238
-0.070689
-0.072503
-0.074183
-0.074400
-0.069571
-0.067513
-0.059227
-0.057607
-0.062201
-0.059690
-0.063094
-0.056563
-0.062743
-0.052353
-0.054622
-0.048046
-0.053321
-0.046480
-0.045912
-0.044897
-0.045323
-0.042105
-0.043653
-0.041033
-0.036425
-0.038422
-0.033073
-0.035330
-0.027684
-0.030497
-0.032162
-0.026471
-0.026351
-0.021444
-0.021366
-0.023898
-0.019030
-0.019457
-0.014889
-0.014664
-0.010137
-0.009543
-0.011580
-0.004628
-0.004204
-0.000454
-0.008406
-0.000645
0.002266
0.007449
0.005444
0.006097
0.003552
0.010822
0.012862
0.018577
0.015003
0.018296
0.021841
0.021585
0.018101
0.025223
0.022783
0.024164
0.031139
0.030953
0.032046
0.036096
0.037071
0.045542
0.041866
0.043730
0.042323
0.045840
0.046706
0.046940
0.051250
0.060921
0.055936
0.059273
0.060008
0.061255
0.066430
0.056443
0.071717
0.069567
0.071854
0.069944
0.074342
0.076815
0.079882
0.086738
0.081170
0.079179
0.085257
0.090935
0.096705
0.095995
0.097630
0.094822
0.102848
0.104425
0.099649
0.109079
0.107659
0.105821
0.111401
0.111144
0.114589
0.118759
0.118214
0.115997
0.130494
0.127707
0.130840
0.127268
0.128490
0.137023
0.132252
0.135083
0.141818
0.144881
0.149359
0.143530
0.154807
0.150975
0.151352
0.154763
0.159627
0.154646
0.164808
0.160174
0.165271
0.163967
0.173572
0.176896
0.179654
0.171577
0.182482
0.182408
0.180892
0.181868
0.189154
0.188621
0.194728
0.193401
0.201151
0.194643
0.201373
0.203839
0.207044
0.207668
0.210441
0.212517
0.219719
0.211325
0.219204
0.220736
0.221549
0.229381
0.229803
0.228263
0.234273
0.235537
0.237686
0.238182
0.238800
0.237216
0.244698
0.246184
0.248683
0.254901
0.255189
0.263156
0.256652
0.269370
0.261899
0.270967
0.267156
0.282317
0.268529
0.269204
0.277769
0.285545
0.282108
0.286577
0.283349
0.290729
0.294347
0.292471
0.295775
0.300548
0.299278
0.301442
0.307261
0.308904
0.318444
0.311861
0.316893
0.314701
0.317443
0.325795
0.319240
0.328880
0.336867
0.329431
0.338822
0.331295
0.338990
0.345440
0.344164
0.344162
0.353141
0.348949
0.349619
0.356463
0.366545
0.364127
0.361411
0.363806
0.364403
0.373947
0.365514
0.376984
0.382235
0.376988
0.377073
0.385221
0.387654
0.384143
0.392127
0.397809
0.394131
0.403880
0.406477
0.405332
0.411551
0.404099
0.407562
0.417719
0.414406
0.423521
0.416442
0.422601
0.421161
0.421637
0.434237
0.433794
0.440345
0.437466
0.432578
0.443765
0.450838
0.446753
0.446844
0.454667
0.444291
0.461383
0.461903
0.465459
0.465983
0.452497
0.475256
0.466287
0.469537
0.477078
0.479332
0.485896
0.478691
0.483351
0.486283
0.493865
0.491111
0.495564
0.497382
0.496957
0.505911
0.503227
0.506804
0.512622
0.509949
0.506251
0.514112
0.517298
0.515108
0.527635
0.518970
0.530180
0.540268
0.534080
0.537545
0.534614
0.536110
0.540530
0.547096
0.542229
0.544706
0.545732
0.553685
0.555297
0.552749
0.565085
0.563612
0.565334
0.568401
0.568789
0.575822
0.577193
0.580712
0.572988
0.582317
0.588018
0.576002
0.594320
0.582644
0.590029
0.586543
0.600905
0.598386
0.600286
0.610331
0.607299
0.603960
0.610026
0.611346
0.615148
0.616833
0.615010
0.625292
0.625294
0.629064
0.622667
0.623555
0.638489
0.629090
0.637338
0.638295
0.645324
0.642368
0.644521
0.644255
0.645275
0.658165
0.660927
0.654366
0.660612
0.662810
0.654425
0.658717
0.675012
0.675084
0.666934
0.670108
0.674900
0.676969
0.675400
0.683347
0.685641
0.687228
0.692950
0.695206
0.680503
0.695347
0.694860
0.698572
0.704720
0.703806
0.705040
0.695524
0.703356
0.714038
0.712660
0.711457
0.718758
0.720776
0.721124
0.733840
0.722732
0.734986
0.726238
0.734032
0.726848
0.729364
0.730151
0.732127
0.742817
0.736251
0.745392
0.747906
0.751302
0.752091
0.757187
0.747689
0.754836
0.758494
0.758373
0.769249
0.762667
0.773133
0.761551
0.767256
0.762392
0.768365
0.770201
0.777406
0.786082
0.774699
0.782587
0.779332
0.793605
0.780069
0.790489
0.792122
0.798412
0.783335
0.800871
0.799360
0.794078
0.796407
0.805956
0.807527
0.802241
0.803419
0.808964
0.809055
0.808623
0.825561
0.821581
0.821166
0.813863
0.818531
0.817226
0.825402
0.832298
0.819981
0.832801
0.830182
0.823649
0.832312
0.834670
0.835522
0.833293
0.840601
0.847726
0.839052
0.843067
0.846755
0.848601
0.842577
0.845507
0.853471
0.854605
0.858994
0.863454
0.855066
0.860239
0.869311
0.850145
0.854349
0.873394
0.859658
0.868807
0.869410
0.855351
0.874650
0.867126
0.876231
0.866317
0.876483
0.877783
0.880207
0.890202
0.879752
0.884349
0.881162
0.881441
0.888667
0.883240
0.892843
0.890832
0.901196
0.889831
0.889646
0.890238
0.891609
0.890714
0.896701
0.894546
0.895513
0.909249
0.915515
0.900486
0.905634
0.912053
0.909283
0.902047
0.906139
0.909389
0.904870
0.910566
0.914089
0.912327
0.915191
0.918454
0.912380
0.913893
0.923598
0.919938
0.924051
0.916231
0.909554
0.925380
0.933211
0.920517
0.932315
0.926432
0.930695
0.927371
0.927225
0.932966
0.931927
0.929703
0.925278
0.924502
0.938755
0.941117
0.931513
0.930946
0.940628
0.930874
0.943374
0.943912
0.940201
0.939869
0.942175
0.935101
0.942117
0.942577
0.944827
0.940853
0.946439
0.944307
0.948215
0.944952
0.950012
0.935018
0.947889
0.956452
0.948036
0.949641
0.953063
0.946412
0.949993
0.946229
0.958015
0.954087
0.953753
0.954181
0.954378
0.957515
0.951309
0.948697
0.942708
0.965608
0.957910
0.953109
0.952591
0.949368
0.964867
0.961498
0.955570
0.961304
0.963599
0.951162
0.962687
0.955418
0.961490
0.957501
0.963815
0.961349
0.962785
0.957669
0.957191
0.955656
0.964413
0.950873
0.957321
0.961108
0.961893
0.965188
0.958131
0.967122
0.969070
0.964370
0.951469
0.958920
0.958095
0.958920
0.951469
0.964370
0.969070
0.967122
0.958131
0.965188
0.961893
0.961108
0.957321
0.950873
0.964413
0.955656
0.957191
0.957669
0.962785
0.961349
0.963815
0.957501
0.961490
0.955418
0.962687
0.951162
0.963599
0.961304
0.955570
0.961498
0.964867
0.949368
0.952591
0.953109
0.957910
0.965608
0.942708
0.948697
0.951309
0.957515
0.954378
0.954181
0.953753
0.954087
0.958015
0.946229
0.949993
0.946412
0.953063
0.949641
0.948036
0.956452
0.947889
0.935018
0.950012
0.944952
0.948215
0.944307
0.946439
0.940853
0.944827
0.942577
0.942117
0.935101
0.942175
0.939869
0.940201
0.943912
0.943374
0.930874
0.940628
0.930946
0.931513
0.941117
0.938755
0.924502
0.925278
0.929703
0.931927
0.932966
0.927225
0.927371
0.930695
0.926432
0.932315
0.920517
0.933211
0.925380
0.909554
0.916231
0.924051
0.919938
0.923598
0.913893
0.912380
0.918454
0.915191
0.912327
0.914089
0.910566
0.904870
0.909389
0.906139
0.902047
0.909283
0.912053
0.905634
0.900486
0.915515
0.909249
0.895513
0.894546
0.896701
0.890714
0.891609
0.890238
0.889646
0.889831
0.901196
0.890832
0.892843
0.883240
0.888667
0.881441
0.881162
0.884349
0.879752
0.890202
0.880207
0.877783
0.876483
0.866317
0.876231
0.867126
0.874650
0.855351
0.869410
0.868807
0.859658
0.873394
0.854349
0.850145
0.869311
0.860239
0.855066
0.863454
0.858994
0.854605
0.853471
0.845507
0.842577
0.848601
0.846755
0.843067
0.839052
0.847726
0.840601
0.833293
0.835522
0.834670
0.832312
0.823649
0.830182
0.832801
0.819981
0.832298
0.825402
0.817226
0.818531
0.813863
0.821166
0.821581
0.825561
0.808623
0.809055
0.808964
0.803419
0.802241
0.807527
0.805956
0.796407
0.794078
0.799360
0.800871
0.783335
0.798412
0.792122
0.790489
0.780069
0.793605
0.779332
0.782587
0.774699
0.786082
0.777406
0.770201
0.768365
0.762392
0.767256
0.761551
0.773133
0.762667
0.769249
0.758373
0.758494
0.754836
0.747689
0.757187
0.752091
0.751302
0.747906
0.745392
0.736251
0.742817
0.732127
0.730151
0.729364
0.726848
0.734032
0.726238
0.734986
0.722732
0.733840
0.721124
0.720776
0.718758
0.711457
0.712660
0.714038
0.703356
0.695524
0.705040
0.703806
0.704720
0.698572
0.694860
0.695347
0.680503
0.695206
0.692950
0.687228
0.685641
0.683347
0.675400
0.676969
0.674900
0.670108
0.666934
0.675084
0.675012
0.658717
0.654425
0.662810
0.660612
0.654366
0.660927
0.658165
0.645275
0.644255
0.644521
0.642368
0.645324
0.638295
0.637338
0.629090
0.638489
0.623555
0.622667
0.629064
0.625294
0.625292
0.615010
0.616833
0.615148
0.611346
0.610026
0.603960
0.607299
0.610331
0.600286
0.598386
0.600905
0.586543
0.590029
0.582644
0.594320
0.576002
0.588018
0.582317
0.572988
0.580712
0.577193
0.575822
0.568789
0.568401
0.565334
0.563612
0.565085
0.552749
0.555297
0.553685
0.545732
0.544706
0.542229
0.547096
0.540530
0.536110
0.534614
0.537545
0.534080
0.540268
0.530180
0.518970
0.527635
0.515108
0.517298
0.514112
0.506251
0.509949
0.512622
0.506804
0.503227
0.505911
0.496957
0.497382
0.495564
0.491111
0.493865
0.486283
0.483351
0.478691
0.485896
0.479332
0.477078
0.469537
0.466287
0.475256
0.452497
0.465983
0.465459
0.461903
0.461383
0.444291
0.454667
0.446844
0.446753
0.450838
0.443765
0.432578
0.437466
0.440345
0.433794
0.434237
0.421637
0.421161
0.422601
0.416442
0.423521
0.414406
0.417719
0.407562
0.404099
0.411551
0.405332
0.406477
0.403880
0.394131
0.397809
0.392127
0.384143
0.387654
0.385221
0.377073
0.376988
0.382235
0.376984
0.365514
0.373947
0.364403
0.363806
0.361411
0.364127
0.366545
0.356463
0.349619
0.348949
0.353141
0.344162
0.344164
0.345440
0.338990
0.331295
0.338822
0.329431
0.336867
0.328880
0.319240
0.325795
0.317443
0.314701
0.316893
0.311861
0.318444
0.308904
0.307261
0.301442
0.299278
0.300548
0.295775
0.292471
0.294347
0.290729
0.283349
0.286577
0.282108
0.285545
0.277769
0.269204
0.268529
0.282317
0.267156
0.270967
0.261899
0.269370
0.256652
0.263156
0.255189
0.254901
0.248683
0.246184
0.244698
0.237216
0.238800
0.238182
0.237686
0.235537
0.234273
0.228263
0.229803
0.229381
0.221549
0.220736
0.219204
0.211325
0.219719
0.212517
0.210441
0.207668
0.207044
0.203839
0.201373
0.194643
0.201151
0.193401
0.194728
0.188621
0.189154
0.181868
0.180892
0.182408
0.182482
0.171577
0.179654
0.176896
0.173572
0.163967
0.165271
0.160174
0.164808
0.154646
0.159627
0.154763
0.151352
0.150975
0.154807
0.143530
0.149359
0.144881
0.141818
0.135083
0.132252
0.137023
0.128490
0.127268
0.130840
0.127707
0.130494
0.115997
0.118214
0.118759
0.114589
0.111144
0.111401
0.105821
0.107659
0.109079
0.099649
0.104425
0.102848
0.094822
0.097630
0.095995
0.096705
0.090935
0.085257
0.079179
0.081170
0.086738
0.079882
0.076815
0.074342
0.069944
0.071854
0.069567
0.071717
0.056443
0.066430
0.061255
0.060008
0.059273
0.055936
0.060921
0.051250
0.046940
0.046706
0.045840
0.042323
0.043730
0.041866
0.045542
0.037071
0.036096
0.032046
0.030953
0.031139
0.024164
0.022783
0.025223
0.018101
0.021585
0.021841
0.018296
0.015003
0.018577
0.012862
0.010822
0.003552
0.006097
0.005444
0.007449
0.002266
-0.000645
-0.008406
-0.000454
-0.004204
-0.004628
-0.011580
-0.009543
-0.010137
-0.014664
-0.014889
-0.019457
-0.019030
-0.023898
-0.021366
-0.021444
-0.026351
-0.026471
-0.032162
-0.030497
-0.027684
-0.035330
-0.033073
-0.038422
-0.036425
-0.041033
-0.043653
-0.042105
-0.045323
-0.044897
-0.045912
-0.046480
-0.053321
-0.048046
-0.054622
-0.052353
-0.062743
-0.056563
-0.063094
-0.059690
-0.062201
-0.057607
-0.059227
-0.067513
-0.069571
-0.074400
-0.074183
-0.072503
-0.070689
-0.074238
-0.079989
-0.076039
-0.077047
-0.080109
-0.082336
-0.089288
-0.086750
-0.083727
-0.086168
-0.088229
-0.092314
-0.101213
-0.090570
-0.087284
-0.094730
-0.094119
-0.102708
-0.098097
-0.094076
-0.097603
-0.104349
-0.102310
-0.105631
-0.108655
-0.111397
-0.111634
-0.114047
-0.109844
-0.112731
-0.114483
-0.109992
-0.121998
-0.115819
-0.115313
-0.125912
-0.123552
-0.121787
-0.121530
-0.123442
-0.125354
-0.126856
-0.124528
-0.128034
-0.127893
-0.130019
-0.133996
-0.134939
-0.133119
-0.134455
-0.132840
-0.138607
-0.137077
-0.139795
-0.142884
-0.145553
-0.143574
-0.142243
-0.150152
-0.141978
-0.143813
-0.145916
-0.148228
-0.151432
-0.146856
-0.148637
-0.154890
-0.151442
-0.153498
-0.163878
-0.158344
-0.154093
-0.152372
-0.158961
-0.160956
-0.157825
-0.161112
-0.162991
-0.162240
-0.164135
-0.165058
-0.159685
-0.167438
-0.171245
-0.170743
-0.163152
-0.173163
-0.169614
-0.173992
-0.173526
-0.170062
-0.172510
-0.170120
-0.172815
-0.178005
-0.170831
-0.177389
-0.175124
-0.177274
-0.180475
-0.179215
-0.180474
-0.185402
-0.182872
-0.186348
-0.182022
-0.181893
-0.185525
-0.186649
-0.181925
-0.177758
-0.187910
-0.187654
-0.190041
-0.184261
-0.186600
-0.196422
-0.186727
-0.190927
-0.193277
-0.192392
-0.190934
-0.190744
-0.195884
-0.189753
-0.196077
-0.192576
-0.194766
-0.195367
-0.198261
-0.196544
-0.198145
-0.195762
-0.200852
-0.199667
-0.195673
-0.199220
-0.199921
-0.202962
-0.196264
-0.201418
-0.200136
-0.199352
-0.202479
-0.205093
-0.201942
-0.203462
-0.205372
-0.208203
-0.208060
-0.207739
-0.206754
-0.207472
-0.204386
-0.204810
-0.208845
-0.204557
-0.205442
-0.209490
-0.205561
-0.204034
-0.207920
-0.207833
-0.210160
-0.209121
-0.209467
-0.207923
-0.209407
-0.209646
-0.206386
-0.214675
-0.210420
-0.214328
-0.209587
-0.209474
-0.210958
-0.213628
-0.210767
-0.214633
-0.210239
-0.215433
-0.214964
-0.209134
-0.212889
-0.213844
-0.212958
-0.208120
-0.214541
-0.214298
-0.209233
-0.210526
-0.211541
-0.215265
-0.212637
-0.213272
-0.215787
-0.215752
-0.214562
-0.217500
-0.211676
-0.207248
-0.210629
-0.216717
-0.220201
-0.214934
-0.213650
-0.212258
-0.215193
-0.211636
-0.212332
-0.217337
-0.216283
-0.214459
-0.211183
-0.213060
-0.212355
-0.216173
-0.213739
-0.210835
-0.212874
-0.212876
-0.216451
-0.213738
-0.209118
-0.212583
-0.214357
-0.213145
-0.212911
-0.206657
-0.211536
-0.216310
-0.209074
-0.210492
-0.212707
-0.214578
-0.211106
-0.210258
-0.210936
-0.209362
-0.212105
-0.213268
-0.212715
-0.207183
-0.211742
-0.211423
-0.213892
-0.210257
-0.209051
-0.207638
-0.209510
-0.200856
-0.207516
-0.208154
-0.211980
-0.207188
-0.208473
-0.207537
-0.206349
-0.203094
-0.209975
-0.206198
-0.201627
-0.205409
-0.206399
-0.205321
-0.205296
-0.209102
-0.200017
-0.203787
-0.200058
-0.200333
-0.204218
-0.202453
-0.205255
-0.205411
-0.203012
-0.202917
-0.200686
-0.202992
-0.200778
-0.197168
-0.198024
-0.196759
-0.196661
-0.197717
-0.195320
-0.201539
-0.194450
-0.198319
-0.200753
-0.196579
-0.196582
-0.197856
-0.194545
-0.193759
-0.192407
-0.189625
-0.192075
-0.195520
-0.190700
-0.194541
-0.190811
-0.189180
-0.191022
-0.190229
-0.192832
-0.185187
-0.191499
-0.188622
-0.190233
-0.187511
-0.187071
-0.185532
-0.185889
-0.188503
-0.187225
-0.185858
-0.183596
-0.183170
-0.186847
-0.182917
-0.181462
-0.179922
-0.181522
-0.178729
-0.181784
-0.175532
-0.180212
-0.177801
-0.177309
-0.177778
-0.181393
-0.174413
-0.175175
-0.177834
-0.178788
-0.173650
-0.172661
-0.174239
-0.171497
-0.176123
-0.169448
-0.168513
-0.171158
-0.174016
-0.170272
-0.171647
-0.166666
-0.167741
-0.167556
-0.167675
-0.165112
-0.163639
-0.164004
-0.165468
-0.164410
-0.162646
-0.159182
-0.163808
-0.162732
-0.162158
-0.161561
-0.158962
-0.157990
-0.160545
-0.160312
-0.157439
-0.157181
-0.155408
-0.153340
-0.154871
-0.155463
-0.155123
-0.153088
-0.154586
-0.148577
-0.150112
-0.151645
-0.147757
-0.150014
-0.145815
-0.146714
-0.149540
-0.143492
-0.147201
-0.143716
-0.144921
-0.148791
-0.145808
-0.143520
-0.142817
-0.139358
-0.144048
-0.140499
-0.141014
-0.138280
-0.135855
-0.136780
-0.138124
-0.135971
-0.136866
-0.134856
-0.134533
-0.136022
-0.133503
-0.136549
-0.130721
-0.129863
-0.129096
-0.130007
-0.128930
-0.131157
-0.127226
-0.127984
-0.126419
-0.126395
-0.124261
-0.122176
-0.122566
-0.124087
-0.122929
-0.122560
-0.122674
-0.122945
-0.120942
-0.117737
-0.118535
-0.119113
-0.117412
-0.116213
-0.116130
-0.118827
-0.116605
-0.113434
-0.109186
-0.112794
-0.111831
-0.110748
-0.115303
-0.110832
-0.106956
-0.108066
-0.108908
-0.107010
-0.106985
-0.106547
-0.106417
-0.104824
-0.104361
-0.106905
-0.103649
-0.102346
-0.098926
-0.102398
-0.100414
-0.102093
-0.097385
-0.100874
-0.097472
-0.095541
-0.093152
-0.094030
-0.092597
-0.095613
-0.095544
-0.092968
-0.093174
-0.090903
-0.087789
-0.091998
-0.093427
-0.091232
-0.088668
-0.087424
-0.083519
-0.088165
-0.085841
-0.083289
-0.086913
-0.084729
-0.083637
-0.083007
-0.083674
-0.079893
-0.082159
-0.079890
-0.076189
-0.078555
-0.078750
-0.074431
-0.078800
-0.074684
-0.073208
-0.073977
-0.075068
-0.071478
-0.072768
-0.074747
-0.072423
-0.069780
-0.071141
-0.067535
-0.069474
-0.064906
-0.070004
-0.069015
-0.068020
-0.066578
-0.067668
-0.066488
-0.063643
-0.060616
-0.060861
-0.060031
-0.059788
-0.059922
-0.057983
-0.058984
-0.057154
-0.057211
-0.056801
-0.057002
-0.057461
-0.056138
-0.053751
-0.052543
-0.050964
-0.054092
-0.053293
-0.054613
-0.056408
-0.052224
-0.045733
-0.047114
-0.050558
-0.049684
-0.049846
-0.046962
-0.048828
-0.045693
-0.043666
-0.042006
-0.043026
-0.042334
-0.043333
-0.041057
-0.043445
-0.039253
-0.039528
-0.039570
-0.039035
-0.038549
-0.039158
-0.039693
-0.035066
-0.037097
-0.040375
-0.034572
-0.034325
-0.032131
-0.030705
-0.033995
-0.033889
-0.033201
-0.033658
-0.030751
-0.031003
-0.029940
-0.027215
-0.028174
-0.027530
-0.029465
-0.025913
-0.027631
-0.024925
-0.021262
-0.023980
-0.024770
-0.023428
-0.024851
-0.022606
-0.023676
-0.026330
-0.021978
-0.021411
-0.022607
-0.019345
-0.019498
-0.020606
-0.018870
-0.020289
-0.012564
-0.016848
-0.016919
-0.016510
-0.016571
-0.014363
-0.014974
-0.014154
-0.012508
-0.010628
-0.012281
-0.012123
-0.013332
-0.011110
-0.012473
-0.005340
-0.011203
-0.011809
-0.009828
-0.010432
-0.010397
-0.005020
-0.006827
-0.007755
-0.006912
-0.007721
-0.007143
-0.004543
-0.005302
-0.006294
-0.005930
-0.004370
-0.000347
-0.003318
-0.001561
-0.001165
0.000902
-0.000591
-0.001113
0.003075
0.001822
0.002904
0.003343
0.002549
0.001249
0.002945
0.002691
0.002450
0.003352
0.006745
0.005049
0.004702
0.006266
0.005036
0.006377
0.005462
0.008374
0.007637
0.009392
0.010350
0.009271
0.009507
0.007587
0.011447
0.013081
0.012144
0.016319
0.012828
0.008232
0.012089
0.012753
0.013902
0.011975
0.014603
0.013358
0.014173
0.016542
0.014707
0.018465
0.014374
0.016309
0.015072
0.015018
0.013424
0.014267
0.012174
0.014713
0.017607
0.018580
0.018548
0.018284
0.018356
0.018321
0.021159
0.020076
0.019461
0.020452
0.021545
0.023002
0.021818
0.023611
0.024030
0.024136
0.023189
0.026285
0.024080
0.023179
0.023107
0.024129
0.024711
0.024322
0.024576
0.024791
0.025317
0.025327
0.024967
0.023033
0.025951
0.025893
0.025653
0.027897
0.027699
0.026685
0.027802
0.026025
0.029106
0.027412
0.029766
0.031550
0.030546
0.029114
0.029321
0.028146
0.030352
0.027948
0.031647
0.029728
0.030780
0.033308
0.033035
0.031640
0.031037
0.030258
0.033772
0.033759
0.032187
0.031577
0.034620
0.033247
0.032057
0.033217
0.030166
0.032422
0.031953
0.034685
0.034948
0.037899
0.033169
0.032702
0.033917
0.033588
0.035482
0.036244
0.033374
0.035861
0.035061
0.035456
0.037614
0.035369
0.037457
0.035837
0.037722
0.036961
0.038456
0.038382
0.036774
0.035418
0.036439
0.034521
0.036855
0.037909
0.037205
0.036871
0.039057
0.038271
0.036334
0.036821
0.036932
0.037582
0.039365
0.037671
0.037510
0.037802
0.038784
0.040307
0.040684
0.039436
0.038451
0.041085
0.038273
0.040712
0.039115
0.036811
0.037893
0.039543
0.037758
0.039372
0.041336
0.039264
0.038182
0.039714
0.040230
0.039165
0.040860
0.038503
0.041416
0.040740
0.040379
0.038168
0.039508
0.039895
0.040497
0.041489
0.042434
0.040913
0.041455
0.040224
0.039966
0.042197
0.041553
0.039291
0.039132
0.040022
0.039767
0.042313
0.038958
0.038830
0.039028
0.041140
0.040588
0.042194
0.040053
0.042773
0.041569
0.040106
0.039863
0.039331
0.040765
0.042094
0.043078
0.041819
0.038917
0.043545
0.042164
0.038291
0.040694
0.040649
0.039834
0.042047
0.039353
0.038974
0.039547
0.040901
0.040688
0.039769
0.040219
0.040258
0.042299
0.041430
0.041750
0.040230
0.038959
0.041180
0.041508
0.041756
0.041111
0.041444
0.039260
0.037390
0.040308
0.040159
0.039221
0.039829
0.039218
0.039463
0.039289
0.039726
0.041931
0.040026
0.039443
0.039295
0.040207
0.039551
0.039329
0.040402
0.038306
0.040972
0.040511
0.039254
0.038389
0.041048
0.039637
0.038988
0.036900
0.038381
0.037794
0.039943
0.039020
0.040772
0.037291
0.038138
0.037641
0.035897
0.038951
0.038369
0.038527
0.036798
0.038641
0.039046
0.036198
0.039313
0.037474
0.035273
0.038660
0.036147
0.037573
0.037178
0.036927
0.037059
0.036401
0.036654
0.037668
0.035798
0.038055
0.036983
0.036048
0.032708
0.033157
0.035771
0.035807
0.035387
0.036556
0.035518
0.034423
0.034366
0.035952
0.034312
0.033853
0.033157
0.032519
0.033776
0.034071
0.035591
0.033410
0.036425
0.034494
0.035479
0.033055
0.033707
0.033672
0.034934
0.031303
0.032176
0.030145
0.033853
0.032543
0.031745
0.031291
0.028797
0.031336
0.031870
0.031919
0.033526
0.031866
0.028729
0.033548
0.030673
0.031906
0.030031
0.030953
0.029805
0.030856
0.032311
0.029612
0.031562
0.030026
0.029105
0.029234
0.025930
0.027255
0.028722
0.028246
0.028151
0.028591
0.028265
0.027272
0.029654
0.026940
0.028965
0.030965
0.029596
0.027798
0.028376
0.027579
0.028414
0.028096
0.026830
0.026549
0.024253
0.026113
0.025229
0.027550
0.024419
0.023807
0.024491
0.025086
0.025634
0.023358
0.024096
0.025370
0.024065
0.027114
0.025419
0.025149
0.027203
0.024463
0.024790
0.026104
0.024924
0.023410
0.022069
0.021368
0.022567
0.023464
0.022209
0.021868
0.021896
0.022562
0.025009
0.022508
0.021712
0.019741
0.021983
0.024062
0.022566
0.021985
0.022297
0.021130
0.022860
0.020294
0.021001
0.021837
0.020473
0.022989
0.019839
0.020812
0.018784
0.018760
0.018725
0.018007
0.018247
0.020702
0.018902
0.018868
0.019111
0.020807
0.019462
0.020446
0.019617
0.017685
0.017473
0.018526
0.017631
0.017849
0.015466
0.016799
0.017303
0.018113
0.017717
0.017350
0.017993
0.016291
0.016666
0.017085
0.015285
0.016835
0.016709
0.017393
0.014454
0.017170
0.016352
0.014950
0.016051
0.014995
0.014738
0.015971
0.012665
0.015473
0.012450
0.012802
0.014541
0.013032
0.015333
0.014371
0.015071
0.013116
0.014769
0.013713
0.012729
0.012076
0.015321
0.015874
0.013484
0.013010
0.011893
0.012048
0.012586
0.014287
0.012194
0.014038
0.011648
0.010874
0.010169
0.010580
0.009875
0.011189
0.010820
0.010728
0.011713
0.012782
0.010742
0.011470
0.010485
0.010772
0.010346
0.010994
0.010496
0.007602
0.007309
0.009555
0.007658
0.009868
0.007704
0.009726
0.012910
0.010899
0.011486
0.012296
0.011918
0.011478
0.013746
0.015069
0.013661
0.013392
0.015777
0.013119
0.015734
0.013019
0.013295
0.012431
0.012988
0.013797
0.019962


