M_loss: 20, M_sym: 4300.0, M_power: 9000, M_bandwidth: 22.3872113856834
-0.042310
-0.045926
-0.047232
-0.043047
-0.036062
-0.031529
-0.026765
-0.026146
-0.025877
-0.028900
-0.028186
-0.028674
-0.032368
-0.030169
-0.029803
-0.029497
-0.029590
-0.029654
-0.033391
-0.032493
-0.033527
-0.033414
-0.034236
-0.033230
-0.034763
-0.035069
-0.035868
-0.037592
-0.035542
-0.035258
-0.036868
-0.038109
-0.039795
-0.039534
-0.039180
-0.039996
-0.040756
-0.042216
-0.042582
-0.042547
-0.042939
-0.042746
-0.042292
-0.042906
-0.044161
-0.044710
-0.045549
-0.046523
-0.048335
-0.051331
-0.048602
-0.047323
-0.046981
-0.050425
-0.050900
-0.052965
-0.052757
-0.051232
-0.052621
-0.052114
-0.051965
-0.055285
-0.055285
-0.058780
-0.058279
-0.059988
-0.057256
-0.058866
-0.057420
-0.057941
-0.060836
-0.059796
-0.061990
-0.064792
-0.061700
-0.063763
-0.064652
-0.065958
-0.068417
-0.067845
-0.067704
-0.067310
-0.064794
-0.069100
-0.068763
-0.073594
-0.071956
-0.072098
-0.075327
-0.071916
-0.072920
-0.075604
-0.074864
-0.076958
-0.078041
-0.078771
-0.076797
-0.079298
-0.082341
-0.082513
-0.080834
-0.081395
-0.083713
-0.084232
-0.084176
-0.084982
-0.086740
-0.086574
-0.086541
-0.089485
-0.090387
-0.089659
-0.090797
-0.092391
-0.089985
-0.095041
-0.095810
-0.093732
-0.095261
-0.094516
-0.096746
-0.098681
-0.098554
-0.100581
-0.101448
-0.100084
-0.101711
-0.101360
-0.103420
-0.105374
-0.106316
-0.108745
-0.105896
-0.108336
-0.107753
-0.111717
-0.113749
-0.111040
-0.111325
-0.112485
-0.113989
-0.114347
-0.116676
-0.117476
-0.118090
-0.119411
-0.120235
-0.120042
-0.122222
-0.120549
-0.122355
-0.124423
-0.126109
-0.127482
-0.126726
-0.127156
-0.128394
-0.128791
-0.131606
-0.130197
-0.131291
-0.133946
-0.133365
-0.137311
-0.136761
-0.136516
-0.139439
-0.137734
-0.140171
-0.139870
-0.142975
-0.144252
-0.142109
-0.144817
-0.144519
-0.146575
-0.150527
-0.149091
-0.151293
-0.153406
-0.150877
-0.153024
-0.152587
-0.153444
-0.155385
-0.158947
-0.159442
-0.159447
-0.161186
-0.160620
-0.162448
-0.163678
-0.164543
-0.166604
-0.166195
-0.164667
-0.169936
-0.169618
-0.169303
-0.170172
-0.171695
-0.175338
-0.173248
-0.179861
-0.176689
-0.178952
-0.179362
-0.179727
-0.180612
-0.179714
-0.182749
-0.186915
-0.186243
-0.185999
-0.186227
-0.187336
-0.189812
-0.191638
-0.195120
-0.192679
-0.194291
-0.195088
-0.196131
-0.198122
-0.199276
-0.199908
-0.198369
-0.198566
-0.203877
-0.204457
-0.205281
-0.206551
-0.207881
-0.208982
-0.208992
-0.209215
-0.211346
-0.211712
-0.212976
-0.213547
-0.215404
-0.217657
-0.219040
-0.219291
-0.221219
-0.221092
-0.223669
-0.223116
-0.223860
-0.226272
-0.226538
-0.226637
-0.230363
-0.228805
-0.231982
-0.232283
-0.235697
-0.234487
-0.234667
-0.239405
-0.238744
-0.242033
-0.238921
-0.241434
-0.242371
-0.243026
-0.243967
-0.245705
-0.248813
-0.248698
-0.253435
-0.253226
-0.253350
-0.252594
-0.254915
-0.254437
-0.258269
-0.258544
-0.260084
-0.259664
-0.260480
-0.264018
-0.263389
-0.267030
-0.265163
-0.264774
-0.270279
-0.270598
-0.271306
-0.272020
-0.273105
-0.274735
-0.273112
-0.275212
-0.278307
-0.278020
-0.279790
-0.281865
-0.281759
-0.284898
-0.286083
-0.287004
-0.286045
-0.286474
-0.289743
-0.288565
-0.290339
-0.289766
-0.295339
-0.296713
-0.294089
-0.295916
-0.299204
-0.299980
-0.301766
-0.302911
-0.303518
-0.301611
-0.303203
-0.305279
-0.307161
-0.308767
-0.309515
-0.310538
-0.310558
-0.314064
-0.313419
-0.314095
-0.315893
-0.316708
-0.317974
-0.319634
-0.319546
-0.321656
-0.321229
-0.323014
-0.323919
-0.325911
-0.328630
-0.329690
-0.329704
-0.330602
-0.329755
-0.330351
-0.333995
-0.334062
-0.336025
-0.336269
-0.338348
-0.340249
-0.339941
-0.342544
-0.341050
-0.343111
-0.342250
-0.346926
-0.345953
-0.347452
-0.351052
-0.349555
-0.350787
-0.352772
-0.353771
-0.351249
-0.354112
-0.356018
-0.356454
-0.359175
-0.360808
-0.361836
-0.361420
-0.361772
-0.362835
-0.365210
-0.366236
-0.364445
-0.368163
-0.370121
-0.368853
-0.370190
-0.372376
-0.373168
-0.375198
-0.374019
-0.376305
-0.375261
-0.377415
-0.379124
-0.377853
-0.383118
-0.383554
-0.384384
-0.384831
-0.382506
-0.386629
-0.385844
-0.387826
-0.390271
-0.391260
-0.389781
-0.388338
-0.391623
-0.393762
-0.397834
-0.397620
-0.392992
-0.396970
-0.397967
-0.397542
-0.398893
-0.400059
-0.401439
-0.402213
-0.406075
-0.404639
-0.407629
-0.405835
-0.406060
-0.407538
-0.410534
-0.410516
-0.410991
-0.409423
-0.412635
-0.414454
-0.411889
-0.417588
-0.418258
-0.415624
-0.418204
-0.417410
-0.420282
-0.417871
-0.419595
-0.420890
-0.423096
-0.420887
-0.425764
-0.427945
-0.429785
-0.426481
-0.426616
-0.426298
-0.430928
-0.429563
-0.432041
-0.431188
-0.429513
-0.431708
-0.432850
-0.434607
-0.436088
-0.435309
-0.438036
-0.436290
-0.437794
-0.440598
-0.441573
-0.437101
-0.440485
-0.440752
-0.441262
-0.442450
-0.442739
-0.444682
-0.444766
-0.444642
-0.447675
-0.446293
-0.446765
-0.448178
-0.450580
-0.448833
-0.447525
-0.450375
-0.450445
-0.451260
-0.451851
-0.451858
-0.454661
-0.454670
-0.456074
-0.457157
-0.454239
-0.455221
-0.453678
-0.456604
-0.457482
-0.459625
-0.458366
-0.460123
-0.458681
-0.458566
-0.459157
-0.460092
-0.459139
-0.461188
-0.461509
-0.465115
-0.466311
-0.465946
-0.466279
-0.467930
-0.464402
-0.467588
-0.465416
-0.471546
-0.466331
-0.467612
-0.466294
-0.465283
-0.468172
-0.467067
-0.467960
-0.468372
-0.468729
-0.466189
-0.471060
-0.472078
-0.468827
-0.470636
-0.469103
-0.471730
-0.469087
-0.474344
-0.473616
-0.470985
-0.469245
-0.472119
-0.473624
-0.475313
-0.474691
-0.474451
-0.474091
-0.472210
-0.475009
-0.475435
-0.475790
-0.476839
-0.476086
-0.475430
-0.477885
-0.476767
-0.474333
-0.475691
-0.474235
-0.480152
-0.477889
-0.479451
-0.476526
-0.477717
-0.475455
-0.475608
-0.477986
-0.477209
-0.478723
-0.476522
-0.476902
-0.478819
-0.478284
-0.476554
-0.475715
-0.479598
-0.479237
-0.476997
-0.476985
-0.475103
-0.476755
-0.475328
-0.480861
-0.477498
-0.478163
-0.475429
-0.477666
-0.477604
-0.474688
-0.475325
-0.477487
-0.476577
-0.475298
-0.475309
-0.473621
-0.476255
-0.477724
-0.472114
-0.475008
-0.474262
-0.475459
-0.472805
-0.474239
-0.474625
-0.472614
-0.472530
-0.472224
-0.472493
-0.471009
-0.472651
-0.472999
-0.470466
-0.470157
-0.470301
-0.467460
-0.470370
-0.472184
-0.470409
-0.470790
-0.465969
-0.466553
-0.468388
-0.467030
-0.465506
-0.468535
-0.465757
-0.464324
-0.463856
-0.464173
-0.464394
-0.462598
-0.461257
-0.464511
-0.462616
-0.461181
-0.460947
-0.459900
-0.458903
-0.458438
-0.461329
-0.456527
-0.457708
-0.457770
-0.455032
-0.453872
-0.455448
-0.453692
-0.454638
-0.455977
-0.450601
-0.449378
-0.452138
-0.450632
-0.450535
-0.449254
-0.447868
-0.446280
-0.446326
-0.444134
-0.447526
-0.446448
-0.443362
-0.442864
-0.441119
-0.441699
-0.443061
-0.441682
-0.437864
-0.435557
-0.438011
-0.438188
-0.435208
-0.436225
-0.434643
-0.435247
-0.429949
-0.432361
-0.431516
-0.430878
-0.429815
-0.428620
-0.428376
-0.422067
-0.424319
-0.426022
-0.424677
-0.423447
-0.420987
-0.420896
-0.421164
-0.418450
-0.417299
-0.415221
-0.416474
-0.416170
-0.411767
-0.413921
-0.411410
-0.411110
-0.407555
-0.408237
-0.409699
-0.406592
-0.404874
-0.401299
-0.401409
-0.404088
-0.401900
-0.397786
-0.398010
-0.397374
-0.398019
-0.392712
-0.393049
-0.392620
-0.393502
-0.388830
-0.387081
-0.389283
-0.385164
-0.387722
-0.382842
-0.385014
-0.380436
-0.377256
-0.378363
-0.378735
-0.377961
-0.376107
-0.375438
-0.369393
-0.370543
-0.371114
-0.368872
-0.367389
-0.363483
-0.364993
-0.362391
-0.360771
-0.361370
-0.357722
-0.356523
-0.355039
-0.353599
-0.353286
-0.351199
-0.347957
-0.348825
-0.346590
-0.342790
-0.345387
-0.342263
-0.343018
-0.337174
-0.338490
-0.338656
-0.334171
-0.334097
-0.331663
-0.329961
-0.328608
-0.327819
-0.324136
-0.324402
-0.320039
-0.319657
-0.319547
-0.320253
-0.317429
-0.313667
-0.308686
-0.311204
-0.311241
-0.305983
-0.304967
-0.304689
-0.302423
-0.302573
-0.297809
-0.295113
-0.296754
-0.292672
-0.293825
-0.292240
-0.288686
-0.287858
-0.286556
-0.285042
-0.279693
-0.279763
-0.276563
-0.277861
-0.277279
-0.271546
-0.270165
-0.269459
-0.266374
-0.267345
-0.265484
-0.261913
-0.260707
-0.258136
-0.254742
-0.256469
-0.252063
-0.252834
-0.250230
-0.249571
-0.239787
-0.244898
-0.241917
-0.240332
-0.239665
-0.234872
-0.232911
-0.232381
-0.228653
-0.227088
-0.227886
-0.226671
-0.221208
-0.215429
-0.219097
-0.216722
-0.218798
-0.210699
-0.208350
-0.211340
-0.200491
-0.205079
-0.201230
-0.200933
-0.197987
-0.197203
-0.192655
-0.192445
-0.193525
-0.184476
-0.187671
-0.180453
-0.180019
-0.181420
-0.176621
-0.172225
-0.174772
-0.174804
-0.167646
-0.164056
-0.161913
-0.164045
-0.161817
-0.157704
-0.154515
-0.150921
-0.152800
-0.149908
-0.149866
-0.144973
-0.142507
-0.140880
-0.136087
-0.132823
-0.134258
-0.136472
-0.127314
-0.129844
-0.124968
-0.124464
-0.119231
-0.116435
-0.119436
-0.112788
-0.110278
-0.112671
-0.104992
-0.109753
-0.106990
-0.099201
-0.096017
-0.096958
-0.091794
-0.095678
-0.090254
-0.086486
-0.088863
-0.083405
-0.077215
-0.080751
-0.073935
-0.075396
-0.074982
-0.071519
-0.067120
-0.062538
-0.064376
-0.059204
-0.059013
-0.057766
-0.054300
-0.051552
-0.050789
-0.046250
-0.045584
-0.042934
-0.040608
-0.035278
-0.037114
-0.034570
-0.029573
-0.030059
-0.027031
-0.023924
-0.022381
-0.020656
-0.016599
-0.017367
-0.010421
-0.009980
-0.011547
-0.002261
0.000910
-0.007575
0.003263
0.004633
0.003256
0.004771
0.007940
0.016619
0.014613
0.019811
0.021008
0.023551
0.024386
0.022181
0.024989
0.035053
0.033050
0.039514
0.037622
0.041610
0.042780
0.045797
0.045429
0.049021
0.054571
0.053675
0.056491
0.061427
0.058707
0.066287
0.065756
0.067022
0.073610
0.071498
0.076510
0.078918
0.079566
0.079894
0.086185
0.088971
0.088753
0.091910
0.092706
0.099493
0.095688
0.104694
0.102912
0.105250
0.108542
0.108659
0.114095
0.118638
0.116831
0.116870
0.120276
0.127718
0.124689
0.128837
0.130206
0.134518
0.135428
0.141022
0.138968
0.144303
0.150259
0.142360
0.149130
0.152683
0.155267
0.161640
0.154810
0.161296
0.162005
0.166066
0.167094
0.173016
0.175144
0.174913
0.179000
0.178261
0.181968
0.183532
0.183396
0.187522
0.193532
0.193281
0.193961
0.197015
0.200556
0.202108
0.209545
0.206354
0.209257
0.209084
0.211273
0.217093
0.219722
0.220217
0.222554
0.223118
0.227915
0.228550
0.231592
0.233649
0.234909
0.234720
0.234824
0.241496
0.247849
0.244212
0.247954
0.251831
0.249857
0.255067
0.254475
0.257462
0.267268
0.263843
0.263110
0.263448
0.273803
0.268395
0.276848
0.277845
0.275597
0.279605
0.280037
0.284520
0.289416
0.290410
0.291260
0.293368
0.293738
0.299830
0.294781
0.301146
0.301966
0.308948
0.305395
0.309255
0.312077
0.308778
0.315205
0.315729
0.323173
0.321337
0.322265
0.322088
0.328578
0.329201
0.327089
0.334456
0.334289
0.336650
0.338503
0.340505
0.342276
0.343896
0.346018
0.348668
0.350931
0.349073
0.352149
0.356530
0.357835
0.359106
0.361677
0.363068
0.363742
0.366857
0.368467
0.374423
0.370400
0.372719
0.377988
0.377558
0.375791
0.380806
0.389246
0.383678
0.385270
0.389174
0.389006
0.394943
0.394235
0.395253
0.399174
0.396516
0.400996
0.401608
0.404053
0.406928
0.409571
0.410370
0.411257
0.409050
0.414391
0.416514
0.419366
0.420491
0.422007
0.419686
0.422502
0.427781
0.429039
0.430199
0.429181
0.431176
0.430984
0.438628
0.437880
0.437466
0.441675
0.440524
0.445632
0.444366
0.442885
0.448348
0.449323
0.450912
0.449606
0.454993
0.456249
0.455461
0.459817
0.458893
0.461507
0.462547
0.462711
0.461995
0.467433
0.467824
0.471099
0.471176
0.471064
0.473951
0.471232
0.476778
0.473615
0.478792
0.480635
0.480674
0.481831
0.483758
0.488287
0.482282
0.488589
0.488736
0.488700
0.491100
0.492597
0.497711
0.495148
0.496743
0.487002
0.500008
0.507780
0.498560
0.501630
0.500201
0.498892
0.510017
0.508258
0.504635
0.506658
0.510145
0.512779
0.504850
0.521457
0.511603
0.513677
0.513588
0.516899
0.517503
0.523220
0.516915
0.522610
0.522639
0.514964
0.522320
0.525426
0.526340
0.530151
0.529041
0.523854
0.526620
0.531350
0.531371
0.529319
0.531765
0.535690
0.538158
0.533731
0.535273
0.530801
0.539906
0.539959
0.541566
0.535275
0.543986
0.545524
0.536896
0.539783
0.545309
0.546103
0.546581
0.543316
0.548217
0.545680
0.547932
0.548022
0.551134
0.550849
0.546706
0.551438
0.552243
0.555343
0.552319
0.549656
0.554763
0.557584
0.555517
0.550021
0.562174
0.552259
0.560985
0.559213
0.560001
0.559533
0.555861
0.560664
0.559798
0.560736
0.559965
0.565009
0.563642
0.560503
0.561545
0.564825
0.563693
0.569326
0.564251
0.561247
0.563637
0.568724
0.568718
0.562200
0.567245
0.568139
0.572395
0.567605
0.568042
0.567211
0.571131
0.570688
0.569112
0.568907
0.572571
0.565255
0.572657
0.570472
0.569241
0.572642
0.574921
0.568668
0.572311
0.571138
0.570064
0.577672
0.568703
0.572794
0.574172
0.577533
0.570189
0.568154
0.574231
0.568969
0.577769
0.574953
0.574409
0.572860
0.572592
0.571455
0.574773
0.574310
0.572857
0.574557
0.573313
0.573344
0.568477
0.573570
0.575489
0.578147
0.569052
0.574876
0.575066
0.572587
0.569570
0.570776
0.572821
0.573742
0.569539
0.576659
0.572477
0.568949
0.571080
0.570637
0.574840
0.571582
0.571118
0.564393
0.570941
0.570712
0.571970
0.571313
0.567678
0.572277
0.565537
0.569184
0.568499
0.567651
0.567282
0.571849
0.562753
0.564032
0.571606
0.567273
0.562988
0.562623
0.567256
0.566214
0.563339
0.565663
0.561261
0.566317
0.562137
0.559899
0.558119
0.564548
0.566416
0.559798
0.560711
0.559403
0.556640
0.557077
0.559191
0.560168
0.557006
0.556993
0.555150
0.555446
0.555099
0.555828
0.550946
0.554812
0.557218
0.548717
0.552575
0.551704
0.547309
0.558296
0.549053
0.547125
0.548288
0.548291
0.550364
0.545186
0.544469
0.542812
0.548897
0.544931
0.543103
0.542713
0.541018
0.542942
0.538287
0.543242
0.536332
0.540600
0.535004
0.538383
0.544372
0.532606
0.534272
0.536027
0.531921
0.537104
0.526148
0.533396
0.533165
0.527897
0.531403
0.531219
0.528941
0.524627
0.521965
0.530365
0.530594
0.519576
0.518092
0.525515
0.523519
0.518645
0.524314
0.517165
0.515587
0.519648
0.519386
0.516944
0.512575
0.510833
0.516774
0.516018
0.508788
0.510627
0.509818
0.506085
0.512729
0.502541
0.509581
0.507381
0.508313
0.497489
0.504059
0.501396
0.502258
0.505417
0.497516
0.494636
0.495342
0.495845
0.499354
0.496177
0.492848
0.493607
0.492043
0.489967
0.488647
0.488645
0.486894
0.490471
0.482416
0.488380
0.482557
0.478796
0.486921
0.476223
0.481253
0.481805
0.477128
0.474542
0.476314
0.479319
0.476256
0.466108
0.473947
0.466569
0.473991
0.475855
0.466031
0.461201
0.468126
0.466208
0.465168
0.465947
0.460461
0.456790
0.460580
0.457671
0.461475
0.460112
0.453223
0.454605
0.451440
0.455695
0.449690
0.456498
0.444583
0.450324
0.447060
0.447756
0.444460
0.441153
0.440700
0.444952
0.445992
0.445359
0.427801
0.440157
0.436782
0.440508
0.436500
0.432144
0.431633
0.430174
0.427674
0.433194
0.432957
0.424698
0.420714
0.423346
0.435341
0.423353
0.421082
0.417301
0.424603
0.416565
0.420068
0.413945
0.417510
0.413115
0.417430
0.409261
0.414790
0.409705
0.411701
0.404106
0.408948
0.407163
0.402320
0.409635
0.401479
0.398732
0.402338
0.395444
0.401678
0.398164
0.404691
0.386074
0.397149
0.398087
0.391062
0.391791
0.384661
0.389844
0.392035
0.386871
0.383448
0.391111
0.378451
0.383812
0.385583
0.381727
0.381113
0.380637
0.379606
0.374865
0.373082
0.376175
0.365547
0.382979
0.377669
0.367541
0.366952
0.367637
0.367374
0.370229
0.368986
0.360638
0.366940
0.366175
0.362193
0.351722
0.361745
0.360254
0.367458
0.347826
0.356595
0.353766
0.360266
0.357714
0.344069
0.355084
0.344769
0.355617
0.346999
0.351187
0.343863
0.344648
0.341484
0.350463
0.339041
0.344703
0.337175
0.342977
0.339997
0.338347
0.339732
0.336301
0.334799
0.333155
0.331233
0.336823
0.332183
0.327579
0.328936
0.337017
0.332548
0.326041
0.316597
0.328998
0.333157
0.319417
0.328306
0.319883
0.318544
0.326716
0.317662
0.314887
0.326170
0.316936
0.316063
0.318312
0.308642
0.322477
0.308261
0.316524
0.315434
0.306238
0.311015
0.313039
0.302561
0.314742
0.309622
0.298356
0.314964
0.305265
0.303877
0.298651
0.306782
0.299722
0.304905
0.298286
0.303112
0.299031
0.300765
0.293679
0.298059
0.295629
0.307968
0.290175
0.288802
0.294001
0.297259
0.294003
0.294047
0.290240
0.287955
0.288735
0.288746
0.290402
0.285907
0.286633
0.289045
0.287902
0.279108
0.296054
0.283296
0.282901
0.285555
0.278469
0.280915
0.283248
0.280508
0.282470
0.278143
0.286888
0.276923
0.273545
0.279342
0.285661
0.266030
0.279081
0.279340
0.274681
0.270704
0.278448
0.280957
0.264956
0.271835
0.269077
0.267010
0.285590
0.269871
0.278193
0.268240
0.258939
0.269783
0.281960
0.263283
0.264057
0.273507
0.271650
0.264183
0.253582
0.280114
0.263547
0.265973
0.269969
0.267484
0.262874
0.254257
0.275764
0.259327
0.260509
0.264949
0.269208
0.262726
0.258534
0.259494
0.266429
0.260358
0.271629
0.257904
0.257672
0.263634
0.256942
0.265081
0.257020
0.260139
0.262601
0.253171
0.258784
0.268516
0.267274
0.254493
0.257547
0.257756
0.260039
0.252811
0.267026
0.252498
0.256389
0.265248
0.265890
0.244079
0.267443
0.248248
0.260803
0.267320
0.261309
0.253530
0.255510
0.262529
0.255510
0.253530
0.261309
0.267320
0.260803
0.248248
0.267443
0.244079
0.265890
0.265248
0.256389
0.252498
0.267026
0.252811
0.260039
0.257756
0.257547
0.254493
0.267274
0.268516
0.258784
0.253171
0.262601
0.260139
0.257020
0.265081
0.256942
0.263634
0.257672
0.257904
0.271629
0.260358
0.266429
0.259494
0.258534
0.262726
0.269208
0.264949
0.260509
0.259327
0.275764
0.254257
0.262874
0.267484
0.269969
0.265973
0.263547
0.280114
0.253582
0.264183
0.271650
0.273507
0.264057
0.263283
0.281960
0.269783
0.258939
0.268240
0.278193
0.269871
0.285590
0.267010
0.269077
0.271835
0.264956
0.280957
0.278448
0.270704
0.274681
0.279340
0.279081
0.266030
0.285661
0.279342
0.273545
0.276923
0.286888
0.278143
0.282470
0.280508
0.283248
0.280915
0.278469
0.285555
0.282901
0.283296
0.296054
0.279108
0.287902
0.289045
0.286633
0.285907
0.290402
0.288746
0.288735
0.287955
0.290240
0.294047
0.294003
0.297259
0.294001
0.288802
0.290175
0.307968
0.295629
0.298059
0.293679
0.300765
0.299031
0.303112
0.298286
0.304905
0.299722
0.306782
0.298651
0.303877
0.305265
0.314964
0.298356
0.309622
0.314742
0.302561
0.313039
0.311015
0.306238
0.315434
0.316524
0.308261
0.322477
0.308642
0.318312
0.316063
0.316936
0.326170
0.314887
0.317662
0.326716
0.318544
0.319883
0.328306
0.319417
0.333157
0.328998
0.316597
0.326041
0.332548
0.337017
0.328936
0.327579
0.332183
0.336823
0.331233
0.333155
0.334799
0.336301
0.339732
0.338347
0.339997
0.342977
0.337175
0.344703
0.339041
0.350463
0.341484
0.344648
0.343863
0.351187
0.346999
0.355617
0.344769
0.355084
0.344069
0.357714
0.360266
0.353766
0.356595
0.347826
0.367458
0.360254
0.361745
0.351722
0.362193
0.366175
0.366940
0.360638
0.368986
0.370229
0.367374
0.367637
0.366952
0.367541
0.377669
0.382979
0.365547
0.376175
0.373082
0.374865
0.379606
0.380637
0.381113
0.381727
0.385583
0.383812
0.378451
0.391111
0.383448
0.386871
0.392035
0.389844
0.384661
0.391791
0.391062
0.398087
0.397149
0.386074
0.404691
0.398164
0.401678
0.395444
0.402338
0.398732
0.401479
0.409635
0.402320
0.407163
0.408948
0.404106
0.411701
0.409705
0.414790
0.409261
0.417430
0.413115
0.417510
0.413945
0.420068
0.416565
0.424603
0.417301
0.421082
0.423353
0.435341
0.423346
0.420714
0.424698
0.432957
0.433194
0.427674
0.430174
0.431633
0.432144
0.436500
0.440508
0.436782
0.440157
0.427801
0.445359
0.445992
0.444952
0.440700
0.441153
0.444460
0.447756
0.447060
0.450324
0.444583
0.456498
0.449690
0.455695
0.451440
0.454605
0.453223
0.460112
0.461475
0.457671
0.460580
0.456790
0.460461
0.465947
0.465168
0.466208
0.468126
0.461201
0.466031
0.475855
0.473991
0.466569
0.473947
0.466108
0.476256
0.479319
0.476314
0.474542
0.477128
0.481805
0.481253
0.476223
0.486921
0.478796
0.482557
0.488380
0.482416
0.490471
0.486894
0.488645
0.488647
0.489967
0.492043
0.493607
0.492848
0.496177
0.499354
0.495845
0.495342
0.494636
0.497516
0.505417
0.502258
0.501396
0.504059
0.497489
0.508313
0.507381
0.509581
0.502541
0.512729
0.506085
0.509818
0.510627
0.508788
0.516018
0.516774
0.510833
0.512575
0.516944
0.519386
0.519648
0.515587
0.517165
0.524314
0.518645
0.523519
0.525515
0.518092
0.519576
0.530594
0.530365
0.521965
0.524627
0.528941
0.531219
0.531403
0.527897
0.533165
0.533396
0.526148
0.537104
0.531921
0.536027
0.534272
0.532606
0.544372
0.538383
0.535004
0.540600
0.536332
0.543242
0.538287
0.542942
0.541018
0.542713
0.543103
0.544931
0.548897
0.542812
0.544469
0.545186
0.550364
0.548291
0.548288
0.547125
0.549053
0.558296
0.547309
0.551704
0.552575
0.548717
0.557218
0.554812
0.550946
0.555828
0.555099
0.555446
0.555150
0.556993
0.557006
0.560168
0.559191
0.557077
0.556640
0.559403
0.560711
0.559798
0.566416
0.564548
0.558119
0.559899
0.562137
0.566317
0.561261
0.565663
0.563339
0.566214
0.567256
0.562623
0.562988
0.567273
0.571606
0.564032
0.562753
0.571849
0.567282
0.567651
0.568499
0.569184
0.565537
0.572277
0.567678
0.571313
0.571970
0.570712
0.570941
0.564393
0.571118
0.571582
0.574840
0.570637
0.571080
0.568949
0.572477
0.576659
0.569539
0.573742
0.572821
0.570776
0.569570
0.572587
0.575066
0.574876
0.569052
0.578147
0.575489
0.573570
0.568477
0.573344
0.573313
0.574557
0.572857
0.574310
0.574773
0.571455
0.572592
0.572860
0.574409
0.574953
0.577769
0.568969
0.574231
0.568154
0.570189
0.577533
0.574172
0.572794
0.568703
0.577672
0.570064
0.571138
0.572311
0.568668
0.574921
0.572642
0.569241
0.570472
0.572657
0.565255
0.572571
0.568907
0.569112
0.570688
0.571131
0.567211
0.568042
0.567605
0.572395
0.568139
0.567245
0.562200
0.568718
0.568724
0.563637
0.561247
0.564251
0.569326
0.563693
0.564825
0.561545
0.560503
0.563642
0.565009
0.559965
0.560736
0.559798
0.560664
0.555861
0.559533
0.560001
0.559213
0.560985
0.552259
0.562174
0.550021
0.555517
0.557584
0.554763
0.549656
0.552319
0.555343
0.552243
0.551438
0.546706
0.550849
0.551134
0.548022
0.547932
0.545680
0.548217
0.543316
0.546581
0.546103
0.545309
0.539783
0.536896
0.545524
0.543986
0.535275
0.541566
0.539959
0.539906
0.530801
0.535273
0.533731
0.538158
0.535690
0.531765
0.529319
0.531371
0.531350
0.526620
0.523854
0.529041
0.530151
0.526340
0.525426
0.522320
0.514964
0.522639
0.522610
0.516915
0.523220
0.517503
0.516899
0.513588
0.513677
0.511603
0.521457
0.504850
0.512779
0.510145
0.506658
0.504635
0.508258
0.510017
0.498892
0.500201
0.501630
0.498560
0.507780
0.500008
0.487002
0.496743
0.495148
0.497711
0.492597
0.491100
0.488700
0.488736
0.488589
0.482282
0.488287
0.483758
0.481831
0.480674
0.480635
0.478792
0.473615
0.476778
0.471232
0.473951
0.471064
0.471176
0.471099
0.467824
0.467433
0.461995
0.462711
0.462547
0.461507
0.458893
0.459817
0.455461
0.456249
0.454993
0.449606
0.450912
0.449323
0.448348
0.442885
0.444366
0.445632
0.440524
0.441675
0.437466
0.437880
0.438628
0.430984
0.431176
0.429181
0.430199
0.429039
0.427781
0.422502
0.419686
0.422007
0.420491
0.419366
0.416514
0.414391
0.409050
0.411257
0.410370
0.409571
0.406928
0.404053
0.401608
0.400996
0.396516
0.399174
0.395253
0.394235
0.394943
0.389006
0.389174
0.385270
0.383678
0.389246
0.380806
0.375791
0.377558
0.377988
0.372719
0.370400
0.374423
0.368467
0.366857
0.363742
0.363068
0.361677
0.359106
0.357835
0.356530
0.352149
0.349073
0.350931
0.348668
0.346018
0.343896
0.342276
0.340505
0.338503
0.336650
0.334289
0.334456
0.327089
0.329201
0.328578
0.322088
0.322265
0.321337
0.323173
0.315729
0.315205
0.308778
0.312077
0.309255
0.305395
0.308948
0.301966
0.301146
0.294781
0.299830
0.293738
0.293368
0.291260
0.290410
0.289416
0.284520
0.280037
0.279605
0.275597
0.277845
0.276848
0.268395
0.273803
0.263448
0.263110
0.263843
0.267268
0.257462
0.254475
0.255067
0.249857
0.251831
0.247954
0.244212
0.247849
0.241496
0.234824
0.234720
0.234909
0.233649
0.231592
0.228550
0.227915
0.223118
0.222554
0.220217
0.219722
0.217093
0.211273
0.209084
0.209257
0.206354
0.209545
0.202108
0.200556
0.197015
0.193961
0.193281
0.193532
0.187522
0.183396
0.183532
0.181968
0.178261
0.179000
0.174913
0.175144
0.173016
0.167094
0.166066
0.162005
0.161296
0.154810
0.161640
0.155267
0.152683
0.149130
0.142360
0.150259
0.144303
0.138968
0.141022
0.135428
0.134518
0.130206
0.128837
0.124689
0.127718
0.120276
0.116870
0.116831
0.118638
0.114095
0.108659
0.108542
0.105250
0.102912
0.104694
0.095688
0.099493
0.092706
0.091910
0.088753
0.088971
0.086185
0.079894
0.079566
0.078918
0.076510
0.071498
0.073610
0.067022
0.065756
0.066287
0.058707
0.061427
0.056491
0.053675
0.054571
0.049021
0.045429
0.045797
0.042780
0.041610
0.037622
0.039514
0.033050
0.035053
0.024989
0.022181
0.024386
0.023551
0.021008
0.019811
0.014613
0.016619
0.007940
0.004771
0.003256
0.004633
0.003263
-0.007575
0.000910
-0.002261
-0.011547
-0.009980
-0.010421
-0.017367
-0.016599
-0.020656
-0.022381
-0.023924
-0.027031
-0.030059
-0.029573
-0.034570
-0.037114
-0.035278
-0.040608
-0.042934
-0.045584
-0.046250
-0.050789
-0.051552
-0.054300
-0.057766
-0.059013
-0.059204
-0.064376
-0.062538
-0.067120
-0.071519
-0.074982
-0.075396
-0.073935
-0.080751
-0.077215
-0.083405
-0.088863
-0.086486
-0.090254
-0.095678
-0.091794
-0.096958
-0.096017
-0.099201
-0.106990
-0.109753
-0.104992
-0.112671
-0.110278
-0.112788
-0.119436
-0.116435
-0.119231
-0.124464
-0.124968
-0.129844
-0.127314
-0.136472
-0.134258
-0.132823
-0.136087
-0.140880
-0.142507
-0.144973
-0.149866
-0.149908
-0.152800
-0.150921
-0.154515
-0.157704
-0.161817
-0.164045
-0.161913
-0.164056
-0.167646
-0.174804
-0.174772
-0.172225
-0.176621
-0.181420
-0.180019
-0.180453
-0.187671
-0.184476
-0.193525
-0.192445
-0.192655
-0.197203
-0.197987
-0.200933
-0.201230
-0.205079
-0.200491
-0.211340
-0.208350
-0.210699
-0.218798
-0.216722
-0.219097
-0.215429
-0.221208
-0.226671
-0.227886
-0.227088
-0.228653
-0.232381
-0.232911
-0.234872
-0.239665
-0.240332
-0.241917
-0.244898
-0.239787
-0.249571
-0.250230
-0.252834
-0.252063
-0.256469
-0.254742
-0.258136
-0.260707
-0.261913
-0.265484
-0.267345
-0.266374
-0.269459
-0.270165
-0.271546
-0.277279
-0.277861
-0.276563
-0.279763
-0.279693
-0.285042
-0.286556
-0.287858
-0.288686
-0.292240
-0.293825
-0.292672
-0.296754
-0.295113
-0.297809
-0.302573
-0.302423
-0.304689
-0.304967
-0.305983
-0.311241
-0.311204
-0.308686
-0.313667
-0.317429
-0.320253
-0.319547
-0.319657
-0.320039
-0.324402
-0.324136
-0.327819
-0.328608
-0.329961
-0.331663
-0.334097
-0.334171
-0.338656
-0.338490
-0.337174
-0.343018
-0.342263
-0.345387
-0.342790
-0.346590
-0.348825
-0.347957
-0.351199
-0.353286
-0.353599
-0.355039
-0.356523
-0.357722
-0.361370
-0.360771
-0.362391
-0.364993
-0.363483
-0.367389
-0.368872
-0.371114
-0.370543
-0.369393
-0.375438
-0.376107
-0.377961
-0.378735
-0.378363
-0.377256
-0.380436
-0.385014
-0.382842
-0.387722
-0.385164
-0.389283
-0.387081
-0.388830
-0.393502
-0.392620
-0.393049
-0.392712
-0.398019
-0.397374
-0.398010
-0.397786
-0.401900
-0.404088
-0.401409
-0.401299
-0.404874
-0.406592
-0.409699
-0.408237
-0.407555
-0.411110
-0.411410
-0.413921
-0.411767
-0.416170
-0.416474
-0.415221
-0.417299
-0.418450
-0.421164
-0.420896
-0.420987
-0.423447
-0.424677
-0.426022
-0.424319
-0.422067
-0.428376
-0.428620
-0.429815
-0.430878
-0.431516
-0.432361
-0.429949
-0.435247
-0.434643
-0.436225
-0.435208
-0.438188
-0.438011
-0.435557
-0.437864
-0.441682
-0.443061
-0.441699
-0.441119
-0.442864
-0.443362
-0.446448
-0.447526
-0.444134
-0.446326
-0.446280
-0.447868
-0.449254
-0.450535
-0.450632
-0.452138
-0.449378
-0.450601
-0.455977
-0.454638
-0.453692
-0.455448
-0.453872
-0.455032
-0.457770
-0.457708
-0.456527
-0.461329
-0.458438
-0.458903
-0.459900
-0.460947
-0.461181
-0.462616
-0.464511
-0.461257
-0.462598
-0.464394
-0.464173
-0.463856
-0.464324
-0.465757
-0.468535
-0.465506
-0.467030
-0.468388
-0.466553
-0.465969
-0.470790
-0.470409
-0.472184
-0.470370
-0.467460
-0.470301
-0.470157
-0.470466
-0.472999
-0.472651
-0.471009
-0.472493
-0.472224
-0.472530
-0.472614
-0.474625
-0.474239
-0.472805
-0.475459
-0.474262
-0.475008
-0.472114
-0.477724
-0.476255
-0.473621
-0.475309
-0.475298
-0.476577
-0.477487
-0.475325
-0.474688
-0.477604
-0.477666
-0.475429
-0.478163
-0.477498
-0.480861
-0.475328
-0.476755
-0.475103
-0.476985
-0.476997
-0.479237
-0.479598
-0.475715
-0.476554
-0.478284
-0.478819
-0.476902
-0.476522
-0.478723
-0.477209
-0.477986
-0.475608
-0.475455
-0.477717
-0.476526
-0.479451
-0.477889
-0.480152
-0.474235
-0.475691
-0.474333
-0.476767
-0.477885
-0.475430
-0.476086
-0.476839
-0.475790
-0.475435
-0.475009
-0.472210
-0.474091
-0.474451
-0.474691
-0.475313
-0.473624
-0.472119
-0.469245
-0.470985
-0.473616
-0.474344
-0.469087
-0.471730
-0.469103
-0.470636
-0.468827
-0.472078
-0.471060
-0.466189
-0.468729
-0.468372
-0.467960
-0.467067
-0.468172
-0.465283
-0.466294
-0.467612
-0.466331
-0.471546
-0.465416
-0.467588
-0.464402
-0.467930
-0.466279
-0.465946
-0.466311
-0.465115
-0.461509
-0.461188
-0.459139
-0.460092
-0.459157
-0.458566
-0.458681
-0.460123
-0.458366
-0.459625
-0.457482
-0.456604
-0.453678
-0.455221
-0.454239
-0.457157
-0.456074
-0.454670
-0.454661
-0.451858
-0.451851
-0.451260
-0.450445
-0.450375
-0.447525
-0.448833
-0.450580
-0.448178
-0.446765
-0.446293
-0.447675
-0.444642
-0.444766
-0.444682
-0.442739
-0.442450
-0.441262
-0.440752
-0.440485
-0.437101
-0.441573
-0.440598
-0.437794
-0.436290
-0.438036
-0.435309
-0.436088
-0.434607
-0.432850
-0.431708
-0.429513
-0.431188
-0.432041
-0.429563
-0.430928
-0.426298
-0.426616
-0.426481
-0.429785
-0.427945
-0.425764
-0.420887
-0.423096
-0.420890
-0.419595
-0.417871
-0.420282
-0.417410
-0.418204
-0.415624
-0.418258
-0.417588
-0.411889
-0.414454
-0.412635
-0.409423
-0.410991
-0.410516
-0.410534
-0.407538
-0.406060
-0.405835
-0.407629
-0.404639
-0.406075
-0.402213
-0.401439
-0.400059
-0.398893
-0.397542
-0.397967
-0.396970
-0.392992
-0.397620
-0.397834
-0.393762
-0.391623
-0.388338
-0.389781
-0.391260
-0.390271
-0.387826
-0.385844
-0.386629
-0.382506
-0.384831
-0.384384
-0.383554
-0.383118
-0.377853
-0.379124
-0.377415
-0.375261
-0.376305
-0.374019
-0.375198
-0.373168
-0.372376
-0.370190
-0.368853
-0.370121
-0.368163
-0.364445
-0.366236
-0.365210
-0.362835
-0.361772
-0.361420
-0.361836
-0.360808
-0.359175
-0.356454
-0.356018
-0.354112
-0.351249
-0.353771
-0.352772
-0.350787
-0.349555
-0.351052
-0.347452
-0.345953
-0.346926
-0.342250
-0.343111
-0.341050
-0.342544
-0.339941
-0.340249
-0.338348
-0.336269
-0.336025
-0.334062
-0.333995
-0.330351
-0.329755
-0.330602
-0.329704
-0.329690
-0.328630
-0.325911
-0.323919
-0.323014
-0.321229
-0.321656
-0.319546
-0.319634
-0.317974
-0.316708
-0.315893
-0.314095
-0.313419
-0.314064
-0.310558
-0.310538
-0.309515
-0.308767
-0.307161
-0.305279
-0.303203
-0.301611
-0.303518
-0.302911
-0.301766
-0.299980
-0.299204
-0.295916
-0.294089
-0.296713
-0.295339
-0.289766
-0.290339
-0.288565
-0.289743
-0.286474
-0.286045
-0.287004
-0.286083
-0.284898
-0.281759
-0.281865
-0.279790
-0.278020
-0.278307
-0.275212
-0.273112
-0.274735
-0.273105
-0.272020
-0.271306
-0.270598
-0.270279
-0.264774
-0.265163
-0.267030
-0.263389
-0.264018
-0.260480
-0.259664
-0.260084
-0.258544
-0.258269
-0.254437
-0.254915
-0.252594
-0.253350
-0.253226
-0.253435
-0.248698
-0.248813
-0.245705
-0.243967
-0.243026
-0.242371
-0.241434
-0.238921
-0.242033
-0.238744
-0.239405
-0.234667
-0.234487
-0.235697
-0.232283
-0.231982
-0.228805
-0.230363
-0.226637
-0.226538
-0.226272
-0.223860
-0.223116
-0.223669
-0.221092
-0.221219
-0.219291
-0.219040
-0.217657
-0.215404
-0.213547
-0.212976
-0.211712
-0.211346
-0.209215
-0.208992
-0.208982
-0.207881
-0.206551
-0.205281
-0.204457
-0.203877
-0.198566
-0.198369
-0.199908
-0.199276
-0.198122
-0.196131
-0.195088
-0.194291
-0.192679
-0.195120
-0.191638
-0.189812
-0.187336
-0.186227
-0.185999
-0.186243
-0.186915
-0.182749
-0.179714
-0.180612
-0.179727
-0.179362
-0.178952
-0.176689
-0.179861
-0.173248
-0.175338
-0.171695
-0.170172
-0.169303
-0.169618
-0.169936
-0.164667
-0.166195
-0.166604
-0.164543
-0.163678
-0.162448
-0.160620
-0.161186
-0.159447
-0.159442
-0.158947
-0.155385
-0.153444
-0.152587
-0.153024
-0.150877
-0.153406
-0.151293
-0.149091
-0.150527
-0.146575
-0.144519
-0.144817
-0.142109
-0.144252
-0.142975
-0.139870
-0.140171
-0.137734
-0.139439
-0.136516
-0.136761
-0.137311
-0.133365
-0.133946
-0.131291
-0.130197
-0.131606
-0.128791
-0.128394
-0.127156
-0.126726
-0.127482
-0.126109
-0.124423
-0.122355
-0.120549
-0.122222
-0.120042
-0.120235
-0.119411
-0.118090
-0.117476
-0.116676
-0.114347
-0.113989
-0.112485
-0.111325
-0.111040
-0.113749
-0.111717
-0.107753
-0.108336
-0.105896
-0.108745
-0.106316
-0.105374
-0.103420
-0.101360
-0.101711
-0.100084
-0.101448
-0.100581
-0.098554
-0.098681
-0.096746
-0.094516
-0.095261
-0.093732
-0.095810
-0.095041
-0.089985
-0.092391
-0.090797
-0.089659
-0.090387
-0.089485
-0.086541
-0.086574
-0.086740
-0.084982
-0.084176
-0.084232
-0.083713
-0.081395
-0.080834
-0.082513
-0.082341
-0.079298
-0.076797
-0.078771
-0.078041
-0.076958
-0.074864
-0.075604
-0.072920
-0.071916
-0.075327
-0.072098
-0.071956
-0.073594
-0.068763
-0.069100
-0.064794
-0.067310
-0.067704
-0.067845
-0.068417
-0.065958
-0.064652
-0.063763
-0.061700
-0.064792
-0.061990
-0.059796
-0.060836
-0.057941
-0.057420
-0.058866
-0.057256
-0.059988
-0.058279
-0.058780
-0.055285
-0.055285
-0.051965
-0.052114
-0.052621
-0.051232
-0.052757
-0.052965
-0.050900
-0.050425
-0.046981
-0.047323
-0.048602
-0.051331
-0.048335
-0.046523
-0.045549
-0.044710
-0.044161
-0.042906
-0.042292
-0.042746
-0.042939
-0.042547
-0.042582
-0.042216
-0.040756
-0.039996
-0.039180
-0.039534
-0.039795
-0.038109
-0.036868
-0.035258
-0.035542
-0.037592
-0.035868
-0.035069
-0.034763
-0.033230
-0.034236
-0.033414
-0.033527
-0.032493
-0.033391
-0.029654
-0.029590
-0.029497
-0.029803
-0.030169
-0.032368
-0.028674
-0.028186
-0.028900
-0.025877
-0.026146
-0.026765
-0.031529
-0.036062
-0.043047
-0.047232
-0.045926
-0.042310


