M_loss: 15, M_sym: 4300.0, M_power: 9000, M_bandwidth: 22.3872113856834
0.030043
0.027872
0.029812
0.031482
0.031513
0.030268
0.030964
0.027912
0.027008
0.026138
0.022853
0.023667
0.021289
0.021066
0.022725
0.022579
0.022166
0.023450
0.024531
0.026060
0.027398
0.026281
0.028198
0.025092
0.028310
0.026242
0.028028
0.027268
0.029716
0.029018
0.030306
0.030049
0.031079
0.028222
0.029020
0.029254
0.031243
0.032990
0.033314
0.032997
0.034458
0.034722
0.032819
0.034549
0.036159
0.034634
0.035663
0.034545
0.036253
0.036038
0.036130
0.038597
0.037831
0.039383
0.039274
0.043112
0.040905
0.040175
0.042583
0.041774
0.041517
0.041832
0.039732
0.045087
0.043496
0.044476
0.045314
0.045618
0.045886
0.047310
0.045261
0.048323
0.049718
0.049443
0.049576
0.051657
0.050523
0.049496
0.049866
0.050501
0.049794
0.053470
0.054357
0.058153
0.055631
0.056688
0.055922
0.056559
0.054073
0.054514
0.056405
0.056452
0.056377
0.061399
0.061830
0.062014
0.062303
0.062258
0.063514
0.064123
0.062278
0.062057
0.064335
0.065752
0.064907
0.065284
0.064870
0.068580
0.069090
0.068886
0.069670
0.072294
0.070147
0.072935
0.072443
0.075464
0.074619
0.072405
0.073050
0.075130
0.076589
0.075145
0.073946
0.078927
0.079240
0.077723
0.081671
0.081080
0.081175
0.081154
0.081468
0.086593
0.083718
0.086752
0.085948
0.085473
0.085161
0.086713
0.085624
0.089424
0.088263
0.088723
0.091777
0.092162
0.090353
0.096138
0.094346
0.094595
0.094371
0.096066
0.098923
0.097055
0.098806
0.098427
0.098958
0.100762
0.100590
0.101060
0.103224
0.102772
0.105474
0.105767
0.105053
0.107134
0.107535
0.107074
0.109259
0.107997
0.111720
0.112282
0.111891
0.111582
0.112720
0.113608
0.115906
0.117138
0.117964
0.118544
0.117578
0.119934
0.120481
0.119910
0.122204
0.122159
0.121254
0.122965
0.126832
0.125877
0.125586
0.131519
0.128513
0.128908
0.131984
0.129049
0.131317
0.133204
0.132938
0.132804
0.136334
0.133668
0.138785
0.137658
0.137397
0.138783
0.142735
0.140538
0.143955
0.142493
0.144033
0.142589
0.146512
0.144337
0.147199
0.149584
0.151280
0.149871
0.153166
0.153060
0.153868
0.152303
0.153513
0.155905
0.154907
0.156016
0.158511
0.158319
0.161450
0.161515
0.162847
0.163470
0.164824
0.163670
0.165375
0.167581
0.168098
0.169340
0.168717
0.168899
0.169937
0.171470
0.170915
0.175435
0.173856
0.176067
0.180276
0.177858
0.177310
0.181003
0.177440
0.182271
0.181021
0.182504
0.185069
0.184680
0.186173
0.185212
0.186359
0.187438
0.191202
0.190569
0.191707
0.191564
0.191676
0.194735
0.194017
0.196463
0.195042
0.196374
0.200721
0.198592
0.199106
0.200810
0.203280
0.202376
0.203408
0.204993
0.204602
0.206222
0.206517
0.209284
0.209908
0.212312
0.209845
0.211344
0.210081
0.215040
0.215843
0.217943
0.216949
0.216482
0.214385
0.220000
0.219753
0.221240
0.222916
0.225206
0.222312
0.222796
0.223882
0.226834
0.226243
0.226461
0.230047
0.227732
0.231807
0.232358
0.232511
0.233316
0.234202
0.235796
0.236601
0.236240
0.238359
0.237176
0.238737
0.240648
0.240949
0.243622
0.242345
0.244930
0.244427
0.245800
0.245077
0.250458
0.247708
0.248481
0.249259
0.251785
0.252619
0.252634
0.253962
0.256466
0.255864
0.252658
0.256853
0.260166
0.259908
0.262903
0.262011
0.262546
0.261515
0.263842
0.263814
0.263925
0.266048
0.269338
0.268020
0.267761
0.268834
0.272446
0.272180
0.275246
0.276872
0.274120
0.278155
0.276530
0.275508
0.278284
0.279816
0.279270
0.281199
0.280305
0.282320
0.283900
0.286107
0.285541
0.287052
0.289624
0.288206
0.288386
0.292066
0.288686
0.293217
0.291911
0.292463
0.293747
0.295746
0.294878
0.299192
0.298954
0.296768
0.300402
0.298083
0.300666
0.300651
0.303832
0.307788
0.304839
0.305745
0.308323
0.308082
0.308242
0.305992
0.310117
0.310721
0.309749
0.312188
0.309989
0.313985
0.318407
0.316084
0.317997
0.319252
0.315733
0.321332
0.319836
0.321077
0.321034
0.321939
0.321050
0.324223
0.322143
0.325185
0.325816
0.326859
0.327856
0.330629
0.332592
0.333512
0.328240
0.332291
0.332903
0.327908
0.332882
0.334575
0.336389
0.336934
0.337897
0.338022
0.338854
0.341158
0.340405
0.339698
0.341732
0.341183
0.342960
0.343276
0.344376
0.344276
0.347258
0.346404
0.348254
0.350112
0.348806
0.354980
0.349783
0.351201
0.351809
0.351153
0.351393
0.355087
0.352866
0.354318
0.356536
0.360086
0.357467
0.358229
0.358822
0.359001
0.359443
0.361536
0.363580
0.361185
0.361729
0.363026
0.362722
0.362972
0.364890
0.364308
0.367162
0.367202
0.367903
0.368973
0.367751
0.369977
0.370730
0.369547
0.374187
0.370326
0.373350
0.372260
0.374676
0.372279
0.374530
0.377741
0.372638
0.372931
0.377986
0.375334
0.376489
0.376957
0.379315
0.380843
0.383628
0.378467
0.381183
0.382647
0.384147
0.384853
0.382815
0.385992
0.388826
0.385331
0.387103
0.384643
0.387176
0.383711
0.388744
0.384108
0.387853
0.387639
0.389101
0.386974
0.387531
0.388948
0.387360
0.388809
0.391269
0.388036
0.394041
0.393411
0.392430
0.390471
0.389046
0.394400
0.392209
0.391171
0.395824
0.393259
0.394169
0.395350
0.396163
0.397135
0.396726
0.393152
0.396797
0.394539
0.399827
0.396962
0.399240
0.398985
0.396235
0.398414
0.401388
0.401753
0.400318
0.401246
0.399609
0.400609
0.399529
0.398829
0.401269
0.401836
0.400757
0.403096
0.400823
0.405310
0.403209
0.403142
0.403120
0.402009
0.399986
0.403706
0.403063
0.403817
0.403579
0.405550
0.405097
0.404306
0.402580
0.405509
0.402077
0.406246
0.404707
0.405321
0.401678
0.402724
0.403279
0.403747
0.405101
0.405567
0.404751
0.406718
0.406984
0.405550
0.407479
0.406030
0.402397
0.402643
0.402362
0.402988
0.404122
0.404441
0.404840
0.406330
0.407622
0.404966
0.402873
0.403815
0.403151
0.405889
0.401769
0.403567
0.406820
0.401078
0.398874
0.401578
0.402650
0.403523
0.403350
0.404505
0.402375
0.402969
0.401851
0.402435
0.401474
0.401817
0.399639
0.401640
0.400236
0.398560
0.400031
0.400678
0.400531
0.399643
0.398772
0.398824
0.399513
0.397844
0.399863
0.397624
0.398855
0.398271
0.397752
0.394674
0.396100
0.395352
0.395258
0.395241
0.395654
0.393343
0.393447
0.395647
0.395874
0.395233
0.392688
0.396401
0.390919
0.390839
0.390487
0.394383
0.391409
0.387402
0.390107
0.387657
0.386717
0.390649
0.386234
0.389906
0.387033
0.386930
0.386366
0.384753
0.384465
0.386830
0.381759
0.383900
0.382823
0.382662
0.380805
0.382542
0.381217
0.376554
0.381840
0.377545
0.378899
0.380450
0.379366
0.374861
0.378516
0.376704
0.374563
0.376012
0.374272
0.372143
0.369471
0.371985
0.370692
0.370975
0.370209
0.368646
0.369010
0.366990
0.369949
0.367810
0.365686
0.365275
0.365317
0.361697
0.363806
0.363491
0.360710
0.361710
0.358168
0.361894
0.359753
0.356047
0.357373
0.358408
0.357257
0.349999
0.355482
0.352514
0.353874
0.354352
0.349605
0.348900
0.351342
0.349222
0.347382
0.343612
0.344499
0.345053
0.342654
0.342114
0.342812
0.343921
0.339618
0.342384
0.335049
0.337746
0.337260
0.333800
0.335632
0.334052
0.332038
0.332283
0.329190
0.327908
0.331829
0.327959
0.329144
0.323453
0.324581
0.323939
0.324858
0.322293
0.320187
0.317463
0.317942
0.316110
0.316271
0.316731
0.313473
0.314232
0.307907
0.308857
0.308881
0.309241
0.306069
0.308186
0.302758
0.305283
0.304668
0.300606
0.300365
0.298330
0.296370
0.292981
0.298135
0.290531
0.293365
0.291219
0.288087
0.287745
0.287218
0.286957
0.287889
0.283271
0.278168
0.281380
0.281205
0.276597
0.278221
0.276357
0.273112
0.272090
0.274184
0.269750
0.268505
0.266812
0.269421
0.259595
0.261424
0.260863
0.263198
0.260759
0.258516
0.252808
0.256602
0.250597
0.253613
0.252727
0.248976
0.245020
0.246472
0.243707
0.242210
0.240765
0.237398
0.236481
0.241828
0.235440
0.235264
0.231898
0.233885
0.229650
0.225529
0.226321
0.223514
0.222282
0.223279
0.221367
0.221336
0.215500
0.215795
0.210148
0.211951
0.210236
0.208357
0.207094
0.208734
0.206037
0.205537
0.196804
0.198729
0.198745
0.198987
0.192787
0.193497
0.186983
0.189414
0.188339
0.187845
0.184445
0.184709
0.182970
0.181516
0.178149
0.175367
0.173500
0.171205
0.174550
0.167945
0.169969
0.167439
0.168855
0.160598
0.162640
0.161145
0.158129
0.153817
0.157077
0.151266
0.151567
0.149851
0.149318
0.147240
0.146078
0.142193
0.140830
0.141858
0.133946
0.136122
0.137446
0.130631
0.130747
0.132889
0.124944
0.122674
0.123051
0.122347
0.124140
0.117549
0.119973
0.113414
0.114147
0.112490
0.108276
0.105087
0.105781
0.104957
0.102232
0.103087
0.101703
0.099837
0.094407
0.091031
0.089879
0.086501
0.092361
0.085514
0.084980
0.083109
0.083919
0.076067
0.077848
0.073427
0.073876
0.071060
0.069118
0.067343
0.065236
0.064881
0.066565
0.058350
0.059115
0.056121
0.053229
0.053071
0.047147
0.052287
0.047119
0.044144
0.044054
0.041907
0.043511
0.036914
0.038590
0.035670
0.034200
0.027716
0.023908
0.023606
0.025673
0.026341
0.022976
0.021941
0.015669
0.015851
0.012936
0.010821
0.006971
0.007228
0.005280
0.005341
0.001412
0.003779
0.000045
-0.003849
-0.006337
-0.005621
-0.009615
-0.010524
-0.015756
-0.013519
-0.015042
-0.020685
-0.017397
-0.025925
-0.022205
-0.028036
-0.031249
-0.024814
-0.034624
-0.040029
-0.034477
-0.035820
-0.041177
-0.038348
-0.043413
-0.046621
-0.046844
-0.052374
-0.051544
-0.051423
-0.057133
-0.053564
-0.063798
-0.059753
-0.062761
-0.063926
-0.067205
-0.068961
-0.070921
-0.068450
-0.074206
-0.076212
-0.075957
-0.084116
-0.083054
-0.087356
-0.087579
-0.086492
-0.088086
-0.093944
-0.094868
-0.096621
-0.097429
-0.099277
-0.099576
-0.104495
-0.104791
-0.105014
-0.111212
-0.113839
-0.109997
-0.112005
-0.116212
-0.117542
-0.121967
-0.122913
-0.125191
-0.126171
-0.130881
-0.129402
-0.131606
-0.133469
-0.131420
-0.137861
-0.137709
-0.140544
-0.146280
-0.147054
-0.149119
-0.151646
-0.154799
-0.149816
-0.154055
-0.159597
-0.155307
-0.157046
-0.160865
-0.171414
-0.163483
-0.167171
-0.168663
-0.170824
-0.174820
-0.177523
-0.177220
-0.180317
-0.181430
-0.177794
-0.186209
-0.184624
-0.188413
-0.192987
-0.196330
-0.185429
-0.195838
-0.198922
-0.199412
-0.201059
-0.201191
-0.206329
-0.203409
-0.207022
-0.211675
-0.212730
-0.217874
-0.216968
-0.212946
-0.218814
-0.220712
-0.221048
-0.228301
-0.220763
-0.230570
-0.232453
-0.232764
-0.226980
-0.238138
-0.239973
-0.238791
-0.239059
-0.242037
-0.245788
-0.247868
-0.248170
-0.247822
-0.249542
-0.253083
-0.255527
-0.258109
-0.258651
-0.259665
-0.262992
-0.262071
-0.265912
-0.266024
-0.269950
-0.271739
-0.270573
-0.272670
-0.277712
-0.276655
-0.278943
-0.280628
-0.284745
-0.284199
-0.284316
-0.289879
-0.287167
-0.294212
-0.287746
-0.294549
-0.294957
-0.298372
-0.300921
-0.300583
-0.305184
-0.305094
-0.305959
-0.310197
-0.307040
-0.311020
-0.306324
-0.312464
-0.317808
-0.319263
-0.319984
-0.321681
-0.321080
-0.323772
-0.321985
-0.329156
-0.326005
-0.331065
-0.332411
-0.333532
-0.335402
-0.334588
-0.336771
-0.336823
-0.342062
-0.345075
-0.343534
-0.341846
-0.347100
-0.349217
-0.353701
-0.349516
-0.353478
-0.354880
-0.353982
-0.356986
-0.356870
-0.363973
-0.361509
-0.363374
-0.362939
-0.366263
-0.365704
-0.370217
-0.368552
-0.374470
-0.371476
-0.376892
-0.376132
-0.378728
-0.376435
-0.379860
-0.377904
-0.386203
-0.383670
-0.388657
-0.386379
-0.390299
-0.390936
-0.387663
-0.392444
-0.393821
-0.392999
-0.397450
-0.396204
-0.402189
-0.402689
-0.403858
-0.404982
-0.397113
-0.405041
-0.405320
-0.411418
-0.410765
-0.411684
-0.408830
-0.410492
-0.411579
-0.420686
-0.412596
-0.420987
-0.418992
-0.424242
-0.422327
-0.417148
-0.428248
-0.426982
-0.425766
-0.427724
-0.425778
-0.426385
-0.432460
-0.433554
-0.436472
-0.437899
-0.434121
-0.436587
-0.437158
-0.442831
-0.437081
-0.440589
-0.445066
-0.442159
-0.446235
-0.445119
-0.443984
-0.451858
-0.453080
-0.447846
-0.448807
-0.452109
-0.454697
-0.456921
-0.458785
-0.456001
-0.449536
-0.462906
-0.463997
-0.460017
-0.462205
-0.463551
-0.459565
-0.467127
-0.465523
-0.466389
-0.468682
-0.465190
-0.469172
-0.473915
-0.472918
-0.472188
-0.476107
-0.472646
-0.479332
-0.469958
-0.475978
-0.477631
-0.479978
-0.481453
-0.482175
-0.481498
-0.486122
-0.482676
-0.483050
-0.486086
-0.486639
-0.490967
-0.489814
-0.492855
-0.486252
-0.488371
-0.488189
-0.490845
-0.494993
-0.493703
-0.494869
-0.495070
-0.502062
-0.495664
-0.498238
-0.501225
-0.503031
-0.497297
-0.501818
-0.505845
-0.502548
-0.500253
-0.503125
-0.508073
-0.508883
-0.509465
-0.510768
-0.505556
-0.511125
-0.507239
-0.510942
-0.511172
-0.513534
-0.512596
-0.513475
-0.514544
-0.517347
-0.520754
-0.514901
-0.517550
-0.517707
-0.515452
-0.511880
-0.528185
-0.521209
-0.523629
-0.519718
-0.527426
-0.519099
-0.521924
-0.527409
-0.524536
-0.525172
-0.524766
-0.526697
-0.530323
-0.533481
-0.531166
-0.525956
-0.528881
-0.531020
-0.529760
-0.531634
-0.530842
-0.535481
-0.533602
-0.535664
-0.531044
-0.537738
-0.537858
-0.532534
-0.538712
-0.535838
-0.533181
-0.537270
-0.540070
-0.543722
-0.539290
-0.538178
-0.542054
-0.543686
-0.536499
-0.543885
-0.538689
-0.540378
-0.549240
-0.548547
-0.543938
-0.536997
-0.542274
-0.548535
-0.546298
-0.541517
-0.550517
-0.547473
-0.548314
-0.545341
-0.544071
-0.550424
-0.552814
-0.548748
-0.543855
-0.553907
-0.543013
-0.547764
-0.553825
-0.550090
-0.550558
-0.555673
-0.547725
-0.551956
-0.554226
-0.549508
-0.550131
-0.555070
-0.556729
-0.555762
-0.551835
-0.551604
-0.554158
-0.555285
-0.551964
-0.553011
-0.551124
-0.554730
-0.558446
-0.556251
-0.557866
-0.556518
-0.553496
-0.559972
-0.553932
-0.553993
-0.559349
-0.556861
-0.554175
-0.553908
-0.554974
-0.563428
-0.559130
-0.564459
-0.555423
-0.555238
-0.555569
-0.555489
-0.558349
-0.561771
-0.560659
-0.559958
-0.558950
-0.552732
-0.559789
-0.557174
-0.561610
-0.564912
-0.558659
-0.556613
-0.555246
-0.558355
-0.565299
-0.558874
-0.556320
-0.560528
-0.559931
-0.559056
-0.559955
-0.558484
-0.565859
-0.563601
-0.557630
-0.555113
-0.561321
-0.561297
-0.558712
-0.559612
-0.555844
-0.562243
-0.560780
-0.561897
-0.554471
-0.558161
-0.560323
-0.567670
-0.559487
-0.556418
-0.558886
-0.559346
-0.559403
-0.559486
-0.557384
-0.555636
-0.561193
-0.566574
-0.561264
-0.556464
-0.559163
-0.558730
-0.557917
-0.554678
-0.553132
-0.561272
-0.558967
-0.561862
-0.556470
-0.557337
-0.560377
-0.555955
-0.557650
-0.557926
-0.555614
-0.557977
-0.558589
-0.554911
-0.558015
-0.557362
-0.551981
-0.554993
-0.557362
-0.564485
-0.557271
-0.549975
-0.555043
-0.557635
-0.552000
-0.554897
-0.559249
-0.547607
-0.558702
-0.555830
-0.553460
-0.554744
-0.557587
-0.555441
-0.549335
-0.548492
-0.554506
-0.561112
-0.547224
-0.558645
-0.553809
-0.551121
-0.550893
-0.550634
-0.548960
-0.551378
-0.547933
-0.555281
-0.552667
-0.557171
-0.546244
-0.549409
-0.551039
-0.550336
-0.553078
-0.555141
-0.546069
-0.541222
-0.546851
-0.548332
-0.549482
-0.548550
-0.550114
-0.552746
-0.544504
-0.545941
-0.543736
-0.545888
-0.552502
-0.544575
-0.551358
-0.544803
-0.538813
-0.540382
-0.549818
-0.544701
-0.545350
-0.543592
-0.544487
-0.541595
-0.545371
-0.554647
-0.532231
-0.542157
-0.545456
-0.541877
-0.537248
-0.542568
-0.541947
-0.543733
-0.539949
-0.546020
-0.537455
-0.536218
-0.548322
-0.537126
-0.538183
-0.539523
-0.541903
-0.535090
-0.539122
-0.538001
-0.536216
-0.541026
-0.534153
-0.535052
-0.534777
-0.542228
-0.535314
-0.540064
-0.534225
-0.530125
-0.539487
-0.530394
-0.541266
-0.526932
-0.527444
-0.538372
-0.541094
-0.538559
-0.529465
-0.532311
-0.528214
-0.531256
-0.532682
-0.529688
-0.531373
-0.530164
-0.537472
-0.530641
-0.531997
-0.531353
-0.524126
-0.532281
-0.522213
-0.528146
-0.531574
-0.531213
-0.524707
-0.524367
-0.536046
-0.524776
-0.530560
-0.531735
-0.523267
-0.529879
-0.519692
-0.528287
-0.522336
-0.525288
-0.528110
-0.520752
-0.526515
-0.522116
-0.527583
-0.526552
-0.524415
-0.524350
-0.521014
-0.528203
-0.518731
-0.516019
-0.522313
-0.518752
-0.524062
-0.518329
-0.529171
-0.522948
-0.514121
-0.525194
-0.520808
-0.523117
-0.511696
-0.526055
-0.513480
-0.524349
-0.520616
-0.518118
-0.527020
-0.516453
-0.510467
-0.511985
-0.515120
-0.509990
-0.539976
-0.519626
-0.503736
-0.517081
-0.526489
-0.524548
-0.511286
-0.504764
-0.515219
-0.511409
-0.512755
-0.520017
-0.515488
-0.516856
-0.513994
-0.504341
-0.522949
-0.512693
-0.507182
-0.511825
-0.510894
-0.520299
-0.516568
-0.510807
-0.505693
-0.517009
-0.509868
-0.505374
-0.512765
-0.500959
-0.507336
-0.508931
-0.535343
-0.509186
-0.510229
-0.509065
-0.499774
-0.511211
-0.502224
-0.514556
-0.513164
-0.504901
-0.496752
-0.517040
-0.503016
-0.506085
-0.513650
-0.514771
-0.511366
-0.509424
-0.506295
-0.499344
-0.503664
-0.494327
-0.505718
-0.511472
-0.511500
-0.506915
-0.517719
-0.496309
-0.507945
-0.499506
-0.506509
-0.506881
-0.508686
-0.498270
-0.500823
-0.505375
-0.509737
-0.492220
-0.513818
-0.510271
-0.499839
-0.510745
-0.503424
-0.496646
-0.500576
-0.493624
-0.515783
-0.495753
-0.511771
-0.512715
-0.493675
-0.492866
-0.508286
-0.507092
-0.494645
-0.497987
-0.511249
-0.496417
-0.516769
-0.497505
-0.500730
-0.507021
-0.496563
-0.497619
-0.501768
-0.496629
-0.500651
-0.505078
-0.509408
-0.508103
-0.489440
-0.498930
-0.504945
-0.522554
-0.496265
-0.497307
-0.495438
-0.503163
-0.502618
-0.497185
-0.502618
-0.503163
-0.495438
-0.497307
-0.496265
-0.522554
-0.504945
-0.498930
-0.489440
-0.508103
-0.509408
-0.505078
-0.500651
-0.496629
-0.501768
-0.497619
-0.496563
-0.507021
-0.500730
-0.497505
-0.516769
-0.496417
-0.511249
-0.497987
-0.494645
-0.507092
-0.508286
-0.492866
-0.493675
-0.512715
-0.511771
-0.495753
-0.515783
-0.493624
-0.500576
-0.496646
-0.503424
-0.510745
-0.499839
-0.510271
-0.513818
-0.492220
-0.509737
-0.505375
-0.500823
-0.498270
-0.508686
-0.506881
-0.506509
-0.499506
-0.507945
-0.496309
-0.517719
-0.506915
-0.511500
-0.511472
-0.505718
-0.494327
-0.503664
-0.499344
-0.506295
-0.509424
-0.511366
-0.514771
-0.513650
-0.506085
-0.503016
-0.517040
-0.496752
-0.504901
-0.513164
-0.514556
-0.502224
-0.511211
-0.499774
-0.509065
-0.510229
-0.509186
-0.535343
-0.508931
-0.507336
-0.500959
-0.512765
-0.505374
-0.509868
-0.517009
-0.505693
-0.510807
-0.516568
-0.520299
-0.510894
-0.511825
-0.507182
-0.512693
-0.522949
-0.504341
-0.513994
-0.516856
-0.515488
-0.520017
-0.512755
-0.511409
-0.515219
-0.504764
-0.511286
-0.524548
-0.526489
-0.517081
-0.503736
-0.519626
-0.539976
-0.509990
-0.515120
-0.511985
-0.510467
-0.516453
-0.527020
-0.518118
-0.520616
-0.524349
-0.513480
-0.526055
-0.511696
-0.523117
-0.520808
-0.525194
-0.514121
-0.522948
-0.529171
-0.518329
-0.524062
-0.518752
-0.522313
-0.516019
-0.518731
-0.528203
-0.521014
-0.524350
-0.524415
-0.526552
-0.527583
-0.522116
-0.526515
-0.520752
-0.528110
-0.525288
-0.522336
-0.528287
-0.519692
-0.529879
-0.523267
-0.531735
-0.530560
-0.524776
-0.536046
-0.524367
-0.524707
-0.531213
-0.531574
-0.528146
-0.522213
-0.532281
-0.524126
-0.531353
-0.531997
-0.530641
-0.537472
-0.530164
-0.531373
-0.529688
-0.532682
-0.531256
-0.528214
-0.532311
-0.529465
-0.538559
-0.541094
-0.538372
-0.527444
-0.526932
-0.541266
-0.530394
-0.539487
-0.530125
-0.534225
-0.540064
-0.535314
-0.542228
-0.534777
-0.535052
-0.534153
-0.541026
-0.536216
-0.538001
-0.539122
-0.535090
-0.541903
-0.539523
-0.538183
-0.537126
-0.548322
-0.536218
-0.537455
-0.546020
-0.539949
-0.543733
-0.541947
-0.542568
-0.537248
-0.541877
-0.545456
-0.542157
-0.532231
-0.554647
-0.545371
-0.541595
-0.544487
-0.543592
-0.545350
-0.544701
-0.549818
-0.540382
-0.538813
-0.544803
-0.551358
-0.544575
-0.552502
-0.545888
-0.543736
-0.545941
-0.544504
-0.552746
-0.550114
-0.548550
-0.549482
-0.548332
-0.546851
-0.541222
-0.546069
-0.555141
-0.553078
-0.550336
-0.551039
-0.549409
-0.546244
-0.557171
-0.552667
-0.555281
-0.547933
-0.551378
-0.548960
-0.550634
-0.550893
-0.551121
-0.553809
-0.558645
-0.547224
-0.561112
-0.554506
-0.548492
-0.549335
-0.555441
-0.557587
-0.554744
-0.553460
-0.555830
-0.558702
-0.547607
-0.559249
-0.554897
-0.552000
-0.557635
-0.555043
-0.549975
-0.557271
-0.564485
-0.557362
-0.554993
-0.551981
-0.557362
-0.558015
-0.554911
-0.558589
-0.557977
-0.555614
-0.557926
-0.557650
-0.555955
-0.560377
-0.557337
-0.556470
-0.561862
-0.558967
-0.561272
-0.553132
-0.554678
-0.557917
-0.558730
-0.559163
-0.556464
-0.561264
-0.566574
-0.561193
-0.555636
-0.557384
-0.559486
-0.559403
-0.559346
-0.558886
-0.556418
-0.559487
-0.567670
-0.560323
-0.558161
-0.554471
-0.561897
-0.560780
-0.562243
-0.555844
-0.559612
-0.558712
-0.561297
-0.561321
-0.555113
-0.557630
-0.563601
-0.565859
-0.558484
-0.559955
-0.559056
-0.559931
-0.560528
-0.556320
-0.558874
-0.565299
-0.558355
-0.555246
-0.556613
-0.558659
-0.564912
-0.561610
-0.557174
-0.559789
-0.552732
-0.558950
-0.559958
-0.560659
-0.561771
-0.558349
-0.555489
-0.555569
-0.555238
-0.555423
-0.564459
-0.559130
-0.563428
-0.554974
-0.553908
-0.554175
-0.556861
-0.559349
-0.553993
-0.553932
-0.559972
-0.553496
-0.556518
-0.557866
-0.556251
-0.558446
-0.554730
-0.551124
-0.553011
-0.551964
-0.555285
-0.554158
-0.551604
-0.551835
-0.555762
-0.556729
-0.555070
-0.550131
-0.549508
-0.554226
-0.551956
-0.547725
-0.555673
-0.550558
-0.550090
-0.553825
-0.547764
-0.543013
-0.553907
-0.543855
-0.548748
-0.552814
-0.550424
-0.544071
-0.545341
-0.548314
-0.547473
-0.550517
-0.541517
-0.546298
-0.548535
-0.542274
-0.536997
-0.543938
-0.548547
-0.549240
-0.540378
-0.538689
-0.543885
-0.536499
-0.543686
-0.542054
-0.538178
-0.539290
-0.543722
-0.540070
-0.537270
-0.533181
-0.535838
-0.538712
-0.532534
-0.537858
-0.537738
-0.531044
-0.535664
-0.533602
-0.535481
-0.530842
-0.531634
-0.529760
-0.531020
-0.528881
-0.525956
-0.531166
-0.533481
-0.530323
-0.526697
-0.524766
-0.525172
-0.524536
-0.527409
-0.521924
-0.519099
-0.527426
-0.519718
-0.523629
-0.521209
-0.528185
-0.511880
-0.515452
-0.517707
-0.517550
-0.514901
-0.520754
-0.517347
-0.514544
-0.513475
-0.512596
-0.513534
-0.511172
-0.510942
-0.507239
-0.511125
-0.505556
-0.510768
-0.509465
-0.508883
-0.508073
-0.503125
-0.500253
-0.502548
-0.505845
-0.501818
-0.497297
-0.503031
-0.501225
-0.498238
-0.495664
-0.502062
-0.495070
-0.494869
-0.493703
-0.494993
-0.490845
-0.488189
-0.488371
-0.486252
-0.492855
-0.489814
-0.490967
-0.486639
-0.486086
-0.483050
-0.482676
-0.486122
-0.481498
-0.482175
-0.481453
-0.479978
-0.477631
-0.475978
-0.469958
-0.479332
-0.472646
-0.476107
-0.472188
-0.472918
-0.473915
-0.469172
-0.465190
-0.468682
-0.466389
-0.465523
-0.467127
-0.459565
-0.463551
-0.462205
-0.460017
-0.463997
-0.462906
-0.449536
-0.456001
-0.458785
-0.456921
-0.454697
-0.452109
-0.448807
-0.447846
-0.453080
-0.451858
-0.443984
-0.445119
-0.446235
-0.442159
-0.445066
-0.440589
-0.437081
-0.442831
-0.437158
-0.436587
-0.434121
-0.437899
-0.436472
-0.433554
-0.432460
-0.426385
-0.425778
-0.427724
-0.425766
-0.426982
-0.428248
-0.417148
-0.422327
-0.424242
-0.418992
-0.420987
-0.412596
-0.420686
-0.411579
-0.410492
-0.408830
-0.411684
-0.410765
-0.411418
-0.405320
-0.405041
-0.397113
-0.404982
-0.403858
-0.402689
-0.402189
-0.396204
-0.397450
-0.392999
-0.393821
-0.392444
-0.387663
-0.390936
-0.390299
-0.386379
-0.388657
-0.383670
-0.386203
-0.377904
-0.379860
-0.376435
-0.378728
-0.376132
-0.376892
-0.371476
-0.374470
-0.368552
-0.370217
-0.365704
-0.366263
-0.362939
-0.363374
-0.361509
-0.363973
-0.356870
-0.356986
-0.353982
-0.354880
-0.353478
-0.349516
-0.353701
-0.349217
-0.347100
-0.341846
-0.343534
-0.345075
-0.342062
-0.336823
-0.336771
-0.334588
-0.335402
-0.333532
-0.332411
-0.331065
-0.326005
-0.329156
-0.321985
-0.323772
-0.321080
-0.321681
-0.319984
-0.319263
-0.317808
-0.312464
-0.306324
-0.311020
-0.307040
-0.310197
-0.305959
-0.305094
-0.305184
-0.300583
-0.300921
-0.298372
-0.294957
-0.294549
-0.287746
-0.294212
-0.287167
-0.289879
-0.284316
-0.284199
-0.284745
-0.280628
-0.278943
-0.276655
-0.277712
-0.272670
-0.270573
-0.271739
-0.269950
-0.266024
-0.265912
-0.262071
-0.262992
-0.259665
-0.258651
-0.258109
-0.255527
-0.253083
-0.249542
-0.247822
-0.248170
-0.247868
-0.245788
-0.242037
-0.239059
-0.238791
-0.239973
-0.238138
-0.226980
-0.232764
-0.232453
-0.230570
-0.220763
-0.228301
-0.221048
-0.220712
-0.218814
-0.212946
-0.216968
-0.217874
-0.212730
-0.211675
-0.207022
-0.203409
-0.206329
-0.201191
-0.201059
-0.199412
-0.198922
-0.195838
-0.185429
-0.196330
-0.192987
-0.188413
-0.184624
-0.186209
-0.177794
-0.181430
-0.180317
-0.177220
-0.177523
-0.174820
-0.170824
-0.168663
-0.167171
-0.163483
-0.171414
-0.160865
-0.157046
-0.155307
-0.159597
-0.154055
-0.149816
-0.154799
-0.151646
-0.149119
-0.147054
-0.146280
-0.140544
-0.137709
-0.137861
-0.131420
-0.133469
-0.131606
-0.129402
-0.130881
-0.126171
-0.125191
-0.122913
-0.121967
-0.117542
-0.116212
-0.112005
-0.109997
-0.113839
-0.111212
-0.105014
-0.104791
-0.104495
-0.099576
-0.099277
-0.097429
-0.096621
-0.094868
-0.093944
-0.088086
-0.086492
-0.087579
-0.087356
-0.083054
-0.084116
-0.075957
-0.076212
-0.074206
-0.068450
-0.070921
-0.068961
-0.067205
-0.063926
-0.062761
-0.059753
-0.063798
-0.053564
-0.057133
-0.051423
-0.051544
-0.052374
-0.046844
-0.046621
-0.043413
-0.038348
-0.041177
-0.035820
-0.034477
-0.040029
-0.034624
-0.024814
-0.031249
-0.028036
-0.022205
-0.025925
-0.017397
-0.020685
-0.015042
-0.013519
-0.015756
-0.010524
-0.009615
-0.005621
-0.006337
-0.003849
0.000045
0.003779
0.001412
0.005341
0.005280
0.007228
0.006971
0.010821
0.012936
0.015851
0.015669
0.021941
0.022976
0.026341
0.025673
0.023606
0.023908
0.027716
0.034200
0.035670
0.038590
0.036914
0.043511
0.041907
0.044054
0.044144
0.047119
0.052287
0.047147
0.053071
0.053229
0.056121
0.059115
0.058350
0.066565
0.064881
0.065236
0.067343
0.069118
0.071060
0.073876
0.073427
0.077848
0.076067
0.083919
0.083109
0.084980
0.085514
0.092361
0.086501
0.089879
0.091031
0.094407
0.099837
0.101703
0.103087
0.102232
0.104957
0.105781
0.105087
0.108276
0.112490
0.114147
0.113414
0.119973
0.117549
0.124140
0.122347
0.123051
0.122674
0.124944
0.132889
0.130747
0.130631
0.137446
0.136122
0.133946
0.141858
0.140830
0.142193
0.146078
0.147240
0.149318
0.149851
0.151567
0.151266
0.157077
0.153817
0.158129
0.161145
0.162640
0.160598
0.168855
0.167439
0.169969
0.167945
0.174550
0.171205
0.173500
0.175367
0.178149
0.181516
0.182970
0.184709
0.184445
0.187845
0.188339
0.189414
0.186983
0.193497
0.192787
0.198987
0.198745
0.198729
0.196804
0.205537
0.206037
0.208734
0.207094
0.208357
0.210236
0.211951
0.210148
0.215795
0.215500
0.221336
0.221367
0.223279
0.222282
0.223514
0.226321
0.225529
0.229650
0.233885
0.231898
0.235264
0.235440
0.241828
0.236481
0.237398
0.240765
0.242210
0.243707
0.246472
0.245020
0.248976
0.252727
0.253613
0.250597
0.256602
0.252808
0.258516
0.260759
0.263198
0.260863
0.261424
0.259595
0.269421
0.266812
0.268505
0.269750
0.274184
0.272090
0.273112
0.276357
0.278221
0.276597
0.281205
0.281380
0.278168
0.283271
0.287889
0.286957
0.287218
0.287745
0.288087
0.291219
0.293365
0.290531
0.298135
0.292981
0.296370
0.298330
0.300365
0.300606
0.304668
0.305283
0.302758
0.308186
0.306069
0.309241
0.308881
0.308857
0.307907
0.314232
0.313473
0.316731
0.316271
0.316110
0.317942
0.317463
0.320187
0.322293
0.324858
0.323939
0.324581
0.323453
0.329144
0.327959
0.331829
0.327908
0.329190
0.332283
0.332038
0.334052
0.335632
0.333800
0.337260
0.337746
0.335049
0.342384
0.339618
0.343921
0.342812
0.342114
0.342654
0.345053
0.344499
0.343612
0.347382
0.349222
0.351342
0.348900
0.349605
0.354352
0.353874
0.352514
0.355482
0.349999
0.357257
0.358408
0.357373
0.356047
0.359753
0.361894
0.358168
0.361710
0.360710
0.363491
0.363806
0.361697
0.365317
0.365275
0.365686
0.367810
0.369949
0.366990
0.369010
0.368646
0.370209
0.370975
0.370692
0.371985
0.369471
0.372143
0.374272
0.376012
0.374563
0.376704
0.378516
0.374861
0.379366
0.380450
0.378899
0.377545
0.381840
0.376554
0.381217
0.382542
0.380805
0.382662
0.382823
0.383900
0.381759
0.386830
0.384465
0.384753
0.386366
0.386930
0.387033
0.389906
0.386234
0.390649
0.386717
0.387657
0.390107
0.387402
0.391409
0.394383
0.390487
0.390839
0.390919
0.396401
0.392688
0.395233
0.395874
0.395647
0.393447
0.393343
0.395654
0.395241
0.395258
0.395352
0.396100
0.394674
0.397752
0.398271
0.398855
0.397624
0.399863
0.397844
0.399513
0.398824
0.398772
0.399643
0.400531
0.400678
0.400031
0.398560
0.400236
0.401640
0.399639
0.401817
0.401474
0.402435
0.401851
0.402969
0.402375
0.404505
0.403350
0.403523
0.402650
0.401578
0.398874
0.401078
0.406820
0.403567
0.401769
0.405889
0.403151
0.403815
0.402873
0.404966
0.407622
0.406330
0.404840
0.404441
0.404122
0.402988
0.402362
0.402643
0.402397
0.406030
0.407479
0.405550
0.406984
0.406718
0.404751
0.405567
0.405101
0.403747
0.403279
0.402724
0.401678
0.405321
0.404707
0.406246
0.402077
0.405509
0.402580
0.404306
0.405097
0.405550
0.403579
0.403817
0.403063
0.403706
0.399986
0.402009
0.403120
0.403142
0.403209
0.405310
0.400823
0.403096
0.400757
0.401836
0.401269
0.398829
0.399529
0.400609
0.399609
0.401246
0.400318
0.401753
0.401388
0.398414
0.396235
0.398985
0.399240
0.396962
0.399827
0.394539
0.396797
0.393152
0.396726
0.397135
0.396163
0.395350
0.394169
0.393259
0.395824
0.391171
0.392209
0.394400
0.389046
0.390471
0.392430
0.393411
0.394041
0.388036
0.391269
0.388809
0.387360
0.388948
0.387531
0.386974
0.389101
0.387639
0.387853
0.384108
0.388744
0.383711
0.387176
0.384643
0.387103
0.385331
0.388826
0.385992
0.382815
0.384853
0.384147
0.382647
0.381183
0.378467
0.383628
0.380843
0.379315
0.376957
0.376489
0.375334
0.377986
0.372931
0.372638
0.377741
0.374530
0.372279
0.374676
0.372260
0.373350
0.370326
0.374187
0.369547
0.370730
0.369977
0.367751
0.368973
0.367903
0.367202
0.367162
0.364308
0.364890
0.362972
0.362722
0.363026
0.361729
0.361185
0.363580
0.361536
0.359443
0.359001
0.358822
0.358229
0.357467
0.360086
0.356536
0.354318
0.352866
0.355087
0.351393
0.351153
0.351809
0.351201
0.349783
0.354980
0.348806
0.350112
0.348254
0.346404
0.347258
0.344276
0.344376
0.343276
0.342960
0.341183
0.341732
0.339698
0.340405
0.341158
0.338854
0.338022
0.337897
0.336934
0.336389
0.334575
0.332882
0.327908
0.332903
0.332291
0.328240
0.333512
0.332592
0.330629
0.327856
0.326859
0.325816
0.325185
0.322143
0.324223
0.321050
0.321939
0.321034
0.321077
0.319836
0.321332
0.315733
0.319252
0.317997
0.316084
0.318407
0.313985
0.309989
0.312188
0.309749
0.310721
0.310117
0.305992
0.308242
0.308082
0.308323
0.305745
0.304839
0.307788
0.303832
0.300651
0.300666
0.298083
0.300402
0.296768
0.298954
0.299192
0.294878
0.295746
0.293747
0.292463
0.291911
0.293217
0.288686
0.292066
0.288386
0.288206
0.289624
0.287052
0.285541
0.286107
0.283900
0.282320
0.280305
0.281199
0.279270
0.279816
0.278284
0.275508
0.276530
0.278155
0.274120
0.276872
0.275246
0.272180
0.272446
0.268834
0.267761
0.268020
0.269338
0.266048
0.263925
0.263814
0.263842
0.261515
0.262546
0.262011
0.262903
0.259908
0.260166
0.256853
0.252658
0.255864
0.256466
0.253962
0.252634
0.252619
0.251785
0.249259
0.248481
0.247708
0.250458
0.245077
0.245800
0.244427
0.244930
0.242345
0.243622
0.240949
0.240648
0.238737
0.237176
0.238359
0.236240
0.236601
0.235796
0.234202
0.233316
0.232511
0.232358
0.231807
0.227732
0.230047
0.226461
0.226243
0.226834
0.223882
0.222796
0.222312
0.225206
0.222916
0.221240
0.219753
0.220000
0.214385
0.216482
0.216949
0.217943
0.215843
0.215040
0.210081
0.211344
0.209845
0.212312
0.209908
0.209284
0.206517
0.206222
0.204602
0.204993
0.203408
0.202376
0.203280
0.200810
0.199106
0.198592
0.200721
0.196374
0.195042
0.196463
0.194017
0.194735
0.191676
0.191564
0.191707
0.190569
0.191202
0.187438
0.186359
0.185212
0.186173
0.184680
0.185069
0.182504
0.181021
0.182271
0.177440
0.181003
0.177310
0.177858
0.180276
0.176067
0.173856
0.175435
0.170915
0.171470
0.169937
0.168899
0.168717
0.169340
0.168098
0.167581
0.165375
0.163670
0.164824
0.163470
0.162847
0.161515
0.161450
0.158319
0.158511
0.156016
0.154907
0.155905
0.153513
0.152303
0.153868
0.153060
0.153166
0.149871
0.151280
0.149584
0.147199
0.144337
0.146512
0.142589
0.144033
0.142493
0.143955
0.140538
0.142735
0.138783
0.137397
0.137658
0.138785
0.133668
0.136334
0.132804
0.132938
0.133204
0.131317
0.129049
0.131984
0.128908
0.128513
0.131519
0.125586
0.125877
0.126832
0.122965
0.121254
0.122159
0.122204
0.119910
0.120481
0.119934
0.117578
0.118544
0.117964
0.117138
0.115906
0.113608
0.112720
0.111582
0.111891
0.112282
0.111720
0.107997
0.109259
0.107074
0.107535
0.107134
0.105053
0.105767
0.105474
0.102772
0.103224
0.101060
0.100590
0.100762
0.098958
0.098427
0.098806
0.097055
0.098923
0.096066
0.094371
0.094595
0.094346
0.096138
0.090353
0.092162
0.091777
0.088723
0.088263
0.089424
0.085624
0.086713
0.085161
0.085473
0.085948
0.086752
0.083718
0.086593
0.081468
0.081154
0.081175
0.081080
0.081671
0.077723
0.079240
0.078927
0.073946
0.075145
0.076589
0.075130
0.073050
0.072405
0.074619
0.075464
0.072443
0.072935
0.070147
0.072294
0.069670
0.068886
0.069090
0.068580
0.064870
0.065284
0.064907
0.065752
0.064335
0.062057
0.062278
0.064123
0.063514
0.062258
0.062303
0.062014
0.061830
0.061399
0.056377
0.056452
0.056405
0.054514
0.054073
0.056559
0.055922
0.056688
0.055631
0.058153
0.054357
0.053470
0.049794
0.050501
0.049866
0.049496
0.050523
0.051657
0.049576
0.049443
0.049718
0.048323
0.045261
0.047310
0.045886
0.045618
0.045314
0.044476
0.043496
0.045087
0.039732
0.041832
0.041517
0.041774
0.042583
0.040175
0.040905
0.043112
0.039274
0.039383
0.037831
0.038597
0.036130
0.036038
0.036253
0.034545
0.035663
0.034634
0.036159
0.034549
0.032819
0.034722
0.034458
0.032997
0.033314
0.032990
0.031243
0.029254
0.029020
0.028222
0.031079
0.030049
0.030306
0.029018
0.029716
0.027268
0.028028
0.026242
0.028310
0.025092
0.028198
0.026281
0.027398
0.026060
0.024531
0.023450
0.022166
0.022579
0.022725
0.021066
0.021289
0.023667
0.022853
0.026138
0.027008
0.027912
0.030964
0.030268
0.031513
0.031482
0.029812
0.027872
0.030043


