M_loss: 3, M_sym: 4300.0, M_power: 9000, M_bandwidth: 22.3872113856834
0.051384
0.049373
0.046276
0.038591
0.033272
0.027330
0.023283
0.027220
0.023429
0.026623
0.026475
0.028100
0.027213
0.028125
0.027472
0.026024
0.027955
0.032018
0.029929
0.028701
0.031600
0.029421
0.031128
0.030154
0.030052
0.032306
0.030997
0.033301
0.033544
0.034884
0.034426
0.034250
0.033152
0.035119
0.035361
0.037267
0.036766
0.035926
0.035999
0.037094
0.038368
0.038466
0.041259
0.039255
0.039499
0.037525
0.041041
0.042255
0.041374
0.042238
0.041954
0.043019
0.044015
0.043708
0.044246
0.045390
0.045470
0.045360
0.044226
0.046690
0.048345
0.048511
0.048828
0.048830
0.049009
0.049589
0.049432
0.050266
0.051704
0.051251
0.052646
0.054179
0.056216
0.051979
0.051866
0.054607
0.054621
0.057592
0.058133
0.055479
0.056097
0.059023
0.060078
0.060466
0.056523
0.061482
0.059440
0.060809
0.063879
0.063360
0.063704
0.061467
0.063823
0.063855
0.063985
0.065804
0.069834
0.066325
0.066743
0.067418
0.070458
0.069252
0.070006
0.067426
0.070693
0.071252
0.074261
0.072981
0.074190
0.073326
0.072926
0.075101
0.075630
0.078263
0.077269
0.078086
0.076359
0.077907
0.079677
0.079074
0.081499
0.082046
0.082988
0.081745
0.082740
0.082135
0.083584
0.087951
0.084037
0.086728
0.086399
0.086634
0.087465
0.087773
0.090521
0.090259
0.091963
0.090679
0.091857
0.091564
0.090728
0.095449
0.097366
0.095343
0.094634
0.093944
0.097879
0.098680
0.099441
0.098680
0.099529
0.099221
0.100513
0.103933
0.104899
0.103968
0.102180
0.102853
0.104103
0.105341
0.109872
0.108571
0.108322
0.109819
0.108068
0.109304
0.111300
0.109817
0.112968
0.110918
0.115729
0.116468
0.114404
0.114990
0.116335
0.118006
0.116536
0.119191
0.119412
0.118753
0.120015
0.122465
0.124314
0.122152
0.122544
0.122967
0.124720
0.124778
0.127359
0.125500
0.127645
0.130545
0.129241
0.128839
0.130543
0.130662
0.131000
0.133148
0.135155
0.135445
0.135092
0.134984
0.135140
0.135930
0.137189
0.139951
0.140393
0.141703
0.138815
0.140676
0.140679
0.142991
0.144986
0.146376
0.146710
0.145086
0.146129
0.144307
0.147800
0.150674
0.151796
0.151070
0.150157
0.149038
0.151955
0.154689
0.155058
0.155865
0.157049
0.155948
0.151676
0.158468
0.159103
0.160242
0.159294
0.161702
0.163478
0.160946
0.162592
0.160159
0.163767
0.165488
0.167160
0.166120
0.165778
0.169551
0.166302
0.170238
0.174151
0.169579
0.171381
0.170304
0.169160
0.175729
0.177001
0.174890
0.175189
0.175396
0.179591
0.178850
0.179570
0.178539
0.178201
0.179879
0.179792
0.183447
0.185253
0.182824
0.184217
0.185308
0.185720
0.183798
0.187342
0.190238
0.187917
0.189262
0.188680
0.190028
0.192275
0.193816
0.192651
0.190353
0.196026
0.197138
0.193367
0.193668
0.197443
0.198566
0.198978
0.197635
0.198962
0.201875
0.201171
0.200506
0.200485
0.204504
0.205490
0.202464
0.204917
0.206792
0.205134
0.203042
0.209869
0.209191
0.210070
0.208261
0.207381
0.211090
0.212227
0.212336
0.212769
0.211343
0.214823
0.217249
0.213892
0.214415
0.216712
0.216678
0.218230
0.216097
0.220148
0.221397
0.221067
0.216128
0.223403
0.222840
0.221961
0.223303
0.222384
0.224704
0.225307
0.226200
0.226353
0.228066
0.227484
0.227073
0.227981
0.228589
0.228666
0.231217
0.230980
0.231443
0.234661
0.232868
0.230479
0.233276
0.235029
0.232824
0.237791
0.235058
0.238587
0.234453
0.238437
0.237166
0.239133
0.239639
0.237724
0.240529
0.241870
0.241301
0.243087
0.240814
0.242898
0.241675
0.243119
0.246624
0.242927
0.246546
0.247073
0.245301
0.244042
0.246486
0.250278
0.247201
0.249124
0.248215
0.249792
0.250842
0.247446
0.250977
0.252400
0.252091
0.251208
0.253027
0.250387
0.254944
0.254201
0.255977
0.253566
0.254397
0.254472
0.255436
0.255789
0.256746
0.254798
0.258955
0.260650
0.258792
0.258170
0.258689
0.256051
0.256352
0.262337
0.261874
0.262603
0.262730
0.259802
0.260450
0.259012
0.262259
0.262341
0.264054
0.267114
0.262417
0.265664
0.260658
0.263476
0.264267
0.265716
0.265717
0.265658
0.262749
0.267824
0.267631
0.270416
0.265686
0.263306
0.264841
0.266997
0.269476
0.268485
0.268669
0.268102
0.268454
0.269966
0.269585
0.267770
0.267786
0.269010
0.267827
0.269894
0.270679
0.274531
0.270115
0.270166
0.267901
0.268349
0.271769
0.273009
0.270063
0.271427
0.272045
0.270125
0.271765
0.271984
0.269785
0.273053
0.268193
0.274061
0.272192
0.271666
0.274671
0.271333
0.271385
0.268426
0.271458
0.273436
0.273111
0.275534
0.269299
0.271751
0.270529
0.271687
0.273511
0.270780
0.278120
0.270092
0.271210
0.270706
0.273129
0.268684
0.271173
0.273478
0.272235
0.270955
0.271548
0.270674
0.270002
0.269888
0.273601
0.271305
0.270569
0.273614
0.270865
0.268927
0.264865
0.264596
0.264105
0.270348
0.275219
0.270296
0.272235
0.271723
0.272054
0.270234
0.272460
0.268410
0.267921
0.268487
0.267289
0.265827
0.265069
0.266097
0.268407
0.266048
0.267947
0.264412
0.261559
0.262618
0.260291
0.264590
0.259848
0.264051
0.268770
0.262078
0.257757
0.261073
0.264260
0.260253
0.256564
0.261226
0.258824
0.257784
0.261256
0.260920
0.258849
0.257370
0.254257
0.258206
0.257020
0.257485
0.256699
0.255509
0.256118
0.252993
0.253738
0.254459
0.253228
0.252909
0.252802
0.254093
0.252945
0.249461
0.247305
0.247746
0.253023
0.249765
0.249361
0.246779
0.244982
0.247253
0.246686
0.246807
0.244111
0.243233
0.243007
0.242467
0.241773
0.244761
0.241740
0.241737
0.238154
0.236355
0.239590
0.237390
0.238226
0.233549
0.241777
0.231794
0.234499
0.232694
0.235067
0.232405
0.230226
0.230560
0.227824
0.230216
0.228727
0.227527
0.227884
0.228613
0.225210
0.221321
0.222117
0.222545
0.223359
0.221196
0.219967
0.221949
0.216291
0.218161
0.213621
0.218119
0.212620
0.216369
0.216146
0.211607
0.208883
0.212806
0.210635
0.205508
0.208453
0.204522
0.205279
0.204773
0.208672
0.203869
0.200634
0.202147
0.199703
0.195339
0.198656
0.196568
0.199195
0.195687
0.194250
0.192137
0.189843
0.189627
0.191139
0.191580
0.186919
0.185678
0.187352
0.183069
0.184199
0.181077
0.182582
0.180524
0.176463
0.179759
0.177921
0.174667
0.174984
0.170521
0.173303
0.174088
0.170998
0.166992
0.165704
0.167178
0.166194
0.165719
0.162079
0.159685
0.161533
0.158340
0.160138
0.158651
0.155874
0.154508
0.149499
0.152163
0.151386
0.150713
0.149963
0.145214
0.145581
0.144915
0.145862
0.140979
0.137587
0.142027
0.139852
0.137655
0.132888
0.132735
0.135579
0.129787
0.133577
0.130535
0.125072
0.125656
0.124834
0.122481
0.123147
0.124129
0.119470
0.114240
0.119713
0.117797
0.112160
0.114524
0.109784
0.110532
0.108990
0.104779
0.107042
0.106388
0.099978
0.100931
0.100816
0.101251
0.096243
0.093313
0.091506
0.097472
0.092984
0.087507
0.088838
0.085961
0.086019
0.083046
0.082501
0.082908
0.079890
0.074874
0.077756
0.075449
0.072768
0.072509
0.068695
0.071907
0.065781
0.064726
0.066789
0.061505
0.060264
0.056837
0.061850
0.056125
0.060127
0.050806
0.051240
0.045880
0.047672
0.048358
0.046183
0.044260
0.039903
0.046055
0.037304
0.035912
0.037620
0.036461
0.028636
0.031249
0.030120
0.026175
0.023393
0.026890
0.026899
0.018565
0.019782
0.021337
0.015009
0.014211
0.012529
0.007613
0.009982
0.010231
0.006180
0.005116
0.003873
0.000548
0.000763
-0.001771
-0.004089
-0.004441
-0.011218
-0.008299
-0.009149
-0.011571
-0.012925
-0.015602
-0.017825
-0.020660
-0.016749
-0.025142
-0.024844
-0.026217
-0.028277
-0.028620
-0.031073
-0.031777
-0.034726
-0.033392
-0.038733
-0.043057
-0.039924
-0.041472
-0.044750
-0.045779
-0.050587
-0.050961
-0.050146
-0.052620
-0.055802
-0.058657
-0.056349
-0.062004
-0.063977
-0.062363
-0.065743
-0.068637
-0.067729
-0.069867
-0.072177
-0.076246
-0.075353
-0.078585
-0.078042
-0.083526
-0.081420
-0.087786
-0.084019
-0.090666
-0.091851
-0.087002
-0.094770
-0.095300
-0.095937
-0.100847
-0.099763
-0.103988
-0.103990
-0.107735
-0.103657
-0.108725
-0.111218
-0.116001
-0.113962
-0.114741
-0.117065
-0.124395
-0.121669
-0.124038
-0.121799
-0.125744
-0.129504
-0.129050
-0.133975
-0.134528
-0.137567
-0.133201
-0.140303
-0.140722
-0.143000
-0.142857
-0.146076
-0.149669
-0.146635
-0.151154
-0.154035
-0.151056
-0.158105
-0.162831
-0.159568
-0.156596
-0.158195
-0.164593
-0.171860
-0.171026
-0.169464
-0.167375
-0.171676
-0.176273
-0.174568
-0.175944
-0.183026
-0.182550
-0.184606
-0.184267
-0.186220
-0.184075
-0.191745
-0.191221
-0.193476
-0.196019
-0.197761
-0.196298
-0.198278
-0.202891
-0.200165
-0.206239
-0.206567
-0.214206
-0.206498
-0.208571
-0.213165
-0.212421
-0.215294
-0.220166
-0.221952
-0.218822
-0.218536
-0.228833
-0.224952
-0.224019
-0.232197
-0.228683
-0.230364
-0.238373
-0.232178
-0.232107
-0.243451
-0.241373
-0.238355
-0.241178
-0.246278
-0.244699
-0.245402
-0.251450
-0.251713
-0.250343
-0.250444
-0.256168
-0.255776
-0.257337
-0.259243
-0.259507
-0.262894
-0.263209
-0.264163
-0.270961
-0.265100
-0.268536
-0.268304
-0.276059
-0.271400
-0.275122
-0.273470
-0.280788
-0.280417
-0.281290
-0.284640
-0.280803
-0.281968
-0.292489
-0.281372
-0.287270
-0.290713
-0.295224
-0.292755
-0.296214
-0.292824
-0.297298
-0.299574
-0.299766
-0.299343
-0.300393
-0.302329
-0.309502
-0.301759
-0.309591
-0.306943
-0.310527
-0.310860
-0.311197
-0.315971
-0.311578
-0.316943
-0.315161
-0.318015
-0.320705
-0.324553
-0.319966
-0.325678
-0.318349
-0.320291
-0.327861
-0.331772
-0.333374
-0.325688
-0.332526
-0.328960
-0.334027
-0.336382
-0.329081
-0.342011
-0.336223
-0.337886
-0.340420
-0.339295
-0.339466
-0.339760
-0.347240
-0.346269
-0.345068
-0.344466
-0.349910
-0.347921
-0.352770
-0.345307
-0.351023
-0.350477
-0.356150
-0.352071
-0.356217
-0.354312
-0.355500
-0.357847
-0.360868
-0.362222
-0.357677
-0.361864
-0.359680
-0.365589
-0.363097
-0.364435
-0.367708
-0.366694
-0.364004
-0.362060
-0.371945
-0.370923
-0.364337
-0.373349
-0.372172
-0.366204
-0.370679
-0.375971
-0.369534
-0.375615
-0.375064
-0.378914
-0.373920
-0.378005
-0.375623
-0.377602
-0.380867
-0.375818
-0.380221
-0.377992
-0.385746
-0.383056
-0.378668
-0.381963
-0.383335
-0.386720
-0.384931
-0.383455
-0.382197
-0.385154
-0.388113
-0.384133
-0.392509
-0.385658
-0.386431
-0.387541
-0.389884
-0.390934
-0.386970
-0.384577
-0.394517
-0.391611
-0.389788
-0.392261
-0.385532
-0.391515
-0.391851
-0.393619
-0.392586
-0.395273
-0.386638
-0.391190
-0.393403
-0.394174
-0.394426
-0.387798
-0.394876
-0.397551
-0.393784
-0.391767
-0.391725
-0.392082
-0.397028
-0.391700
-0.396041
-0.395173
-0.393735
-0.393566
-0.394642
-0.391801
-0.395121
-0.392732
-0.396350
-0.393239
-0.391574
-0.394687
-0.397450
-0.394586
-0.389571
-0.392342
-0.392495
-0.398269
-0.389334
-0.394978
-0.393994
-0.387228
-0.394748
-0.392235
-0.394113
-0.391157
-0.388586
-0.391612
-0.393610
-0.388354
-0.392506
-0.389619
-0.388709
-0.386015
-0.389571
-0.387045
-0.390344
-0.389714
-0.386392
-0.386807
-0.387521
-0.382302
-0.388796
-0.389019
-0.379937
-0.380419
-0.389249
-0.382644
-0.380627
-0.382655
-0.379698
-0.386697
-0.377157
-0.378906
-0.379421
-0.379932
-0.376170
-0.377864
-0.375027
-0.376935
-0.379882
-0.369985
-0.374873
-0.371616
-0.370766
-0.371519
-0.372586
-0.367565
-0.372521
-0.370212
-0.363639
-0.367593
-0.363632
-0.366508
-0.364277
-0.364782
-0.359112
-0.364868
-0.360309
-0.357544
-0.360675
-0.356701
-0.359864
-0.351528
-0.353864
-0.356070
-0.354976
-0.347330
-0.350092
-0.353035
-0.344410
-0.348676
-0.347373
-0.346243
-0.344463
-0.339797
-0.345317
-0.337595
-0.339287
-0.336219
-0.340431
-0.334628
-0.332643
-0.337053
-0.329657
-0.329625
-0.327268
-0.331498
-0.328841
-0.322581
-0.322701
-0.322335
-0.324774
-0.322439
-0.315895
-0.318513
-0.311939
-0.321021
-0.310740
-0.307610
-0.309664
-0.313075
-0.302312
-0.308532
-0.303509
-0.303551
-0.300721
-0.301597
-0.298949
-0.294814
-0.293086
-0.292890
-0.293687
-0.292899
-0.290214
-0.286460
-0.281248
-0.281067
-0.284292
-0.282808
-0.281769
-0.272541
-0.278067
-0.266175
-0.275785
-0.275098
-0.265170
-0.266688
-0.261098
-0.264568
-0.262658
-0.261400
-0.260193
-0.252979
-0.252227
-0.253454
-0.247691
-0.249946
-0.245576
-0.240163
-0.245583
-0.241225
-0.244350
-0.231279
-0.235769
-0.231211
-0.235882
-0.224842
-0.224958
-0.227024
-0.222869
-0.218586
-0.221295
-0.214791
-0.211209
-0.222424
-0.208737
-0.208399
-0.203645
-0.199419
-0.205469
-0.197255
-0.200180
-0.194200
-0.200777
-0.188116
-0.187446
-0.183156
-0.184667
-0.182550
-0.184784
-0.174864
-0.177888
-0.171628
-0.167966
-0.169732
-0.169947
-0.164374
-0.159365
-0.164751
-0.152365
-0.151851
-0.156437
-0.148637
-0.144737
-0.147118
-0.141911
-0.140225
-0.145342
-0.132541
-0.130709
-0.132136
-0.127234
-0.127576
-0.121102
-0.121773
-0.119301
-0.117009
-0.114057
-0.106317
-0.108385
-0.108818
-0.105039
-0.099106
-0.097117
-0.092816
-0.094971
-0.093060
-0.086730
-0.084835
-0.084362
-0.080398
-0.079830
-0.070597
-0.071378
-0.072931
-0.066831
-0.059136
-0.061694
-0.061087
-0.058476
-0.054589
-0.045071
-0.053633
-0.041873
-0.041607
-0.039731
-0.038337
-0.036998
-0.029430
-0.027932
-0.023643
-0.026925
-0.023668
-0.014448
-0.012786
-0.011297
-0.011171
-0.006619
-0.003464
0.002636
0.000251
-0.000137
0.007623
0.011152
0.017964
0.018650
0.015301
0.020806
0.025927
0.026040
0.033370
0.035063
0.033386
0.038976
0.044750
0.045700
0.046411
0.051904
0.055245
0.058200
0.059497
0.062605
0.063811
0.073068
0.072190
0.073853
0.077933
0.080006
0.084050
0.091131
0.090676
0.086288
0.102671
0.096914
0.101057
0.107442
0.110278
0.112467
0.116598
0.112684
0.116641
0.130428
0.126020
0.128068
0.137265
0.135366
0.139598
0.139858
0.144308
0.152449
0.149607
0.156517
0.156852
0.157464
0.166188
0.172482
0.167568
0.171423
0.175199
0.176936
0.190309
0.184416
0.187509
0.191476
0.195662
0.200089
0.204299
0.201661
0.204246
0.215100
0.213565
0.214679
0.226053
0.222326
0.223625
0.229480
0.232903
0.242172
0.232885
0.240273
0.251252
0.249215
0.250877
0.255563
0.255478
0.264419
0.263945
0.266687
0.272123
0.275253
0.273391
0.285219
0.282216
0.286558
0.289095
0.298710
0.293641
0.301398
0.302940
0.307105
0.307952
0.309363
0.317756
0.320444
0.322092
0.322526
0.332040
0.333040
0.332444
0.341453
0.338979
0.342905
0.345981
0.351435
0.355693
0.356884
0.357703
0.363486
0.370531
0.370528
0.373432
0.372709
0.375006
0.382830
0.387912
0.392010
0.388097
0.396281
0.396962
0.398053
0.404813
0.405345
0.413539
0.408184
0.423457
0.420643
0.418935
0.424146
0.430575
0.437384
0.432737
0.433183
0.449095
0.439513
0.444938
0.454877
0.452286
0.460187
0.456997
0.464188
0.468129
0.466081
0.469324
0.478038
0.478888
0.484337
0.481253
0.485099
0.486623
0.500255
0.496378
0.500126
0.499400
0.512349
0.500886
0.507526
0.519133
0.516225
0.524742
0.521849
0.525886
0.531961
0.526791
0.539112
0.539396
0.542490
0.540213
0.544188
0.548221
0.558367
0.557382
0.556272
0.558145
0.569989
0.561586
0.568230
0.577124
0.577494
0.578876
0.580669
0.578260
0.589606
0.594276
0.597598
0.591719
0.591443
0.602088
0.613010
0.605879
0.609678
0.609740
0.618355
0.613768
0.623000
0.624958
0.624926
0.629539
0.628335
0.636134
0.638921
0.638899
0.643681
0.646707
0.645226
0.651472
0.648873
0.655696
0.661303
0.661393
0.659779
0.667109
0.670792
0.669768
0.674203
0.677874
0.676623
0.682216
0.685103
0.683786
0.689734
0.690284
0.694412
0.699844
0.697890
0.698809
0.701530
0.713266
0.708396
0.708098
0.715850
0.713878
0.721223
0.719335
0.724775
0.723552
0.728440
0.732791
0.732872
0.730613
0.744625
0.735255
0.740166
0.743572
0.752953
0.745654
0.753392
0.749995
0.756978
0.757286
0.760152
0.760593
0.765722
0.768180
0.763384
0.777476
0.770577
0.774352
0.778956
0.781379
0.773849
0.788582
0.782300
0.792629
0.786820
0.790840
0.791096
0.797860
0.798817
0.800148
0.796261
0.805924
0.806155
0.807957
0.809922
0.811867
0.807536
0.819990
0.812220
0.820024
0.818941
0.830388
0.820554
0.816117
0.833835
0.833125
0.827947
0.834524
0.830495
0.839732
0.837390
0.842247
0.834892
0.845747
0.849337
0.841592
0.846338
0.853518
0.848011
0.853633
0.853274
0.857507
0.856571
0.861653
0.860052
0.860399
0.856525
0.870528
0.868055
0.868664
0.867995
0.868359
0.874978
0.875203
0.865737
0.882208
0.877972
0.881286
0.877359
0.878975
0.883597
0.881251
0.889374
0.888695
0.886065
0.888121
0.889277
0.890772
0.898048
0.885926
0.897697
0.896912
0.894102
0.900433
0.900148
0.897550
0.900439
0.906999
0.899477
0.906448
0.900504
0.910732
0.904766
0.910409
0.905747
0.911649
0.918440
0.909167
0.905960
0.920057
0.909528
0.908483
0.923367
0.918432
0.913237
0.923189
0.916757
0.915659
0.923322
0.909639
0.941259
0.916374
0.918133
0.923963
0.925253
0.924939
0.927042
0.926617
0.928251
0.919610
0.930746
0.932693
0.922550
0.931167
0.926654
0.932742
0.930169
0.926322
0.932325
0.934250
0.935554
0.929038
0.931059
0.932109
0.934239
0.934914
0.928945
0.936621
0.933581
0.935104
0.930054
0.936414
0.936612
0.932300
0.939484
0.934464
0.934166
0.935842
0.930360
0.937713
0.933004
0.939501
0.934373
0.939501
0.933004
0.937713
0.930360
0.935842
0.934166
0.934464
0.939484
0.932300
0.936612
0.936414
0.930054
0.935104
0.933581
0.936621
0.928945
0.934914
0.934239
0.932109
0.931059
0.929038
0.935554
0.934250
0.932325
0.926322
0.930169
0.932742
0.926654
0.931167
0.922550
0.932693
0.930746
0.919610
0.928251
0.926617
0.927042
0.924939
0.925253
0.923963
0.918133
0.916374
0.941259
0.909639
0.923322
0.915659
0.916757
0.923189
0.913237
0.918432
0.923367
0.908483
0.909528
0.920057
0.905960
0.909167
0.918440
0.911649
0.905747
0.910409
0.904766
0.910732
0.900504
0.906448
0.899477
0.906999
0.900439
0.897550
0.900148
0.900433
0.894102
0.896912
0.897697
0.885926
0.898048
0.890772
0.889277
0.888121
0.886065
0.888695
0.889374
0.881251
0.883597
0.878975
0.877359
0.881286
0.877972
0.882208
0.865737
0.875203
0.874978
0.868359
0.867995
0.868664
0.868055
0.870528
0.856525
0.860399
0.860052
0.861653
0.856571
0.857507
0.853274
0.853633
0.848011
0.853518
0.846338
0.841592
0.849337
0.845747
0.834892
0.842247
0.837390
0.839732
0.830495
0.834524
0.827947
0.833125
0.833835
0.816117
0.820554
0.830388
0.818941
0.820024
0.812220
0.819990
0.807536
0.811867
0.809922
0.807957
0.806155
0.805924
0.796261
0.800148
0.798817
0.797860
0.791096
0.790840
0.786820
0.792629
0.782300
0.788582
0.773849
0.781379
0.778956
0.774352
0.770577
0.777476
0.763384
0.768180
0.765722
0.760593
0.760152
0.757286
0.756978
0.749995
0.753392
0.745654
0.752953
0.743572
0.740166
0.735255
0.744625
0.730613
0.732872
0.732791
0.728440
0.723552
0.724775
0.719335
0.721223
0.713878
0.715850
0.708098
0.708396
0.713266
0.701530
0.698809
0.697890
0.699844
0.694412
0.690284
0.689734
0.683786
0.685103
0.682216
0.676623
0.677874
0.674203
0.669768
0.670792
0.667109
0.659779
0.661393
0.661303
0.655696
0.648873
0.651472
0.645226
0.646707
0.643681
0.638899
0.638921
0.636134
0.628335
0.629539
0.624926
0.624958
0.623000
0.613768
0.618355
0.609740
0.609678
0.605879
0.613010
0.602088
0.591443
0.591719
0.597598
0.594276
0.589606
0.578260
0.580669
0.578876
0.577494
0.577124
0.568230
0.561586
0.569989
0.558145
0.556272
0.557382
0.558367
0.548221
0.544188
0.540213
0.542490
0.539396
0.539112
0.526791
0.531961
0.525886
0.521849
0.524742
0.516225
0.519133
0.507526
0.500886
0.512349
0.499400
0.500126
0.496378
0.500255
0.486623
0.485099
0.481253
0.484337
0.478888
0.478038
0.469324
0.466081
0.468129
0.464188
0.456997
0.460187
0.452286
0.454877
0.444938
0.439513
0.449095
0.433183
0.432737
0.437384
0.430575
0.424146
0.418935
0.420643
0.423457
0.408184
0.413539
0.405345
0.404813
0.398053
0.396962
0.396281
0.388097
0.392010
0.387912
0.382830
0.375006
0.372709
0.373432
0.370528
0.370531
0.363486
0.357703
0.356884
0.355693
0.351435
0.345981
0.342905
0.338979
0.341453
0.332444
0.333040
0.332040
0.322526
0.322092
0.320444
0.317756
0.309363
0.307952
0.307105
0.302940
0.301398
0.293641
0.298710
0.289095
0.286558
0.282216
0.285219
0.273391
0.275253
0.272123
0.266687
0.263945
0.264419
0.255478
0.255563
0.250877
0.249215
0.251252
0.240273
0.232885
0.242172
0.232903
0.229480
0.223625
0.222326
0.226053
0.214679
0.213565
0.215100
0.204246
0.201661
0.204299
0.200089
0.195662
0.191476
0.187509
0.184416
0.190309
0.176936
0.175199
0.171423
0.167568
0.172482
0.166188
0.157464
0.156852
0.156517
0.149607
0.152449
0.144308
0.139858
0.139598
0.135366
0.137265
0.128068
0.126020
0.130428
0.116641
0.112684
0.116598
0.112467
0.110278
0.107442
0.101057
0.096914
0.102671
0.086288
0.090676
0.091131
0.084050
0.080006
0.077933
0.073853
0.072190
0.073068
0.063811
0.062605
0.059497
0.058200
0.055245
0.051904
0.046411
0.045700
0.044750
0.038976
0.033386
0.035063
0.033370
0.026040
0.025927
0.020806
0.015301
0.018650
0.017964
0.011152
0.007623
-0.000137
0.000251
0.002636
-0.003464
-0.006619
-0.011171
-0.011297
-0.012786
-0.014448
-0.023668
-0.026925
-0.023643
-0.027932
-0.029430
-0.036998
-0.038337
-0.039731
-0.041607
-0.041873
-0.053633
-0.045071
-0.054589
-0.058476
-0.061087
-0.061694
-0.059136
-0.066831
-0.072931
-0.071378
-0.070597
-0.079830
-0.080398
-0.084362
-0.084835
-0.086730
-0.093060
-0.094971
-0.092816
-0.097117
-0.099106
-0.105039
-0.108818
-0.108385
-0.106317
-0.114057
-0.117009
-0.119301
-0.121773
-0.121102
-0.127576
-0.127234
-0.132136
-0.130709
-0.132541
-0.145342
-0.140225
-0.141911
-0.147118
-0.144737
-0.148637
-0.156437
-0.151851
-0.152365
-0.164751
-0.159365
-0.164374
-0.169947
-0.169732
-0.167966
-0.171628
-0.177888
-0.174864
-0.184784
-0.182550
-0.184667
-0.183156
-0.187446
-0.188116
-0.200777
-0.194200
-0.200180
-0.197255
-0.205469
-0.199419
-0.203645
-0.208399
-0.208737
-0.222424
-0.211209
-0.214791
-0.221295
-0.218586
-0.222869
-0.227024
-0.224958
-0.224842
-0.235882
-0.231211
-0.235769
-0.231279
-0.244350
-0.241225
-0.245583
-0.240163
-0.245576
-0.249946
-0.247691
-0.253454
-0.252227
-0.252979
-0.260193
-0.261400
-0.262658
-0.264568
-0.261098
-0.266688
-0.265170
-0.275098
-0.275785
-0.266175
-0.278067
-0.272541
-0.281769
-0.282808
-0.284292
-0.281067
-0.281248
-0.286460
-0.290214
-0.292899
-0.293687
-0.292890
-0.293086
-0.294814
-0.298949
-0.301597
-0.300721
-0.303551
-0.303509
-0.308532
-0.302312
-0.313075
-0.309664
-0.307610
-0.310740
-0.321021
-0.311939
-0.318513
-0.315895
-0.322439
-0.324774
-0.322335
-0.322701
-0.322581
-0.328841
-0.331498
-0.327268
-0.329625
-0.329657
-0.337053
-0.332643
-0.334628
-0.340431
-0.336219
-0.339287
-0.337595
-0.345317
-0.339797
-0.344463
-0.346243
-0.347373
-0.348676
-0.344410
-0.353035
-0.350092
-0.347330
-0.354976
-0.356070
-0.353864
-0.351528
-0.359864
-0.356701
-0.360675
-0.357544
-0.360309
-0.364868
-0.359112
-0.364782
-0.364277
-0.366508
-0.363632
-0.367593
-0.363639
-0.370212
-0.372521
-0.367565
-0.372586
-0.371519
-0.370766
-0.371616
-0.374873
-0.369985
-0.379882
-0.376935
-0.375027
-0.377864
-0.376170
-0.379932
-0.379421
-0.378906
-0.377157
-0.386697
-0.379698
-0.382655
-0.380627
-0.382644
-0.389249
-0.380419
-0.379937
-0.389019
-0.388796
-0.382302
-0.387521
-0.386807
-0.386392
-0.389714
-0.390344
-0.387045
-0.389571
-0.386015
-0.388709
-0.389619
-0.392506
-0.388354
-0.393610
-0.391612
-0.388586
-0.391157
-0.394113
-0.392235
-0.394748
-0.387228
-0.393994
-0.394978
-0.389334
-0.398269
-0.392495
-0.392342
-0.389571
-0.394586
-0.397450
-0.394687
-0.391574
-0.393239
-0.396350
-0.392732
-0.395121
-0.391801
-0.394642
-0.393566
-0.393735
-0.395173
-0.396041
-0.391700
-0.397028
-0.392082
-0.391725
-0.391767
-0.393784
-0.397551
-0.394876
-0.387798
-0.394426
-0.394174
-0.393403
-0.391190
-0.386638
-0.395273
-0.392586
-0.393619
-0.391851
-0.391515
-0.385532
-0.392261
-0.389788
-0.391611
-0.394517
-0.384577
-0.386970
-0.390934
-0.389884
-0.387541
-0.386431
-0.385658
-0.392509
-0.384133
-0.388113
-0.385154
-0.382197
-0.383455
-0.384931
-0.386720
-0.383335
-0.381963
-0.378668
-0.383056
-0.385746
-0.377992
-0.380221
-0.375818
-0.380867
-0.377602
-0.375623
-0.378005
-0.373920
-0.378914
-0.375064
-0.375615
-0.369534
-0.375971
-0.370679
-0.366204
-0.372172
-0.373349
-0.364337
-0.370923
-0.371945
-0.362060
-0.364004
-0.366694
-0.367708
-0.364435
-0.363097
-0.365589
-0.359680
-0.361864
-0.357677
-0.362222
-0.360868
-0.357847
-0.355500
-0.354312
-0.356217
-0.352071
-0.356150
-0.350477
-0.351023
-0.345307
-0.352770
-0.347921
-0.349910
-0.344466
-0.345068
-0.346269
-0.347240
-0.339760
-0.339466
-0.339295
-0.340420
-0.337886
-0.336223
-0.342011
-0.329081
-0.336382
-0.334027
-0.328960
-0.332526
-0.325688
-0.333374
-0.331772
-0.327861
-0.320291
-0.318349
-0.325678
-0.319966
-0.324553
-0.320705
-0.318015
-0.315161
-0.316943
-0.311578
-0.315971
-0.311197
-0.310860
-0.310527
-0.306943
-0.309591
-0.301759
-0.309502
-0.302329
-0.300393
-0.299343
-0.299766
-0.299574
-0.297298
-0.292824
-0.296214
-0.292755
-0.295224
-0.290713
-0.287270
-0.281372
-0.292489
-0.281968
-0.280803
-0.284640
-0.281290
-0.280417
-0.280788
-0.273470
-0.275122
-0.271400
-0.276059
-0.268304
-0.268536
-0.265100
-0.270961
-0.264163
-0.263209
-0.262894
-0.259507
-0.259243
-0.257337
-0.255776
-0.256168
-0.250444
-0.250343
-0.251713
-0.251450
-0.245402
-0.244699
-0.246278
-0.241178
-0.238355
-0.241373
-0.243451
-0.232107
-0.232178
-0.238373
-0.230364
-0.228683
-0.232197
-0.224019
-0.224952
-0.228833
-0.218536
-0.218822
-0.221952
-0.220166
-0.215294
-0.212421
-0.213165
-0.208571
-0.206498
-0.214206
-0.206567
-0.206239
-0.200165
-0.202891
-0.198278
-0.196298
-0.197761
-0.196019
-0.193476
-0.191221
-0.191745
-0.184075
-0.186220
-0.184267
-0.184606
-0.182550
-0.183026
-0.175944
-0.174568
-0.176273
-0.171676
-0.167375
-0.169464
-0.171026
-0.171860
-0.164593
-0.158195
-0.156596
-0.159568
-0.162831
-0.158105
-0.151056
-0.154035
-0.151154
-0.146635
-0.149669
-0.146076
-0.142857
-0.143000
-0.140722
-0.140303
-0.133201
-0.137567
-0.134528
-0.133975
-0.129050
-0.129504
-0.125744
-0.121799
-0.124038
-0.121669
-0.124395
-0.117065
-0.114741
-0.113962
-0.116001
-0.111218
-0.108725
-0.103657
-0.107735
-0.103990
-0.103988
-0.099763
-0.100847
-0.095937
-0.095300
-0.094770
-0.087002
-0.091851
-0.090666
-0.084019
-0.087786
-0.081420
-0.083526
-0.078042
-0.078585
-0.075353
-0.076246
-0.072177
-0.069867
-0.067729
-0.068637
-0.065743
-0.062363
-0.063977
-0.062004
-0.056349
-0.058657
-0.055802
-0.052620
-0.050146
-0.050961
-0.050587
-0.045779
-0.044750
-0.041472
-0.039924
-0.043057
-0.038733
-0.033392
-0.034726
-0.031777
-0.031073
-0.028620
-0.028277
-0.026217
-0.024844
-0.025142
-0.016749
-0.020660
-0.017825
-0.015602
-0.012925
-0.011571
-0.009149
-0.008299
-0.011218
-0.004441
-0.004089
-0.001771
0.000763
0.000548
0.003873
0.005116
0.006180
0.010231
0.009982
0.007613
0.012529
0.014211
0.015009
0.021337
0.019782
0.018565
0.026899
0.026890
0.023393
0.026175
0.030120
0.031249
0.028636
0.036461
0.037620
0.035912
0.037304
0.046055
0.039903
0.044260
0.046183
0.048358
0.047672
0.045880
0.051240
0.050806
0.060127
0.056125
0.061850
0.056837
0.060264
0.061505
0.066789
0.064726
0.065781
0.071907
0.068695
0.072509
0.072768
0.075449
0.077756
0.074874
0.079890
0.082908
0.082501
0.083046
0.086019
0.085961
0.088838
0.087507
0.092984
0.097472
0.091506
0.093313
0.096243
0.101251
0.100816
0.100931
0.099978
0.106388
0.107042
0.104779
0.108990
0.110532
0.109784
0.114524
0.112160
0.117797
0.119713
0.114240
0.119470
0.124129
0.123147
0.122481
0.124834
0.125656
0.125072
0.130535
0.133577
0.129787
0.135579
0.132735
0.132888
0.137655
0.139852
0.142027
0.137587
0.140979
0.145862
0.144915
0.145581
0.145214
0.149963
0.150713
0.151386
0.152163
0.149499
0.154508
0.155874
0.158651
0.160138
0.158340
0.161533
0.159685
0.162079
0.165719
0.166194
0.167178
0.165704
0.166992
0.170998
0.174088
0.173303
0.170521
0.174984
0.174667
0.177921
0.179759
0.176463
0.180524
0.182582
0.181077
0.184199
0.183069
0.187352
0.185678
0.186919
0.191580
0.191139
0.189627
0.189843
0.192137
0.194250
0.195687
0.199195
0.196568
0.198656
0.195339
0.199703
0.202147
0.200634
0.203869
0.208672
0.204773
0.205279
0.204522
0.208453
0.205508
0.210635
0.212806
0.208883
0.211607
0.216146
0.216369
0.212620
0.218119
0.213621
0.218161
0.216291
0.221949
0.219967
0.221196
0.223359
0.222545
0.222117
0.221321
0.225210
0.228613
0.227884
0.227527
0.228727
0.230216
0.227824
0.230560
0.230226
0.232405
0.235067
0.232694
0.234499
0.231794
0.241777
0.233549
0.238226
0.237390
0.239590
0.236355
0.238154
0.241737
0.241740
0.244761
0.241773
0.242467
0.243007
0.243233
0.244111
0.246807
0.246686
0.247253
0.244982
0.246779
0.249361
0.249765
0.253023
0.247746
0.247305
0.249461
0.252945
0.254093
0.252802
0.252909
0.253228
0.254459
0.253738
0.252993
0.256118
0.255509
0.256699
0.257485
0.257020
0.258206
0.254257
0.257370
0.258849
0.260920
0.261256
0.257784
0.258824
0.261226
0.256564
0.260253
0.264260
0.261073
0.257757
0.262078
0.268770
0.264051
0.259848
0.264590
0.260291
0.262618
0.261559
0.264412
0.267947
0.266048
0.268407
0.266097
0.265069
0.265827
0.267289
0.268487
0.267921
0.268410
0.272460
0.270234
0.272054
0.271723
0.272235
0.270296
0.275219
0.270348
0.264105
0.264596
0.264865
0.268927
0.270865
0.273614
0.270569
0.271305
0.273601
0.269888
0.270002
0.270674
0.271548
0.270955
0.272235
0.273478
0.271173
0.268684
0.273129
0.270706
0.271210
0.270092
0.278120
0.270780
0.273511
0.271687
0.270529
0.271751
0.269299
0.275534
0.273111
0.273436
0.271458
0.268426
0.271385
0.271333
0.274671
0.271666
0.272192
0.274061
0.268193
0.273053
0.269785
0.271984
0.271765
0.270125
0.272045
0.271427
0.270063
0.273009
0.271769
0.268349
0.267901
0.270166
0.270115
0.274531
0.270679
0.269894
0.267827
0.269010
0.267786
0.267770
0.269585
0.269966
0.268454
0.268102
0.268669
0.268485
0.269476
0.266997
0.264841
0.263306
0.265686
0.270416
0.267631
0.267824
0.262749
0.265658
0.265717
0.265716
0.264267
0.263476
0.260658
0.265664
0.262417
0.267114
0.264054
0.262341
0.262259
0.259012
0.260450
0.259802
0.262730
0.262603
0.261874
0.262337
0.256352
0.256051
0.258689
0.258170
0.258792
0.260650
0.258955
0.254798
0.256746
0.255789
0.255436
0.254472
0.254397
0.253566
0.255977
0.254201
0.254944
0.250387
0.253027
0.251208
0.252091
0.252400
0.250977
0.247446
0.250842
0.249792
0.248215
0.249124
0.247201
0.250278
0.246486
0.244042
0.245301
0.247073
0.246546
0.242927
0.246624
0.243119
0.241675
0.242898
0.240814
0.243087
0.241301
0.241870
0.240529
0.237724
0.239639
0.239133
0.237166
0.238437
0.234453
0.238587
0.235058
0.237791
0.232824
0.235029
0.233276
0.230479
0.232868
0.234661
0.231443
0.230980
0.231217
0.228666
0.228589
0.227981
0.227073
0.227484
0.228066
0.226353
0.226200
0.225307
0.224704
0.222384
0.223303
0.221961
0.222840
0.223403
0.216128
0.221067
0.221397
0.220148
0.216097
0.218230
0.216678
0.216712
0.214415
0.213892
0.217249
0.214823
0.211343
0.212769
0.212336
0.212227
0.211090
0.207381
0.208261
0.210070
0.209191
0.209869
0.203042
0.205134
0.206792
0.204917
0.202464
0.205490
0.204504
0.200485
0.200506
0.201171
0.201875
0.198962
0.197635
0.198978
0.198566
0.197443
0.193668
0.193367
0.197138
0.196026
0.190353
0.192651
0.193816
0.192275
0.190028
0.188680
0.189262
0.187917
0.190238
0.187342
0.183798
0.185720
0.185308
0.184217
0.182824
0.185253
0.183447
0.179792
0.179879
0.178201
0.178539
0.179570
0.178850
0.179591
0.175396
0.175189
0.174890
0.177001
0.175729
0.169160
0.170304
0.171381
0.169579
0.174151
0.170238
0.166302
0.169551
0.165778
0.166120
0.167160
0.165488
0.163767
0.160159
0.162592
0.160946
0.163478
0.161702
0.159294
0.160242
0.159103
0.158468
0.151676
0.155948
0.157049
0.155865
0.155058
0.154689
0.151955
0.149038
0.150157
0.151070
0.151796
0.150674
0.147800
0.144307
0.146129
0.145086
0.146710
0.146376
0.144986
0.142991
0.140679
0.140676
0.138815
0.141703
0.140393
0.139951
0.137189
0.135930
0.135140
0.134984
0.135092
0.135445
0.135155
0.133148
0.131000
0.130662
0.130543
0.128839
0.129241
0.130545
0.127645
0.125500
0.127359
0.124778
0.124720
0.122967
0.122544
0.122152
0.124314
0.122465
0.120015
0.118753
0.119412
0.119191
0.116536
0.118006
0.116335
0.114990
0.114404
0.116468
0.115729
0.110918
0.112968
0.109817
0.111300
0.109304
0.108068
0.109819
0.108322
0.108571
0.109872
0.105341
0.104103
0.102853
0.102180
0.103968
0.104899
0.103933
0.100513
0.099221
0.099529
0.098680
0.099441
0.098680
0.097879
0.093944
0.094634
0.095343
0.097366
0.095449
0.090728
0.091564
0.091857
0.090679
0.091963
0.090259
0.090521
0.087773
0.087465
0.086634
0.086399
0.086728
0.084037
0.087951
0.083584
0.082135
0.082740
0.081745
0.082988
0.082046
0.081499
0.079074
0.079677
0.077907
0.076359
0.078086
0.077269
0.078263
0.075630
0.075101
0.072926
0.073326
0.074190
0.072981
0.074261
0.071252
0.070693
0.067426
0.070006
0.069252
0.070458
0.067418
0.066743
0.066325
0.069834
0.065804
0.063985
0.063855
0.063823
0.061467
0.063704
0.063360
0.063879
0.060809
0.059440
0.061482
0.056523
0.060466
0.060078
0.059023
0.056097
0.055479
0.058133
0.057592
0.054621
0.054607
0.051866
0.051979
0.056216
0.054179
0.052646
0.051251
0.051704
0.050266
0.049432
0.049589
0.049009
0.048830
0.048828
0.048511
0.048345
0.046690
0.044226
0.045360
0.045470
0.045390
0.044246
0.043708
0.044015
0.043019
0.041954
0.042238
0.041374
0.042255
0.041041
0.037525
0.039499
0.039255
0.041259
0.038466
0.038368
0.037094
0.035999
0.035926
0.036766
0.037267
0.035361
0.035119
0.033152
0.034250
0.034426
0.034884
0.033544
0.033301
0.030997
0.032306
0.030052
0.030154
0.031128
0.029421
0.031600
0.028701
0.029929
0.032018
0.027955
0.026024
0.027472
0.028125
0.027213
0.028100
0.026475
0.026623
0.023429
0.027220
0.023283
0.027330
0.033272
0.038591
0.046276
0.049373
0.051384


