M_loss: 10, M_sym: 4300.0, M_power: 9000, M_bandwidth: 22.3872113856834
0.020160
0.015130
0.018660
0.018415
0.018924
0.018964
0.018191
0.018825
0.015367
0.016785
0.013977
0.013713
0.010766
0.013073
0.011328
0.009707
0.009303
0.011008
0.011023
0.011083
0.012873
0.008930
0.013027
0.012995
0.011684
0.012331
0.011840
0.011791
0.011879
0.012509
0.013010
0.012536
0.013420
0.012678
0.011902
0.014211
0.014720
0.014364
0.013738
0.016558
0.014232
0.014626
0.015067
0.015168
0.015257
0.012677
0.014871
0.015017
0.015566
0.015189
0.014054
0.014901
0.015526
0.015120
0.018353
0.018367
0.016866
0.017161
0.016299
0.016361
0.017354
0.020632
0.017272
0.017957
0.020388
0.016408
0.019183
0.017562
0.018076
0.019042
0.018139
0.019888
0.019030
0.020046
0.020310
0.020146
0.019362
0.019034
0.018776
0.020150
0.020413
0.019237
0.022077
0.023224
0.021458
0.021306
0.024733
0.021678
0.022727
0.022132
0.021908
0.023249
0.024028
0.023726
0.022643
0.025822
0.023124
0.024336
0.024250
0.024326
0.025368
0.022078
0.025073
0.023407
0.023164
0.025854
0.024974
0.024642
0.026202
0.027003
0.027217
0.027082
0.028721
0.025750
0.029496
0.027582
0.028983
0.027977
0.027914
0.026401
0.025182
0.027207
0.027266
0.027987
0.028472
0.029162
0.028945
0.031019
0.028980
0.031347
0.029917
0.030131
0.031754
0.031696
0.032232
0.031128
0.030914
0.031684
0.031040
0.031903
0.030727
0.032289
0.033759
0.030360
0.032133
0.032156
0.033528
0.034746
0.034394
0.034665
0.032367
0.033211
0.033934
0.035750
0.034633
0.033885
0.035338
0.035185
0.035069
0.038572
0.036586
0.039164
0.037620
0.036713
0.035624
0.039210
0.037912
0.037929
0.036056
0.036667
0.038577
0.036055
0.035966
0.035244
0.037980
0.039380
0.040539
0.040263
0.040944
0.040675
0.043374
0.043091
0.043257
0.042970
0.041905
0.040023
0.040525
0.041108
0.040386
0.040718
0.041618
0.041545
0.043069
0.042195
0.044806
0.041985
0.043946
0.043252
0.045012
0.044643
0.043033
0.045880
0.045196
0.045218
0.046073
0.046635
0.048705
0.046784
0.046010
0.049049
0.044508
0.045176
0.046931
0.046394
0.047978
0.046168
0.049097
0.046815
0.048771
0.048240
0.045589
0.049107
0.049408
0.049767
0.050272
0.049523
0.051193
0.050512
0.052423
0.052784
0.051245
0.051558
0.051354
0.050185
0.051709
0.050779
0.050892
0.050659
0.051908
0.051600
0.050082
0.052884
0.053268
0.055680
0.055767
0.053977
0.053478
0.055388
0.055677
0.054366
0.053406
0.053896
0.053726
0.054441
0.053733
0.055162
0.056594
0.055665
0.053946
0.058032
0.056196
0.056857
0.055663
0.056331
0.056591
0.058745
0.056735
0.054490
0.055599
0.056476
0.058816
0.056722
0.059678
0.059219
0.055797
0.058914
0.058097
0.059157
0.058923
0.058499
0.059536
0.058971
0.059449
0.058821
0.059719
0.060764
0.058609
0.058733
0.060079
0.061425
0.058772
0.061084
0.060030
0.060169
0.058069
0.060378
0.060071
0.060644
0.063758
0.060219
0.063926
0.062776
0.062262
0.061693
0.062729
0.059797
0.062876
0.060184
0.061277
0.060312
0.058525
0.061807
0.061483
0.062622
0.061824
0.063891
0.062550
0.061957
0.067328
0.063951
0.064261
0.063537
0.062890
0.062625
0.064785
0.062206
0.061540
0.062337
0.063154
0.062865
0.063597
0.063893
0.062920
0.063817
0.065183
0.063844
0.063626
0.065096
0.064805
0.064003
0.065956
0.064669
0.062026
0.064335
0.062421
0.064049
0.063752
0.064896
0.065376
0.063447
0.065552
0.065085
0.064938
0.065331
0.064918
0.065688
0.064615
0.065744
0.066150
0.065106
0.063660
0.065040
0.062873
0.063808
0.065460
0.062955
0.065097
0.064387
0.065415
0.064693
0.065618
0.068634
0.064425
0.068360
0.064735
0.066323
0.064093
0.062807
0.061887
0.064609
0.062398
0.064342
0.063774
0.062912
0.069193
0.064315
0.066655
0.063449
0.067039
0.062818
0.064893
0.065837
0.064994
0.064073
0.065235
0.064000
0.063889
0.064378
0.063200
0.064065
0.064226
0.064578
0.063171
0.064357
0.062731
0.060823
0.062684
0.060599
0.061814
0.064175
0.064169
0.063362
0.064456
0.063900
0.064462
0.063437
0.064240
0.062540
0.063902
0.060824
0.060850
0.059101
0.063083
0.059787
0.064310
0.061859
0.060359
0.059916
0.059574
0.059078
0.060536
0.059800
0.059675
0.061713
0.062877
0.060110
0.059404
0.059255
0.059372
0.060595
0.059075
0.059627
0.058123
0.057975
0.059560
0.057619
0.060077
0.056923
0.055616
0.055147
0.058747
0.056807
0.056705
0.055843
0.055819
0.053617
0.057899
0.054910
0.054796
0.055249
0.055036
0.054794
0.056327
0.053850
0.055201
0.054734
0.054352
0.054390
0.050521
0.053707
0.052081
0.054432
0.050705
0.052755
0.051164
0.051414
0.050123
0.051928
0.051218
0.048811
0.049244
0.049719
0.048408
0.048197
0.045232
0.048339
0.046596
0.045768
0.045756
0.045522
0.044358
0.046262
0.043408
0.048150
0.048777
0.046401
0.048102
0.044435
0.047166
0.044708
0.045533
0.041134
0.043631
0.043978
0.045217
0.044513
0.044069
0.041789
0.040546
0.039625
0.039661
0.039042
0.040593
0.039595
0.037786
0.036231
0.038131
0.037482
0.035717
0.037127
0.038006
0.035626
0.037961
0.034684
0.035073
0.034064
0.031047
0.031219
0.029476
0.030555
0.032742
0.030909
0.031050
0.031005
0.029356
0.031763
0.030641
0.027491
0.029105
0.029462
0.027418
0.026916
0.026878
0.022050
0.025906
0.022222
0.025995
0.021956
0.023499
0.025402
0.021477
0.022905
0.020063
0.020628
0.019945
0.020936
0.020388
0.021428
0.018023
0.019847
0.019235
0.018843
0.015354
0.015267
0.014477
0.016268
0.015056
0.013869
0.015729
0.009498
0.013715
0.011859
0.013143
0.009572
0.013534
0.007095
0.011040
0.011080
0.007909
0.008999
0.006514
0.009235
0.006681
0.009831
0.001791
0.005498
0.002669
0.001425
0.003655
0.001935
0.002531
0.001969
-0.000735
0.000332
-0.001439
-0.000628
-0.001789
-0.003559
-0.002251
-0.001474
-0.002402
-0.005294
-0.004416
-0.005006
-0.007050
-0.005654
-0.009187
-0.007928
-0.008093
-0.011282
-0.011353
-0.009886
-0.011909
-0.010493
-0.012927
-0.011620
-0.015859
-0.015577
-0.014892
-0.019897
-0.015358
-0.017151
-0.018263
-0.020079
-0.017897
-0.020177
-0.019848
-0.019238
-0.019540
-0.023214
-0.023008
-0.024751
-0.025538
-0.027991
-0.027992
-0.030272
-0.025944
-0.029447
-0.027639
-0.030382
-0.025223
-0.031492
-0.029609
-0.030405
-0.035187
-0.032098
-0.036075
-0.037062
-0.035851
-0.039040
-0.038753
-0.037786
-0.038192
-0.039755
-0.039103
-0.040487
-0.041204
-0.043746
-0.042472
-0.046715
-0.043241
-0.043080
-0.044967
-0.044045
-0.049141
-0.046304
-0.052620
-0.052316
-0.049193
-0.051932
-0.050801
-0.051521
-0.055463
-0.055137
-0.056255
-0.055407
-0.056136
-0.057769
-0.058223
-0.057061
-0.062330
-0.056895
-0.061703
-0.059436
-0.063352
-0.063986
-0.062496
-0.065740
-0.062824
-0.070326
-0.065870
-0.068319
-0.067739
-0.069254
-0.067888
-0.071688
-0.071842
-0.070602
-0.076509
-0.072595
-0.076004
-0.074876
-0.078732
-0.075456
-0.074157
-0.078664
-0.079076
-0.079788
-0.081421
-0.079885
-0.080958
-0.082592
-0.085807
-0.085204
-0.083661
-0.085116
-0.086453
-0.090319
-0.090329
-0.088591
-0.089868
-0.089158
-0.091739
-0.090691
-0.091342
-0.092847
-0.095088
-0.095226
-0.097445
-0.096228
-0.097985
-0.098249
-0.100700
-0.099582
-0.099016
-0.102779
-0.100630
-0.104254
-0.104374
-0.105729
-0.103575
-0.110662
-0.104708
-0.105866
-0.109545
-0.108475
-0.107294
-0.108267
-0.109570
-0.115943
-0.114597
-0.114035
-0.116667
-0.115923
-0.114961
-0.117589
-0.119823
-0.115781
-0.118086
-0.120275
-0.122558
-0.122634
-0.121713
-0.123702
-0.121170
-0.127174
-0.126889
-0.125700
-0.129415
-0.125179
-0.128878
-0.131006
-0.130317
-0.128617
-0.130832
-0.135249
-0.133513
-0.134942
-0.136584
-0.138102
-0.134435
-0.138760
-0.138842
-0.133940
-0.143715
-0.139291
-0.138505
-0.141448
-0.144720
-0.141705
-0.147556
-0.145987
-0.144630
-0.144889
-0.145316
-0.149240
-0.150833
-0.151154
-0.151694
-0.149694
-0.153274
-0.151392
-0.152095
-0.156028
-0.156067
-0.153975
-0.153711
-0.158135
-0.156736
-0.156928
-0.157217
-0.159156
-0.164904
-0.163570
-0.164696
-0.162577
-0.164546
-0.165226
-0.163417
-0.168229
-0.164244
-0.167288
-0.164476
-0.166666
-0.167954
-0.171218
-0.170169
-0.173636
-0.169772
-0.171095
-0.172976
-0.176189
-0.180488
-0.173806
-0.177600
-0.174278
-0.177552
-0.176162
-0.176618
-0.181152
-0.177735
-0.181396
-0.179812
-0.183577
-0.179049
-0.181954
-0.181532
-0.188338
-0.185150
-0.187395
-0.185746
-0.190610
-0.182340
-0.187276
-0.191328
-0.188422
-0.188629
-0.188750
-0.191888
-0.190194
-0.192243
-0.195434
-0.191012
-0.193967
-0.196973
-0.194932
-0.194246
-0.194585
-0.195601
-0.196234
-0.197563
-0.199677
-0.201538
-0.199791
-0.201043
-0.197360
-0.198185
-0.204711
-0.200636
-0.199701
-0.203320
-0.204464
-0.203845
-0.205283
-0.200628
-0.207110
-0.207166
-0.210872
-0.207384
-0.206882
-0.209089
-0.206585
-0.204189
-0.210760
-0.208830
-0.205960
-0.211567
-0.208622
-0.212640
-0.211244
-0.213643
-0.213513
-0.213621
-0.214664
-0.212010
-0.211001
-0.213493
-0.216324
-0.215373
-0.218365
-0.217086
-0.218698
-0.215064
-0.216226
-0.219156
-0.214176
-0.219591
-0.219227
-0.219287
-0.216671
-0.215460
-0.220589
-0.218575
-0.222547
-0.220312
-0.215158
-0.224612
-0.224259
-0.219056
-0.227065
-0.222887
-0.227259
-0.223977
-0.219841
-0.221777
-0.224084
-0.222627
-0.222901
-0.220483
-0.224244
-0.226306
-0.229070
-0.227229
-0.227223
-0.225845
-0.222332
-0.226319
-0.224695
-0.227445
-0.229106
-0.224922
-0.223042
-0.227376
-0.226078
-0.227332
-0.229708
-0.228158
-0.232973
-0.223011
-0.228652
-0.223644
-0.227978
-0.229241
-0.225611
-0.234726
-0.235065
-0.228293
-0.228444
-0.227348
-0.226529
-0.229238
-0.229795
-0.226233
-0.229083
-0.228264
-0.228366
-0.228384
-0.232388
-0.232535
-0.227122
-0.225240
-0.225374
-0.230344
-0.230338
-0.229393
-0.226325
-0.229458
-0.228518
-0.230829
-0.229224
-0.225014
-0.229280
-0.229822
-0.229762
-0.228851
-0.228060
-0.230228
-0.224493
-0.225177
-0.231179
-0.224595
-0.231821
-0.232872
-0.226203
-0.223809
-0.223297
-0.225338
-0.222506
-0.230295
-0.226594
-0.225252
-0.224422
-0.224472
-0.227081
-0.224533
-0.218236
-0.222964
-0.229341
-0.222167
-0.223469
-0.218882
-0.224038
-0.219361
-0.219909
-0.219322
-0.225659
-0.222069
-0.220599
-0.220226
-0.220314
-0.220321
-0.222283
-0.214002
-0.215851
-0.215853
-0.218137
-0.215939
-0.214226
-0.218536
-0.213957
-0.214542
-0.213876
-0.207029
-0.217594
-0.215069
-0.214841
-0.214917
-0.213828
-0.214429
-0.209336
-0.210040
-0.204176
-0.205223
-0.205774
-0.204014
-0.213017
-0.212928
-0.206286
-0.206484
-0.203782
-0.205621
-0.202095
-0.203332
-0.205817
-0.201532
-0.199710
-0.197335
-0.201793
-0.203412
-0.197884
-0.197477
-0.195842
-0.191558
-0.201260
-0.199915
-0.195191
-0.193075
-0.193885
-0.192247
-0.190477
-0.192608
-0.187746
-0.189018
-0.193855
-0.182138
-0.183224
-0.184905
-0.187089
-0.184972
-0.184506
-0.184748
-0.182290
-0.181010
-0.179768
-0.177606
-0.177932
-0.183436
-0.180427
-0.170868
-0.176829
-0.175014
-0.171938
-0.173226
-0.170739
-0.167458
-0.169890
-0.167145
-0.166150
-0.170002
-0.165079
-0.165159
-0.162762
-0.163518
-0.156029
-0.159400
-0.159628
-0.158056
-0.159627
-0.156716
-0.161745
-0.149967
-0.152365
-0.155787
-0.148178
-0.153695
-0.144725
-0.142819
-0.143864
-0.143806
-0.145438
-0.147396
-0.140102
-0.141161
-0.141662
-0.133792
-0.139968
-0.136757
-0.134025
-0.131912
-0.127721
-0.129610
-0.133801
-0.127507
-0.131002
-0.127389
-0.121192
-0.123409
-0.120458
-0.119378
-0.116163
-0.116955
-0.116008
-0.113025
-0.117502
-0.115159
-0.113959
-0.110833
-0.105438
-0.109980
-0.103143
-0.106624
-0.103400
-0.098276
-0.103871
-0.094855
-0.099507
-0.096587
-0.088361
-0.092078
-0.097595
-0.090403
-0.083971
-0.091318
-0.084354
-0.083341
-0.076342
-0.086491
-0.077482
-0.082448
-0.077568
-0.074698
-0.068516
-0.076708
-0.070928
-0.062751
-0.065109
-0.065116
-0.064564
-0.060971
-0.058129
-0.062906
-0.060384
-0.055769
-0.050095
-0.050516
-0.052936
-0.048491
-0.051442
-0.044586
-0.045740
-0.043239
-0.037312
-0.033250
-0.036716
-0.036076
-0.032236
-0.026976
-0.031549
-0.026447
-0.030864
-0.024722
-0.026470
-0.023138
-0.017245
-0.021761
-0.017698
-0.012827
-0.011927
-0.006582
-0.003574
-0.007035
-0.005335
0.000844
-0.004649
0.004786
0.005152
0.001020
0.007978
0.005947
0.011214
0.010421
0.017282
0.015759
0.020174
0.018275
0.021881
0.024702
0.023281
0.028801
0.032170
0.032897
0.028282
0.037858
0.041106
0.037936
0.041090
0.041899
0.041599
0.050654
0.047501
0.055252
0.059100
0.055341
0.062325
0.058864
0.059449
0.061887
0.060055
0.066448
0.075831
0.070541
0.072830
0.078397
0.077819
0.082297
0.084204
0.089198
0.087779
0.091660
0.088967
0.091706
0.094067
0.091983
0.104225
0.104743
0.105427
0.109824
0.111910
0.108420
0.114386
0.111853
0.114036
0.123443
0.121503
0.125950
0.124229
0.129289
0.130995
0.134069
0.131532
0.141008
0.138688
0.142322
0.145877
0.145081
0.151459
0.150684
0.156163
0.153918
0.155930
0.163303
0.159082
0.159340
0.167993
0.169304
0.170118
0.179262
0.177958
0.179976
0.175709
0.185185
0.177900
0.190838
0.191959
0.193076
0.196281
0.194514
0.203097
0.203850
0.201155
0.205824
0.210196
0.210713
0.214146
0.221363
0.217926
0.220578
0.222168
0.221545
0.229167
0.232086
0.232331
0.232276
0.236877
0.243659
0.237708
0.251772
0.246598
0.249785
0.248205
0.259715
0.260436
0.259292
0.258792
0.265627
0.265355
0.267251
0.273944
0.276330
0.273248
0.280122
0.279034
0.285989
0.291772
0.286849
0.295584
0.289432
0.298484
0.297117
0.300547
0.303400
0.308821
0.301028
0.313225
0.319438
0.316512
0.318393
0.322200
0.325337
0.332603
0.325081
0.326589
0.336162
0.333882
0.335492
0.346783
0.345467
0.348502
0.354141
0.349981
0.354483
0.356082
0.355397
0.355715
0.363868
0.367985
0.371665
0.373935
0.375292
0.376752
0.383043
0.381294
0.386250
0.383056
0.390894
0.393996
0.392246
0.389015
0.402377
0.407095
0.405132
0.405199
0.403106
0.415007
0.423217
0.418671
0.420501
0.419094
0.420610
0.432038
0.429964
0.429137
0.435915
0.435248
0.442423
0.449762
0.444723
0.445842
0.450897
0.452232
0.449640
0.454257
0.464419
0.464743
0.470002
0.464692
0.470262
0.472917
0.479676
0.474509
0.483883
0.479488
0.480600
0.491671
0.494148
0.494169
0.495490
0.498547
0.503233
0.505237
0.503198
0.504220
0.515689
0.505796
0.515710
0.515230
0.520737
0.524133
0.528001
0.525084
0.529520
0.530048
0.536551
0.540421
0.539895
0.547590
0.542693
0.551844
0.551912
0.549433
0.550132
0.560104
0.559687
0.561597
0.567381
0.565274
0.569797
0.570291
0.572896
0.575093
0.582327
0.583905
0.584445
0.586807
0.586817
0.591448
0.595033
0.591752
0.597586
0.597385
0.606753
0.603902
0.609049
0.609602
0.611083
0.616468
0.621870
0.620288
0.622833
0.625592
0.633816
0.617478
0.631727
0.635951
0.638200
0.632269
0.640705
0.647376
0.647875
0.645065
0.646241
0.656469
0.652844
0.661438
0.655901
0.659176
0.670318
0.663560
0.666315
0.669321
0.669037
0.680912
0.680151
0.679922
0.681255
0.683897
0.683789
0.681586
0.682788
0.696276
0.696011
0.690954
0.709929
0.699397
0.707819
0.710602
0.711530
0.701799
0.710148
0.713026
0.721051
0.719979
0.721901
0.720932
0.720095
0.728486
0.728214
0.726303
0.735286
0.741322
0.739800
0.747756
0.736075
0.738233
0.747821
0.746201
0.744251
0.751376
0.751678
0.761874
0.761279
0.758439
0.764916
0.762373
0.771693
0.764619
0.761420
0.769585
0.771626
0.786242
0.775442
0.784061
0.782206
0.782825
0.784623
0.784264
0.785658
0.791133
0.793848
0.795082
0.799689
0.798575
0.802078
0.806018
0.799132
0.808276
0.802096
0.812696
0.808278
0.813876
0.814054
0.813169
0.822365
0.816062
0.828153
0.826062
0.818443
0.830141
0.820458
0.830515
0.843985
0.835837
0.825082
0.842531
0.839511
0.842187
0.837253
0.840370
0.837242
0.853003
0.861745
0.845600
0.855134
0.852616
0.850010
0.848526
0.857100
0.869703
0.857013
0.865543
0.861887
0.866255
0.869427
0.864630
0.863854
0.874765
0.872350
0.884884
0.868185
0.872673
0.876378
0.888244
0.874964
0.882556
0.889926
0.883815
0.887987
0.900089
0.895060
0.892367
0.864928
0.894283
0.897501
0.893459
0.900006
0.905861
0.897153
0.894550
0.905594
0.910430
0.908122
0.901706
0.902189
0.919878
0.909037
0.905029
0.905409
0.914856
0.914577
0.921425
0.924537
0.905121
0.921001
0.928295
0.916684
0.922216
0.924849
0.923303
0.928807
0.925675
0.926633
0.921935
0.924075
0.923682
0.931654
0.948438
0.932852
0.931987
0.933568
0.947290
0.929330
0.938539
0.941207
0.946765
0.946133
0.917437
0.942378
0.942357
0.947032
0.949211
0.957930
0.936298
0.943575
0.948000
0.956609
0.946478
0.948584
0.943828
0.956671
0.949317
0.962814
0.948164
0.955386
0.959383
0.952757
0.957354
0.954699
0.958233
0.957124
0.955305
0.969649
0.958215
0.958123
0.967014
0.957419
0.959994
0.948296
0.970728
0.970596
0.964952
0.968904
0.970119
0.958718
0.969209
0.960342
0.966038
0.974144
0.967418
0.963926
0.964594
0.969462
0.968592
0.970516
0.977772
0.968391
0.973588
0.961650
0.964624
0.974510
0.976081
0.971116
0.976110
0.970808
0.972493
0.968522
0.974899
0.974323
0.975041
0.965499
0.974138
0.970510
0.971997
0.976992
0.979793
0.980405
0.972096
0.976608
0.968221
0.969449
0.970340
0.984537
0.970340
0.969449
0.968221
0.976608
0.972096
0.980405
0.979793
0.976992
0.971997
0.970510
0.974138
0.965499
0.975041
0.974323
0.974899
0.968522
0.972493
0.970808
0.976110
0.971116
0.976081
0.974510
0.964624
0.961650
0.973588
0.968391
0.977772
0.970516
0.968592
0.969462
0.964594
0.963926
0.967418
0.974144
0.966038
0.960342
0.969209
0.958718
0.970119
0.968904
0.964952
0.970596
0.970728
0.948296
0.959994
0.957419
0.967014
0.958123
0.958215
0.969649
0.955305
0.957124
0.958233
0.954699
0.957354
0.952757
0.959383
0.955386
0.948164
0.962814
0.949317
0.956671
0.943828
0.948584
0.946478
0.956609
0.948000
0.943575
0.936298
0.957930
0.949211
0.947032
0.942357
0.942378
0.917437
0.946133
0.946765
0.941207
0.938539
0.929330
0.947290
0.933568
0.931987
0.932852
0.948438
0.931654
0.923682
0.924075
0.921935
0.926633
0.925675
0.928807
0.923303
0.924849
0.922216
0.916684
0.928295
0.921001
0.905121
0.924537
0.921425
0.914577
0.914856
0.905409
0.905029
0.909037
0.919878
0.902189
0.901706
0.908122
0.910430
0.905594
0.894550
0.897153
0.905861
0.900006
0.893459
0.897501
0.894283
0.864928
0.892367
0.895060
0.900089
0.887987
0.883815
0.889926
0.882556
0.874964
0.888244
0.876378
0.872673
0.868185
0.884884
0.872350
0.874765
0.863854
0.864630
0.869427
0.866255
0.861887
0.865543
0.857013
0.869703
0.857100
0.848526
0.850010
0.852616
0.855134
0.845600
0.861745
0.853003
0.837242
0.840370
0.837253
0.842187
0.839511
0.842531
0.825082
0.835837
0.843985
0.830515
0.820458
0.830141
0.818443
0.826062
0.828153
0.816062
0.822365
0.813169
0.814054
0.813876
0.808278
0.812696
0.802096
0.808276
0.799132
0.806018
0.802078
0.798575
0.799689
0.795082
0.793848
0.791133
0.785658
0.784264
0.784623
0.782825
0.782206
0.784061
0.775442
0.786242
0.771626
0.769585
0.761420
0.764619
0.771693
0.762373
0.764916
0.758439
0.761279
0.761874
0.751678
0.751376
0.744251
0.746201
0.747821
0.738233
0.736075
0.747756
0.739800
0.741322
0.735286
0.726303
0.728214
0.728486
0.720095
0.720932
0.721901
0.719979
0.721051
0.713026
0.710148
0.701799
0.711530
0.710602
0.707819
0.699397
0.709929
0.690954
0.696011
0.696276
0.682788
0.681586
0.683789
0.683897
0.681255
0.679922
0.680151
0.680912
0.669037
0.669321
0.666315
0.663560
0.670318
0.659176
0.655901
0.661438
0.652844
0.656469
0.646241
0.645065
0.647875
0.647376
0.640705
0.632269
0.638200
0.635951
0.631727
0.617478
0.633816
0.625592
0.622833
0.620288
0.621870
0.616468
0.611083
0.609602
0.609049
0.603902
0.606753
0.597385
0.597586
0.591752
0.595033
0.591448
0.586817
0.586807
0.584445
0.583905
0.582327
0.575093
0.572896
0.570291
0.569797
0.565274
0.567381
0.561597
0.559687
0.560104
0.550132
0.549433
0.551912
0.551844
0.542693
0.547590
0.539895
0.540421
0.536551
0.530048
0.529520
0.525084
0.528001
0.524133
0.520737
0.515230
0.515710
0.505796
0.515689
0.504220
0.503198
0.505237
0.503233
0.498547
0.495490
0.494169
0.494148
0.491671
0.480600
0.479488
0.483883
0.474509
0.479676
0.472917
0.470262
0.464692
0.470002
0.464743
0.464419
0.454257
0.449640
0.452232
0.450897
0.445842
0.444723
0.449762
0.442423
0.435248
0.435915
0.429137
0.429964
0.432038
0.420610
0.419094
0.420501
0.418671
0.423217
0.415007
0.403106
0.405199
0.405132
0.407095
0.402377
0.389015
0.392246
0.393996
0.390894
0.383056
0.386250
0.381294
0.383043
0.376752
0.375292
0.373935
0.371665
0.367985
0.363868
0.355715
0.355397
0.356082
0.354483
0.349981
0.354141
0.348502
0.345467
0.346783
0.335492
0.333882
0.336162
0.326589
0.325081
0.332603
0.325337
0.322200
0.318393
0.316512
0.319438
0.313225
0.301028
0.308821
0.303400
0.300547
0.297117
0.298484
0.289432
0.295584
0.286849
0.291772
0.285989
0.279034
0.280122
0.273248
0.276330
0.273944
0.267251
0.265355
0.265627
0.258792
0.259292
0.260436
0.259715
0.248205
0.249785
0.246598
0.251772
0.237708
0.243659
0.236877
0.232276
0.232331
0.232086
0.229167
0.221545
0.222168
0.220578
0.217926
0.221363
0.214146
0.210713
0.210196
0.205824
0.201155
0.203850
0.203097
0.194514
0.196281
0.193076
0.191959
0.190838
0.177900
0.185185
0.175709
0.179976
0.177958
0.179262
0.170118
0.169304
0.167993
0.159340
0.159082
0.163303
0.155930
0.153918
0.156163
0.150684
0.151459
0.145081
0.145877
0.142322
0.138688
0.141008
0.131532
0.134069
0.130995
0.129289
0.124229
0.125950
0.121503
0.123443
0.114036
0.111853
0.114386
0.108420
0.111910
0.109824
0.105427
0.104743
0.104225
0.091983
0.094067
0.091706
0.088967
0.091660
0.087779
0.089198
0.084204
0.082297
0.077819
0.078397
0.072830
0.070541
0.075831
0.066448
0.060055
0.061887
0.059449
0.058864
0.062325
0.055341
0.059100
0.055252
0.047501
0.050654
0.041599
0.041899
0.041090
0.037936
0.041106
0.037858
0.028282
0.032897
0.032170
0.028801
0.023281
0.024702
0.021881
0.018275
0.020174
0.015759
0.017282
0.010421
0.011214
0.005947
0.007978
0.001020
0.005152
0.004786
-0.004649
0.000844
-0.005335
-0.007035
-0.003574
-0.006582
-0.011927
-0.012827
-0.017698
-0.021761
-0.017245
-0.023138
-0.026470
-0.024722
-0.030864
-0.026447
-0.031549
-0.026976
-0.032236
-0.036076
-0.036716
-0.033250
-0.037312
-0.043239
-0.045740
-0.044586
-0.051442
-0.048491
-0.052936
-0.050516
-0.050095
-0.055769
-0.060384
-0.062906
-0.058129
-0.060971
-0.064564
-0.065116
-0.065109
-0.062751
-0.070928
-0.076708
-0.068516
-0.074698
-0.077568
-0.082448
-0.077482
-0.086491
-0.076342
-0.083341
-0.084354
-0.091318
-0.083971
-0.090403
-0.097595
-0.092078
-0.088361
-0.096587
-0.099507
-0.094855
-0.103871
-0.098276
-0.103400
-0.106624
-0.103143
-0.109980
-0.105438
-0.110833
-0.113959
-0.115159
-0.117502
-0.113025
-0.116008
-0.116955
-0.116163
-0.119378
-0.120458
-0.123409
-0.121192
-0.127389
-0.131002
-0.127507
-0.133801
-0.129610
-0.127721
-0.131912
-0.134025
-0.136757
-0.139968
-0.133792
-0.141662
-0.141161
-0.140102
-0.147396
-0.145438
-0.143806
-0.143864
-0.142819
-0.144725
-0.153695
-0.148178
-0.155787
-0.152365
-0.149967
-0.161745
-0.156716
-0.159627
-0.158056
-0.159628
-0.159400
-0.156029
-0.163518
-0.162762
-0.165159
-0.165079
-0.170002
-0.166150
-0.167145
-0.169890
-0.167458
-0.170739
-0.173226
-0.171938
-0.175014
-0.176829
-0.170868
-0.180427
-0.183436
-0.177932
-0.177606
-0.179768
-0.181010
-0.182290
-0.184748
-0.184506
-0.184972
-0.187089
-0.184905
-0.183224
-0.182138
-0.193855
-0.189018
-0.187746
-0.192608
-0.190477
-0.192247
-0.193885
-0.193075
-0.195191
-0.199915
-0.201260
-0.191558
-0.195842
-0.197477
-0.197884
-0.203412
-0.201793
-0.197335
-0.199710
-0.201532
-0.205817
-0.203332
-0.202095
-0.205621
-0.203782
-0.206484
-0.206286
-0.212928
-0.213017
-0.204014
-0.205774
-0.205223
-0.204176
-0.210040
-0.209336
-0.214429
-0.213828
-0.214917
-0.214841
-0.215069
-0.217594
-0.207029
-0.213876
-0.214542
-0.213957
-0.218536
-0.214226
-0.215939
-0.218137
-0.215853
-0.215851
-0.214002
-0.222283
-0.220321
-0.220314
-0.220226
-0.220599
-0.222069
-0.225659
-0.219322
-0.219909
-0.219361
-0.224038
-0.218882
-0.223469
-0.222167
-0.229341
-0.222964
-0.218236
-0.224533
-0.227081
-0.224472
-0.224422
-0.225252
-0.226594
-0.230295
-0.222506
-0.225338
-0.223297
-0.223809
-0.226203
-0.232872
-0.231821
-0.224595
-0.231179
-0.225177
-0.224493
-0.230228
-0.228060
-0.228851
-0.229762
-0.229822
-0.229280
-0.225014
-0.229224
-0.230829
-0.228518
-0.229458
-0.226325
-0.229393
-0.230338
-0.230344
-0.225374
-0.225240
-0.227122
-0.232535
-0.232388
-0.228384
-0.228366
-0.228264
-0.229083
-0.226233
-0.229795
-0.229238
-0.226529
-0.227348
-0.228444
-0.228293
-0.235065
-0.234726
-0.225611
-0.229241
-0.227978
-0.223644
-0.228652
-0.223011
-0.232973
-0.228158
-0.229708
-0.227332
-0.226078
-0.227376
-0.223042
-0.224922
-0.229106
-0.227445
-0.224695
-0.226319
-0.222332
-0.225845
-0.227223
-0.227229
-0.229070
-0.226306
-0.224244
-0.220483
-0.222901
-0.222627
-0.224084
-0.221777
-0.219841
-0.223977
-0.227259
-0.222887
-0.227065
-0.219056
-0.224259
-0.224612
-0.215158
-0.220312
-0.222547
-0.218575
-0.220589
-0.215460
-0.216671
-0.219287
-0.219227
-0.219591
-0.214176
-0.219156
-0.216226
-0.215064
-0.218698
-0.217086
-0.218365
-0.215373
-0.216324
-0.213493
-0.211001
-0.212010
-0.214664
-0.213621
-0.213513
-0.213643
-0.211244
-0.212640
-0.208622
-0.211567
-0.205960
-0.208830
-0.210760
-0.204189
-0.206585
-0.209089
-0.206882
-0.207384
-0.210872
-0.207166
-0.207110
-0.200628
-0.205283
-0.203845
-0.204464
-0.203320
-0.199701
-0.200636
-0.204711
-0.198185
-0.197360
-0.201043
-0.199791
-0.201538
-0.199677
-0.197563
-0.196234
-0.195601
-0.194585
-0.194246
-0.194932
-0.196973
-0.193967
-0.191012
-0.195434
-0.192243
-0.190194
-0.191888
-0.188750
-0.188629
-0.188422
-0.191328
-0.187276
-0.182340
-0.190610
-0.185746
-0.187395
-0.185150
-0.188338
-0.181532
-0.181954
-0.179049
-0.183577
-0.179812
-0.181396
-0.177735
-0.181152
-0.176618
-0.176162
-0.177552
-0.174278
-0.177600
-0.173806
-0.180488
-0.176189
-0.172976
-0.171095
-0.169772
-0.173636
-0.170169
-0.171218
-0.167954
-0.166666
-0.164476
-0.167288
-0.164244
-0.168229
-0.163417
-0.165226
-0.164546
-0.162577
-0.164696
-0.163570
-0.164904
-0.159156
-0.157217
-0.156928
-0.156736
-0.158135
-0.153711
-0.153975
-0.156067
-0.156028
-0.152095
-0.151392
-0.153274
-0.149694
-0.151694
-0.151154
-0.150833
-0.149240
-0.145316
-0.144889
-0.144630
-0.145987
-0.147556
-0.141705
-0.144720
-0.141448
-0.138505
-0.139291
-0.143715
-0.133940
-0.138842
-0.138760
-0.134435
-0.138102
-0.136584
-0.134942
-0.133513
-0.135249
-0.130832
-0.128617
-0.130317
-0.131006
-0.128878
-0.125179
-0.129415
-0.125700
-0.126889
-0.127174
-0.121170
-0.123702
-0.121713
-0.122634
-0.122558
-0.120275
-0.118086
-0.115781
-0.119823
-0.117589
-0.114961
-0.115923
-0.116667
-0.114035
-0.114597
-0.115943
-0.109570
-0.108267
-0.107294
-0.108475
-0.109545
-0.105866
-0.104708
-0.110662
-0.103575
-0.105729
-0.104374
-0.104254
-0.100630
-0.102779
-0.099016
-0.099582
-0.100700
-0.098249
-0.097985
-0.096228
-0.097445
-0.095226
-0.095088
-0.092847
-0.091342
-0.090691
-0.091739
-0.089158
-0.089868
-0.088591
-0.090329
-0.090319
-0.086453
-0.085116
-0.083661
-0.085204
-0.085807
-0.082592
-0.080958
-0.079885
-0.081421
-0.079788
-0.079076
-0.078664
-0.074157
-0.075456
-0.078732
-0.074876
-0.076004
-0.072595
-0.076509
-0.070602
-0.071842
-0.071688
-0.067888
-0.069254
-0.067739
-0.068319
-0.065870
-0.070326
-0.062824
-0.065740
-0.062496
-0.063986
-0.063352
-0.059436
-0.061703
-0.056895
-0.062330
-0.057061
-0.058223
-0.057769
-0.056136
-0.055407
-0.056255
-0.055137
-0.055463
-0.051521
-0.050801
-0.051932
-0.049193
-0.052316
-0.052620
-0.046304
-0.049141
-0.044045
-0.044967
-0.043080
-0.043241
-0.046715
-0.042472
-0.043746
-0.041204
-0.040487
-0.039103
-0.039755
-0.038192
-0.037786
-0.038753
-0.039040
-0.035851
-0.037062
-0.036075
-0.032098
-0.035187
-0.030405
-0.029609
-0.031492
-0.025223
-0.030382
-0.027639
-0.029447
-0.025944
-0.030272
-0.027992
-0.027991
-0.025538
-0.024751
-0.023008
-0.023214
-0.019540
-0.019238
-0.019848
-0.020177
-0.017897
-0.020079
-0.018263
-0.017151
-0.015358
-0.019897
-0.014892
-0.015577
-0.015859
-0.011620
-0.012927
-0.010493
-0.011909
-0.009886
-0.011353
-0.011282
-0.008093
-0.007928
-0.009187
-0.005654
-0.007050
-0.005006
-0.004416
-0.005294
-0.002402
-0.001474
-0.002251
-0.003559
-0.001789
-0.000628
-0.001439
0.000332
-0.000735
0.001969
0.002531
0.001935
0.003655
0.001425
0.002669
0.005498
0.001791
0.009831
0.006681
0.009235
0.006514
0.008999
0.007909
0.011080
0.011040
0.007095
0.013534
0.009572
0.013143
0.011859
0.013715
0.009498
0.015729
0.013869
0.015056
0.016268
0.014477
0.015267
0.015354
0.018843
0.019235
0.019847
0.018023
0.021428
0.020388
0.020936
0.019945
0.020628
0.020063
0.022905
0.021477
0.025402
0.023499
0.021956
0.025995
0.022222
0.025906
0.022050
0.026878
0.026916
0.027418
0.029462
0.029105
0.027491
0.030641
0.031763
0.029356
0.031005
0.031050
0.030909
0.032742
0.030555
0.029476
0.031219
0.031047
0.034064
0.035073
0.034684
0.037961
0.035626
0.038006
0.037127
0.035717
0.037482
0.038131
0.036231
0.037786
0.039595
0.040593
0.039042
0.039661
0.039625
0.040546
0.041789
0.044069
0.044513
0.045217
0.043978
0.043631
0.041134
0.045533
0.044708
0.047166
0.044435
0.048102
0.046401
0.048777
0.048150
0.043408
0.046262
0.044358
0.045522
0.045756
0.045768
0.046596
0.048339
0.045232
0.048197
0.048408
0.049719
0.049244
0.048811
0.051218
0.051928
0.050123
0.051414
0.051164
0.052755
0.050705
0.054432
0.052081
0.053707
0.050521
0.054390
0.054352
0.054734
0.055201
0.053850
0.056327
0.054794
0.055036
0.055249
0.054796
0.054910
0.057899
0.053617
0.055819
0.055843
0.056705
0.056807
0.058747
0.055147
0.055616
0.056923
0.060077
0.057619
0.059560
0.057975
0.058123
0.059627
0.059075
0.060595
0.059372
0.059255
0.059404
0.060110
0.062877
0.061713
0.059675
0.059800
0.060536
0.059078
0.059574
0.059916
0.060359
0.061859
0.064310
0.059787
0.063083
0.059101
0.060850
0.060824
0.063902
0.062540
0.064240
0.063437
0.064462
0.063900
0.064456
0.063362
0.064169
0.064175
0.061814
0.060599
0.062684
0.060823
0.062731
0.064357
0.063171
0.064578
0.064226
0.064065
0.063200
0.064378
0.063889
0.064000
0.065235
0.064073
0.064994
0.065837
0.064893
0.062818
0.067039
0.063449
0.066655
0.064315
0.069193
0.062912
0.063774
0.064342
0.062398
0.064609
0.061887
0.062807
0.064093
0.066323
0.064735
0.068360
0.064425
0.068634
0.065618
0.064693
0.065415
0.064387
0.065097
0.062955
0.065460
0.063808
0.062873
0.065040
0.063660
0.065106
0.066150
0.065744
0.064615
0.065688
0.064918
0.065331
0.064938
0.065085
0.065552
0.063447
0.065376
0.064896
0.063752
0.064049
0.062421
0.064335
0.062026
0.064669
0.065956
0.064003
0.064805
0.065096
0.063626
0.063844
0.065183
0.063817
0.062920
0.063893
0.063597
0.062865
0.063154
0.062337
0.061540
0.062206
0.064785
0.062625
0.062890
0.063537
0.064261
0.063951
0.067328
0.061957
0.062550
0.063891
0.061824
0.062622
0.061483
0.061807
0.058525
0.060312
0.061277
0.060184
0.062876
0.059797
0.062729
0.061693
0.062262
0.062776
0.063926
0.060219
0.063758
0.060644
0.060071
0.060378
0.058069
0.060169
0.060030
0.061084
0.058772
0.061425
0.060079
0.058733
0.058609
0.060764
0.059719
0.058821
0.059449
0.058971
0.059536
0.058499
0.058923
0.059157
0.058097
0.058914
0.055797
0.059219
0.059678
0.056722
0.058816
0.056476
0.055599
0.054490
0.056735
0.058745
0.056591
0.056331
0.055663
0.056857
0.056196
0.058032
0.053946
0.055665
0.056594
0.055162
0.053733
0.054441
0.053726
0.053896
0.053406
0.054366
0.055677
0.055388
0.053478
0.053977
0.055767
0.055680
0.053268
0.052884
0.050082
0.051600
0.051908
0.050659
0.050892
0.050779
0.051709
0.050185
0.051354
0.051558
0.051245
0.052784
0.052423
0.050512
0.051193
0.049523
0.050272
0.049767
0.049408
0.049107
0.045589
0.048240
0.048771
0.046815
0.049097
0.046168
0.047978
0.046394
0.046931
0.045176
0.044508
0.049049
0.046010
0.046784
0.048705
0.046635
0.046073
0.045218
0.045196
0.045880
0.043033
0.044643
0.045012
0.043252
0.043946
0.041985
0.044806
0.042195
0.043069
0.041545
0.041618
0.040718
0.040386
0.041108
0.040525
0.040023
0.041905
0.042970
0.043257
0.043091
0.043374
0.040675
0.040944
0.040263
0.040539
0.039380
0.037980
0.035244
0.035966
0.036055
0.038577
0.036667
0.036056
0.037929
0.037912
0.039210
0.035624
0.036713
0.037620
0.039164
0.036586
0.038572
0.035069
0.035185
0.035338
0.033885
0.034633
0.035750
0.033934
0.033211
0.032367
0.034665
0.034394
0.034746
0.033528
0.032156
0.032133
0.030360
0.033759
0.032289
0.030727
0.031903
0.031040
0.031684
0.030914
0.031128
0.032232
0.031696
0.031754
0.030131
0.029917
0.031347
0.028980
0.031019
0.028945
0.029162
0.028472
0.027987
0.027266
0.027207
0.025182
0.026401
0.027914
0.027977
0.028983
0.027582
0.029496
0.025750
0.028721
0.027082
0.027217
0.027003
0.026202
0.024642
0.024974
0.025854
0.023164
0.023407
0.025073
0.022078
0.025368
0.024326
0.024250
0.024336
0.023124
0.025822
0.022643
0.023726
0.024028
0.023249
0.021908
0.022132
0.022727
0.021678
0.024733
0.021306
0.021458
0.023224
0.022077
0.019237
0.020413
0.020150
0.018776
0.019034
0.019362
0.020146
0.020310
0.020046
0.019030
0.019888
0.018139
0.019042
0.018076
0.017562
0.019183
0.016408
0.020388
0.017957
0.017272
0.020632
0.017354
0.016361
0.016299
0.017161
0.016866
0.018367
0.018353
0.015120
0.015526
0.014901
0.014054
0.015189
0.015566
0.015017
0.014871
0.012677
0.015257
0.015168
0.015067
0.014626
0.014232
0.016558
0.013738
0.014364
0.014720
0.014211
0.011902
0.012678
0.013420
0.012536
0.013010
0.012509
0.011879
0.011791
0.011840
0.012331
0.011684
0.012995
0.013027
0.008930
0.012873
0.011083
0.011023
0.011008
0.009303
0.009707
0.011328
0.013073
0.010766
0.013713
0.013977
0.016785
0.015367
0.018825
0.018191
0.018964
0.018924
0.018415
0.018660
0.015130
0.020160


