M_loss: 7, M_sym: 4300.0, M_power: 9000, M_bandwidth: 22.3872113856834
0.006234
0.005404
0.005828
0.003476
0.004849
0.002858
0.001479
0.003089
0.002203
0.003868
0.003214
0.004161
0.003016
0.003651
0.001412
0.002249
0.001719
0.005830
0.004178
0.003686
0.001517
0.005629
0.001370
0.004615
0.005834
0.004431
0.004517
0.004015
0.002538
0.005198
0.006884
0.007291
0.001970
0.005059
0.003180
0.003685
0.006671
0.003623
0.004321
0.004762
0.004664
0.005119
0.006121
0.002672
0.003671
0.005808
0.005139
0.005940
0.003946
0.005168
0.003549
0.001971
0.004520
0.005386
0.006332
0.002385
0.002668
0.005264
0.004515
0.007348
0.005308
0.005118
0.004432
0.006479
0.003120
0.002744
0.005666
0.002840
0.004862
0.005297
0.004544
0.003667
0.004630
0.005691
0.004442
0.002940
0.004465
0.005858
0.002634
0.002324
0.005980
0.001724
0.001788
0.005868
0.004517
0.003959
0.005695
0.003757
0.003950
0.005815
0.004561
0.004280
0.005603
0.004261
0.004604
0.005850
0.003020
0.003350
0.004754
0.004297
0.004793
0.005391
0.005127
0.002915
0.004268
0.003737
0.003337
0.005144
0.003576
0.006406
0.005426
0.005874
0.005127
0.003868
0.004117
0.005099
0.003886
0.005378
0.006529
0.003995
0.007018
0.006986
0.003830
0.006227
0.006280
0.005227
0.005041
0.005859
0.005071
0.007179
0.006662
0.004535
0.004991
0.006982
0.006952
0.001877
0.003402
0.006603
0.005279
0.006136
0.006364
0.006625
0.005303
0.005310
0.004802
0.003727
0.005569
0.005950
0.004638
0.005666
0.005147
0.007149
0.007430
0.005945
0.006044
0.006388
0.005299
0.003317
0.004161
0.005956
0.004758
0.004762
0.005236
0.006020
0.002569
0.004192
0.005036
0.004536
0.005994
0.002883
0.004759
0.006366
0.004176
0.002771
0.004961
0.006519
0.005808
0.005487
0.004297
0.005944
0.007965
0.003769
0.004820
0.004446
0.005079
0.003150
0.003123
0.005187
0.003593
0.005236
0.004924
0.003496
0.005736
0.004851
0.003892
0.003363
0.006267
0.003899
0.004400
0.005966
0.003159
0.006028
0.003424
0.006105
0.003810
0.003519
0.005407
0.004519
0.003422
0.003332
0.005430
0.006098
0.004292
0.006288
0.006365
0.004011
0.004566
0.002543
0.006041
0.003337
0.004589
0.002810
0.002686
0.002775
0.004479
0.001364
0.002370
0.003051
0.004003
0.003750
0.004014
0.005826
0.002890
0.001119
0.004216
0.001384
0.003287
0.004920
0.003887
0.003146
0.004151
0.005450
0.003074
0.003014
0.006147
0.003020
0.002153
0.001829
0.001767
0.001487
0.003304
0.002314
0.003032
0.001767
0.001773
0.001260
0.000767
0.001614
0.000646
0.002944
0.004891
0.003942
0.000403
0.002222
0.000704
0.001874
0.000559
0.001277
0.002257
0.001107
0.001464
0.000383
-0.000623
0.000908
-0.000415
0.000154
-0.003291
0.000366
0.001814
-0.000442
-0.001394
-0.000197
-0.000549
-0.001617
-0.000863
-0.000677
-0.001174
-0.002743
-0.001562
-0.002439
-0.001930
-0.000744
-0.002016
-0.003857
-0.001696
-0.003284
-0.005092
-0.004539
-0.001520
-0.003942
-0.002086
-0.000528
-0.003212
-0.002128
-0.002640
-0.005876
-0.004395
-0.002748
-0.003021
-0.004528
-0.005572
-0.004149
-0.005817
-0.004424
-0.004604
-0.004103
-0.004741
-0.005665
-0.004984
-0.005020
-0.005676
-0.006629
-0.005721
-0.005923
-0.006775
-0.005715
-0.006762
-0.006683
-0.003235
-0.006236
-0.005308
-0.007589
-0.005219
-0.007034
-0.005608
-0.008048
-0.005404
-0.006479
-0.005988
-0.008526
-0.007991
-0.007928
-0.006406
-0.009490
-0.008558
-0.009206
-0.010958
-0.011650
-0.008744
-0.011413
-0.009594
-0.008772
-0.011362
-0.010048
-0.008656
-0.010197
-0.014341
-0.009475
-0.011177
-0.012536
-0.010095
-0.009830
-0.012380
-0.013026
-0.010803
-0.013482
-0.014427
-0.010212
-0.015343
-0.013395
-0.015485
-0.014421
-0.014435
-0.016080
-0.014692
-0.015038
-0.016710
-0.016516
-0.016040
-0.015416
-0.017512
-0.016824
-0.015526
-0.014327
-0.020902
-0.018873
-0.019626
-0.020866
-0.016949
-0.017248
-0.015824
-0.017015
-0.020356
-0.021557
-0.019144
-0.017042
-0.021594
-0.021822
-0.021022
-0.021294
-0.021228
-0.021498
-0.021013
-0.025344
-0.022852
-0.022525
-0.021689
-0.025861
-0.022850
-0.023261
-0.023469
-0.024566
-0.022285
-0.025669
-0.023595
-0.024911
-0.025061
-0.022221
-0.025020
-0.028198
-0.026146
-0.025847
-0.026299
-0.025965
-0.026089
-0.029255
-0.027083
-0.028334
-0.030691
-0.026635
-0.029721
-0.027293
-0.026470
-0.029690
-0.030364
-0.029367
-0.033292
-0.032332
-0.032200
-0.031610
-0.032128
-0.034862
-0.033407
-0.031937
-0.032002
-0.030654
-0.034107
-0.034467
-0.033692
-0.034832
-0.035507
-0.034066
-0.031899
-0.034421
-0.033445
-0.034098
-0.036538
-0.039024
-0.036866
-0.038707
-0.035939
-0.038544
-0.037530
-0.040587
-0.041352
-0.041153
-0.041863
-0.043539
-0.041468
-0.039059
-0.040485
-0.042036
-0.041273
-0.042634
-0.043124
-0.045906
-0.045530
-0.044622
-0.045553
-0.044624
-0.044871
-0.046592
-0.047904
-0.044668
-0.047854
-0.049278
-0.048220
-0.048150
-0.047670
-0.049852
-0.049504
-0.048063
-0.048992
-0.050273
-0.049983
-0.051142
-0.052402
-0.052062
-0.052875
-0.050565
-0.054185
-0.051115
-0.050369
-0.056404
-0.052405
-0.053760
-0.056346
-0.055486
-0.054922
-0.054221
-0.060205
-0.057563
-0.056360
-0.057245
-0.057000
-0.059267
-0.057440
-0.060595
-0.057381
-0.060559
-0.063968
-0.061639
-0.062642
-0.063651
-0.064189
-0.061180
-0.064656
-0.064748
-0.064009
-0.063633
-0.066623
-0.064168
-0.067263
-0.065468
-0.067908
-0.067056
-0.068644
-0.068675
-0.069377
-0.066224
-0.070568
-0.069396
-0.067908
-0.070096
-0.072103
-0.073327
-0.071249
-0.072261
-0.076272
-0.074716
-0.075372
-0.073059
-0.075516
-0.076067
-0.077194
-0.077125
-0.077494
-0.079630
-0.076927
-0.076275
-0.079132
-0.078636
-0.079464
-0.078419
-0.081088
-0.080438
-0.082389
-0.078867
-0.082558
-0.082250
-0.082590
-0.084166
-0.081755
-0.084511
-0.084881
-0.083544
-0.083960
-0.086644
-0.087597
-0.089812
-0.088954
-0.086818
-0.083602
-0.089630
-0.087007
-0.090085
-0.089132
-0.091748
-0.090666
-0.089783
-0.090734
-0.092596
-0.091746
-0.092809
-0.092909
-0.096647
-0.095627
-0.094252
-0.092204
-0.093424
-0.097201
-0.094384
-0.096286
-0.096424
-0.100551
-0.098605
-0.096061
-0.101539
-0.100158
-0.097136
-0.101885
-0.100707
-0.102731
-0.102185
-0.103160
-0.103094
-0.104202
-0.104034
-0.106656
-0.107733
-0.105595
-0.104618
-0.107938
-0.105480
-0.106336
-0.108134
-0.110792
-0.111082
-0.108859
-0.107774
-0.111692
-0.113221
-0.108722
-0.115343
-0.114238
-0.114279
-0.114871
-0.115973
-0.114136
-0.114685
-0.115288
-0.116389
-0.119159
-0.116425
-0.112754
-0.117031
-0.120129
-0.121177
-0.121228
-0.122208
-0.122197
-0.120965
-0.122024
-0.121704
-0.124077
-0.121504
-0.122299
-0.127785
-0.123908
-0.122531
-0.127433
-0.126538
-0.128367
-0.126992
-0.127416
-0.126409
-0.126531
-0.125736
-0.128156
-0.132217
-0.130011
-0.133039
-0.132308
-0.132466
-0.131211
-0.134136
-0.132211
-0.136957
-0.135528
-0.134364
-0.137066
-0.134359
-0.133933
-0.135103
-0.139365
-0.139090
-0.139373
-0.139724
-0.137790
-0.138171
-0.140912
-0.140511
-0.142783
-0.140938
-0.141419
-0.140811
-0.143071
-0.143173
-0.145592
-0.144478
-0.142404
-0.146400
-0.147211
-0.142369
-0.145759
-0.145997
-0.149628
-0.148784
-0.144382
-0.152419
-0.147088
-0.147363
-0.148145
-0.150374
-0.153934
-0.149499
-0.150456
-0.151404
-0.156702
-0.153069
-0.154550
-0.153098
-0.154732
-0.153340
-0.153460
-0.156301
-0.156068
-0.156219
-0.155601
-0.154635
-0.158565
-0.159189
-0.158130
-0.157494
-0.160642
-0.160457
-0.160850
-0.158316
-0.160905
-0.164670
-0.162337
-0.163315
-0.163277
-0.162590
-0.164531
-0.164693
-0.162875
-0.165137
-0.165840
-0.165062
-0.162762
-0.163656
-0.163326
-0.168730
-0.165835
-0.171932
-0.171167
-0.168017
-0.165437
-0.171279
-0.171677
-0.170361
-0.171555
-0.172686
-0.169421
-0.173056
-0.172955
-0.168723
-0.172171
-0.174831
-0.171122
-0.172400
-0.176491
-0.176993
-0.175611
-0.169455
-0.179264
-0.174239
-0.174492
-0.177040
-0.177648
-0.174869
-0.177697
-0.177608
-0.181320
-0.175258
-0.179565
-0.177780
-0.178327
-0.181090
-0.181652
-0.179127
-0.180431
-0.183405
-0.182181
-0.183898
-0.181646
-0.181486
-0.186083
-0.183892
-0.184871
-0.186229
-0.184219
-0.182567
-0.181566
-0.180494
-0.187197
-0.186432
-0.183948
-0.187895
-0.188111
-0.185849
-0.187245
-0.189094
-0.186970
-0.188627
-0.187570
-0.186438
-0.189900
-0.183747
-0.186999
-0.190494
-0.187364
-0.192146
-0.186077
-0.191247
-0.185926
-0.190894
-0.193589
-0.188056
-0.190174
-0.190147
-0.185809
-0.187426
-0.192150
-0.192362
-0.193548
-0.191781
-0.189705
-0.190519
-0.190148
-0.189024
-0.191985
-0.192034
-0.190682
-0.194727
-0.194521
-0.193118
-0.190902
-0.195404
-0.193173
-0.192536
-0.195585
-0.193700
-0.194481
-0.193433
-0.191190
-0.193702
-0.195340
-0.194078
-0.192290
-0.198316
-0.194417
-0.199810
-0.193238
-0.192508
-0.195534
-0.192366
-0.197551
-0.193339
-0.195280
-0.198381
-0.196299
-0.195161
-0.192339
-0.195827
-0.198579
-0.198422
-0.194252
-0.189317
-0.195462
-0.198411
-0.193745
-0.191931
-0.196863
-0.198906
-0.195214
-0.194697
-0.194947
-0.200239
-0.195678
-0.192173
-0.193128
-0.193223
-0.195414
-0.195209
-0.192694
-0.192976
-0.195688
-0.192844
-0.196010
-0.194700
-0.198318
-0.193739
-0.191829
-0.191278
-0.192153
-0.195066
-0.192574
-0.189345
-0.195556
-0.192026
-0.191747
-0.190667
-0.193970
-0.189723
-0.195428
-0.192755
-0.193649
-0.191798
-0.189333
-0.191348
-0.188598
-0.189282
-0.191918
-0.196278
-0.187877
-0.193712
-0.196492
-0.185992
-0.192936
-0.194788
-0.192103
-0.195248
-0.192193
-0.187492
-0.189640
-0.192006
-0.186218
-0.185316
-0.184094
-0.183246
-0.186050
-0.185509
-0.188505
-0.181672
-0.186329
-0.183999
-0.186388
-0.184158
-0.186773
-0.184064
-0.180854
-0.186528
-0.182137
-0.182669
-0.184846
-0.177777
-0.179739
-0.182159
-0.182907
-0.179374
-0.181226
-0.184105
-0.179186
-0.175547
-0.178537
-0.179268
-0.180607
-0.178765
-0.175063
-0.179566
-0.175544
-0.174476
-0.180417
-0.178856
-0.172579
-0.168882
-0.174358
-0.179001
-0.171092
-0.168201
-0.169416
-0.171670
-0.173636
-0.171513
-0.168131
-0.168591
-0.167771
-0.169999
-0.170825
-0.163851
-0.168217
-0.166069
-0.161870
-0.165914
-0.165122
-0.166797
-0.160547
-0.160390
-0.161168
-0.161348
-0.164844
-0.164162
-0.159203
-0.160482
-0.155411
-0.160102
-0.154453
-0.153872
-0.154397
-0.155725
-0.157442
-0.153900
-0.150517
-0.153560
-0.151601
-0.149965
-0.151085
-0.148356
-0.154864
-0.154361
-0.149839
-0.149090
-0.152156
-0.146465
-0.147144
-0.146276
-0.139988
-0.139881
-0.139994
-0.136966
-0.137664
-0.141417
-0.137366
-0.138199
-0.138774
-0.136909
-0.137649
-0.135634
-0.134561
-0.132586
-0.134515
-0.131600
-0.138249
-0.133254
-0.127284
-0.127896
-0.127890
-0.126225
-0.131657
-0.127796
-0.125608
-0.121043
-0.123079
-0.121951
-0.124843
-0.118478
-0.116323
-0.114433
-0.117020
-0.115448
-0.114509
-0.115432
-0.115477
-0.111794
-0.113586
-0.111260
-0.110005
-0.104790
-0.106221
-0.107904
-0.109934
-0.106744
-0.097332
-0.102680
-0.101485
-0.104907
-0.100528
-0.101373
-0.091978
-0.093260
-0.094538
-0.092667
-0.093112
-0.090152
-0.086142
-0.092448
-0.085801
-0.084466
-0.088101
-0.090261
-0.082449
-0.085438
-0.076638
-0.080434
-0.083154
-0.073059
-0.073732
-0.075992
-0.072718
-0.077037
-0.075829
-0.072401
-0.068881
-0.072573
-0.070187
-0.063609
-0.067882
-0.061500
-0.061090
-0.061750
-0.063214
-0.060551
-0.055188
-0.059050
-0.047915
-0.055207
-0.059040
-0.055775
-0.053410
-0.049653
-0.044469
-0.046674
-0.041801
-0.050110
-0.043179
-0.045815
-0.038562
-0.043307
-0.041660
-0.039672
-0.035951
-0.035461
-0.034712
-0.024317
-0.026572
-0.025143
-0.026953
-0.022934
-0.020104
-0.025324
-0.022159
-0.018548
-0.022298
-0.014765
-0.014815
-0.016493
-0.010441
-0.012623
-0.009455
-0.011851
-0.006287
-0.005634
-0.002623
-0.000635
-0.003499
0.007394
-0.001466
0.000949
0.009260
0.002229
0.001956
0.006718
0.011328
0.013639
0.019430
0.011444
0.021283
0.020271
0.019008
0.021163
0.022843
0.023697
0.022395
0.026779
0.026902
0.027629
0.032912
0.033200
0.037683
0.038956
0.040257
0.041745
0.047007
0.037768
0.039023
0.044638
0.046199
0.050242
0.049494
0.052145
0.054449
0.055500
0.057757
0.058501
0.066862
0.065157
0.062769
0.065365
0.071921
0.074630
0.070066
0.075316
0.074225
0.077018
0.078352
0.081906
0.079629
0.085381
0.087852
0.086756
0.091196
0.089799
0.092481
0.092534
0.098384
0.097621
0.101797
0.097771
0.106284
0.100483
0.100505
0.110290
0.119719
0.105567
0.118096
0.115568
0.116680
0.119080
0.121194
0.123183
0.128341
0.124980
0.126130
0.131968
0.128133
0.139052
0.134606
0.141487
0.142025
0.140488
0.143839
0.143891
0.146566
0.149072
0.151994
0.151845
0.154382
0.158154
0.157809
0.158885
0.161610
0.166761
0.162052
0.173534
0.174187
0.172391
0.174471
0.173634
0.173920
0.175229
0.183522
0.182939
0.188403
0.189884
0.193715
0.189580
0.194320
0.199348
0.194540
0.196655
0.208503
0.208317
0.209746
0.210319
0.207315
0.209205
0.218023
0.220467
0.209501
0.217796
0.223156
0.221730
0.223970
0.226998
0.227941
0.231018
0.232072
0.237375
0.236562
0.242783
0.240003
0.243436
0.247361
0.246375
0.243393
0.251279
0.257631
0.257064
0.255001
0.258521
0.263789
0.266123
0.260547
0.266544
0.271234
0.265770
0.274434
0.276944
0.280297
0.278041
0.284140
0.284550
0.288908
0.290932
0.293907
0.289731
0.297521
0.297251
0.302068
0.303645
0.300645
0.304534
0.306523
0.313955
0.312066
0.307102
0.316718
0.321675
0.315685
0.320787
0.324648
0.325680
0.331330
0.333830
0.334855
0.333079
0.338123
0.337818
0.344287
0.343041
0.353464
0.348400
0.357708
0.356211
0.348012
0.357176
0.353020
0.359817
0.362878
0.368813
0.366107
0.373112
0.368346
0.367433
0.373003
0.371709
0.383107
0.379638
0.380971
0.384576
0.398933
0.391179
0.395365
0.391290
0.402272
0.402702
0.405440
0.404841
0.408584
0.406466
0.405226
0.414281
0.425065
0.419514
0.419685
0.414174
0.417795
0.424190
0.421382
0.423430
0.435293
0.436038
0.432508
0.443831
0.439824
0.442909
0.438388
0.452875
0.451987
0.450409
0.449715
0.459411
0.451227
0.453640
0.464921
0.474789
0.457635
0.466112
0.477184
0.469320
0.474209
0.481020
0.478253
0.484435
0.486501
0.492224
0.486240
0.487015
0.492397
0.490310
0.491940
0.495512
0.502409
0.499328
0.493319
0.506237
0.507423
0.511158
0.509618
0.511693
0.515276
0.518746
0.515887
0.523772
0.515346
0.529783
0.533199
0.532772
0.531761
0.534283
0.541992
0.539657
0.542005
0.547276
0.546078
0.548460
0.546311
0.554669
0.553948
0.559342
0.573333
0.562486
0.566741
0.573624
0.563427
0.573902
0.567976
0.578271
0.571746
0.577772
0.577968
0.579436
0.578669
0.587661
0.577461
0.589180
0.587749
0.595248
0.589213
0.592989
0.598787
0.604725
0.604243
0.600803
0.599994
0.605701
0.612658
0.620705
0.616550
0.625343
0.618117
0.616704
0.619706
0.622272
0.627469
0.628300
0.635437
0.636819
0.630685
0.639177
0.636557
0.639153
0.638918
0.637084
0.648430
0.648156
0.646978
0.656578
0.656056
0.661891
0.660983
0.666451
0.661672
0.663936
0.668339
0.657376
0.669242
0.672113
0.675754
0.675514
0.670604
0.676802
0.680519
0.681959
0.687221
0.688442
0.682137
0.687599
0.687799
0.695791
0.691626
0.699407
0.697169
0.701987
0.695890
0.698188
0.707152
0.714491
0.706326
0.711661
0.707563
0.717731
0.708966
0.721606
0.724734
0.720166
0.727310
0.720700
0.722506
0.726579
0.733771
0.725786
0.737775
0.731960
0.736475
0.743977
0.750297
0.749118
0.733711
0.741306
0.752679
0.746176
0.758743
0.749447
0.756713
0.764979
0.758296
0.758466
0.760742
0.760245
0.766539
0.764688
0.768973
0.769148
0.772385
0.767011
0.771677
0.766071
0.767567
0.775607
0.779396
0.778972
0.783503
0.783218
0.778257
0.786357
0.784549
0.785275
0.796129
0.781465
0.792835
0.790052
0.808880
0.793717
0.794558
0.799208
0.800217
0.801408
0.804080
0.800606
0.805000
0.816562
0.811266
0.813230
0.813717
0.814708
0.821527
0.820000
0.809475
0.827145
0.826915
0.827051
0.820223
0.834241
0.826131
0.831803
0.823723
0.836593
0.824623
0.831481
0.839927
0.828553
0.840896
0.845796
0.833327
0.845902
0.839675
0.840064
0.839774
0.849899
0.849309
0.849893
0.856466
0.843462
0.854694
0.860063
0.858375
0.858274
0.843455
0.856797
0.853224
0.857667
0.865830
0.864270
0.864087
0.870567
0.866088
0.873267
0.868854
0.867203
0.874295
0.870610
0.864140
0.864363
0.874456
0.872780
0.891109
0.869122
0.877254
0.868560
0.883140
0.877758
0.875690
0.881036
0.870070
0.886669
0.875155
0.888975
0.885555
0.885922
0.887868
0.886918
0.886915
0.886754
0.892618
0.887029
0.903365
0.892506
0.905484
0.893988
0.898381
0.896591
0.900602
0.895098
0.896706
0.903428
0.884150
0.908787
0.901427
0.908793
0.895510
0.888804
0.909802
0.918274
0.912215
0.911253
0.907426
0.913333
0.904150
0.906663
0.915069
0.912307
0.907296
0.911814
0.914979
0.909350
0.905254
0.916891
0.927096
0.914568
0.927313
0.913499
0.917608
0.924688
0.911254
0.915918
0.915023
0.911152
0.925645
0.923905
0.914320
0.921347
0.918259
0.921574
0.918653
0.920078
0.923781
0.931332
0.933108
0.929080
0.916602
0.925839
0.928763
0.929717
0.929900
0.925223
0.919415
0.931630
0.926292
0.916706
0.921880
0.925481
0.919928
0.927706
0.929530
0.933767
0.932387
0.938222
0.935262
0.930234
0.921699
0.925989
0.925321
0.930918
0.933429
0.926299
0.933436
0.926812
0.927669
0.943373
0.928981
0.935211
0.933608
0.930038
0.930482
0.933993
0.940386
0.931874
0.924351
0.931874
0.940386
0.933993
0.930482
0.930038
0.933608
0.935211
0.928981
0.943373
0.927669
0.926812
0.933436
0.926299
0.933429
0.930918
0.925321
0.925989
0.921699
0.930234
0.935262
0.938222
0.932387
0.933767
0.929530
0.927706
0.919928
0.925481
0.921880
0.916706
0.926292
0.931630
0.919415
0.925223
0.929900
0.929717
0.928763
0.925839
0.916602
0.929080
0.933108
0.931332
0.923781
0.920078
0.918653
0.921574
0.918259
0.921347
0.914320
0.923905
0.925645
0.911152
0.915023
0.915918
0.911254
0.924688
0.917608
0.913499
0.927313
0.914568
0.927096
0.916891
0.905254
0.909350
0.914979
0.911814
0.907296
0.912307
0.915069
0.906663
0.904150
0.913333
0.907426
0.911253
0.912215
0.918274
0.909802
0.888804
0.895510
0.908793
0.901427
0.908787
0.884150
0.903428
0.896706
0.895098
0.900602
0.896591
0.898381
0.893988
0.905484
0.892506
0.903365
0.887029
0.892618
0.886754
0.886915
0.886918
0.887868
0.885922
0.885555
0.888975
0.875155
0.886669
0.870070
0.881036
0.875690
0.877758
0.883140
0.868560
0.877254
0.869122
0.891109
0.872780
0.874456
0.864363
0.864140
0.870610
0.874295
0.867203
0.868854
0.873267
0.866088
0.870567
0.864087
0.864270
0.865830
0.857667
0.853224
0.856797
0.843455
0.858274
0.858375
0.860063
0.854694
0.843462
0.856466
0.849893
0.849309
0.849899
0.839774
0.840064
0.839675
0.845902
0.833327
0.845796
0.840896
0.828553
0.839927
0.831481
0.824623
0.836593
0.823723
0.831803
0.826131
0.834241
0.820223
0.827051
0.826915
0.827145
0.809475
0.820000
0.821527
0.814708
0.813717
0.813230
0.811266
0.816562
0.805000
0.800606
0.804080
0.801408
0.800217
0.799208
0.794558
0.793717
0.808880
0.790052
0.792835
0.781465
0.796129
0.785275
0.784549
0.786357
0.778257
0.783218
0.783503
0.778972
0.779396
0.775607
0.767567
0.766071
0.771677
0.767011
0.772385
0.769148
0.768973
0.764688
0.766539
0.760245
0.760742
0.758466
0.758296
0.764979
0.756713
0.749447
0.758743
0.746176
0.752679
0.741306
0.733711
0.749118
0.750297
0.743977
0.736475
0.731960
0.737775
0.725786
0.733771
0.726579
0.722506
0.720700
0.727310
0.720166
0.724734
0.721606
0.708966
0.717731
0.707563
0.711661
0.706326
0.714491
0.707152
0.698188
0.695890
0.701987
0.697169
0.699407
0.691626
0.695791
0.687799
0.687599
0.682137
0.688442
0.687221
0.681959
0.680519
0.676802
0.670604
0.675514
0.675754
0.672113
0.669242
0.657376
0.668339
0.663936
0.661672
0.666451
0.660983
0.661891
0.656056
0.656578
0.646978
0.648156
0.648430
0.637084
0.638918
0.639153
0.636557
0.639177
0.630685
0.636819
0.635437
0.628300
0.627469
0.622272
0.619706
0.616704
0.618117
0.625343
0.616550
0.620705
0.612658
0.605701
0.599994
0.600803
0.604243
0.604725
0.598787
0.592989
0.589213
0.595248
0.587749
0.589180
0.577461
0.587661
0.578669
0.579436
0.577968
0.577772
0.571746
0.578271
0.567976
0.573902
0.563427
0.573624
0.566741
0.562486
0.573333
0.559342
0.553948
0.554669
0.546311
0.548460
0.546078
0.547276
0.542005
0.539657
0.541992
0.534283
0.531761
0.532772
0.533199
0.529783
0.515346
0.523772
0.515887
0.518746
0.515276
0.511693
0.509618
0.511158
0.507423
0.506237
0.493319
0.499328
0.502409
0.495512
0.491940
0.490310
0.492397
0.487015
0.486240
0.492224
0.486501
0.484435
0.478253
0.481020
0.474209
0.469320
0.477184
0.466112
0.457635
0.474789
0.464921
0.453640
0.451227
0.459411
0.449715
0.450409
0.451987
0.452875
0.438388
0.442909
0.439824
0.443831
0.432508
0.436038
0.435293
0.423430
0.421382
0.424190
0.417795
0.414174
0.419685
0.419514
0.425065
0.414281
0.405226
0.406466
0.408584
0.404841
0.405440
0.402702
0.402272
0.391290
0.395365
0.391179
0.398933
0.384576
0.380971
0.379638
0.383107
0.371709
0.373003
0.367433
0.368346
0.373112
0.366107
0.368813
0.362878
0.359817
0.353020
0.357176
0.348012
0.356211
0.357708
0.348400
0.353464
0.343041
0.344287
0.337818
0.338123
0.333079
0.334855
0.333830
0.331330
0.325680
0.324648
0.320787
0.315685
0.321675
0.316718
0.307102
0.312066
0.313955
0.306523
0.304534
0.300645
0.303645
0.302068
0.297251
0.297521
0.289731
0.293907
0.290932
0.288908
0.284550
0.284140
0.278041
0.280297
0.276944
0.274434
0.265770
0.271234
0.266544
0.260547
0.266123
0.263789
0.258521
0.255001
0.257064
0.257631
0.251279
0.243393
0.246375
0.247361
0.243436
0.240003
0.242783
0.236562
0.237375
0.232072
0.231018
0.227941
0.226998
0.223970
0.221730
0.223156
0.217796
0.209501
0.220467
0.218023
0.209205
0.207315
0.210319
0.209746
0.208317
0.208503
0.196655
0.194540
0.199348
0.194320
0.189580
0.193715
0.189884
0.188403
0.182939
0.183522
0.175229
0.173920
0.173634
0.174471
0.172391
0.174187
0.173534
0.162052
0.166761
0.161610
0.158885
0.157809
0.158154
0.154382
0.151845
0.151994
0.149072
0.146566
0.143891
0.143839
0.140488
0.142025
0.141487
0.134606
0.139052
0.128133
0.131968
0.126130
0.124980
0.128341
0.123183
0.121194
0.119080
0.116680
0.115568
0.118096
0.105567
0.119719
0.110290
0.100505
0.100483
0.106284
0.097771
0.101797
0.097621
0.098384
0.092534
0.092481
0.089799
0.091196
0.086756
0.087852
0.085381
0.079629
0.081906
0.078352
0.077018
0.074225
0.075316
0.070066
0.074630
0.071921
0.065365
0.062769
0.065157
0.066862
0.058501
0.057757
0.055500
0.054449
0.052145
0.049494
0.050242
0.046199
0.044638
0.039023
0.037768
0.047007
0.041745
0.040257
0.038956
0.037683
0.033200
0.032912
0.027629
0.026902
0.026779
0.022395
0.023697
0.022843
0.021163
0.019008
0.020271
0.021283
0.011444
0.019430
0.013639
0.011328
0.006718
0.001956
0.002229
0.009260
0.000949
-0.001466
0.007394
-0.003499
-0.000635
-0.002623
-0.005634
-0.006287
-0.011851
-0.009455
-0.012623
-0.010441
-0.016493
-0.014815
-0.014765
-0.022298
-0.018548
-0.022159
-0.025324
-0.020104
-0.022934
-0.026953
-0.025143
-0.026572
-0.024317
-0.034712
-0.035461
-0.035951
-0.039672
-0.041660
-0.043307
-0.038562
-0.045815
-0.043179
-0.050110
-0.041801
-0.046674
-0.044469
-0.049653
-0.053410
-0.055775
-0.059040
-0.055207
-0.047915
-0.059050
-0.055188
-0.060551
-0.063214
-0.061750
-0.061090
-0.061500
-0.067882
-0.063609
-0.070187
-0.072573
-0.068881
-0.072401
-0.075829
-0.077037
-0.072718
-0.075992
-0.073732
-0.073059
-0.083154
-0.080434
-0.076638
-0.085438
-0.082449
-0.090261
-0.088101
-0.084466
-0.085801
-0.092448
-0.086142
-0.090152
-0.093112
-0.092667
-0.094538
-0.093260
-0.091978
-0.101373
-0.100528
-0.104907
-0.101485
-0.102680
-0.097332
-0.106744
-0.109934
-0.107904
-0.106221
-0.104790
-0.110005
-0.111260
-0.113586
-0.111794
-0.115477
-0.115432
-0.114509
-0.115448
-0.117020
-0.114433
-0.116323
-0.118478
-0.124843
-0.121951
-0.123079
-0.121043
-0.125608
-0.127796
-0.131657
-0.126225
-0.127890
-0.127896
-0.127284
-0.133254
-0.138249
-0.131600
-0.134515
-0.132586
-0.134561
-0.135634
-0.137649
-0.136909
-0.138774
-0.138199
-0.137366
-0.141417
-0.137664
-0.136966
-0.139994
-0.139881
-0.139988
-0.146276
-0.147144
-0.146465
-0.152156
-0.149090
-0.149839
-0.154361
-0.154864
-0.148356
-0.151085
-0.149965
-0.151601
-0.153560
-0.150517
-0.153900
-0.157442
-0.155725
-0.154397
-0.153872
-0.154453
-0.160102
-0.155411
-0.160482
-0.159203
-0.164162
-0.164844
-0.161348
-0.161168
-0.160390
-0.160547
-0.166797
-0.165122
-0.165914
-0.161870
-0.166069
-0.168217
-0.163851
-0.170825
-0.169999
-0.167771
-0.168591
-0.168131
-0.171513
-0.173636
-0.171670
-0.169416
-0.168201
-0.171092
-0.179001
-0.174358
-0.168882
-0.172579
-0.178856
-0.180417
-0.174476
-0.175544
-0.179566
-0.175063
-0.178765
-0.180607
-0.179268
-0.178537
-0.175547
-0.179186
-0.184105
-0.181226
-0.179374
-0.182907
-0.182159
-0.179739
-0.177777
-0.184846
-0.182669
-0.182137
-0.186528
-0.180854
-0.184064
-0.186773
-0.184158
-0.186388
-0.183999
-0.186329
-0.181672
-0.188505
-0.185509
-0.186050
-0.183246
-0.184094
-0.185316
-0.186218
-0.192006
-0.189640
-0.187492
-0.192193
-0.195248
-0.192103
-0.194788
-0.192936
-0.185992
-0.196492
-0.193712
-0.187877
-0.196278
-0.191918
-0.189282
-0.188598
-0.191348
-0.189333
-0.191798
-0.193649
-0.192755
-0.195428
-0.189723
-0.193970
-0.190667
-0.191747
-0.192026
-0.195556
-0.189345
-0.192574
-0.195066
-0.192153
-0.191278
-0.191829
-0.193739
-0.198318
-0.194700
-0.196010
-0.192844
-0.195688
-0.192976
-0.192694
-0.195209
-0.195414
-0.193223
-0.193128
-0.192173
-0.195678
-0.200239
-0.194947
-0.194697
-0.195214
-0.198906
-0.196863
-0.191931
-0.193745
-0.198411
-0.195462
-0.189317
-0.194252
-0.198422
-0.198579
-0.195827
-0.192339
-0.195161
-0.196299
-0.198381
-0.195280
-0.193339
-0.197551
-0.192366
-0.195534
-0.192508
-0.193238
-0.199810
-0.194417
-0.198316
-0.192290
-0.194078
-0.195340
-0.193702
-0.191190
-0.193433
-0.194481
-0.193700
-0.195585
-0.192536
-0.193173
-0.195404
-0.190902
-0.193118
-0.194521
-0.194727
-0.190682
-0.192034
-0.191985
-0.189024
-0.190148
-0.190519
-0.189705
-0.191781
-0.193548
-0.192362
-0.192150
-0.187426
-0.185809
-0.190147
-0.190174
-0.188056
-0.193589
-0.190894
-0.185926
-0.191247
-0.186077
-0.192146
-0.187364
-0.190494
-0.186999
-0.183747
-0.189900
-0.186438
-0.187570
-0.188627
-0.186970
-0.189094
-0.187245
-0.185849
-0.188111
-0.187895
-0.183948
-0.186432
-0.187197
-0.180494
-0.181566
-0.182567
-0.184219
-0.186229
-0.184871
-0.183892
-0.186083
-0.181486
-0.181646
-0.183898
-0.182181
-0.183405
-0.180431
-0.179127
-0.181652
-0.181090
-0.178327
-0.177780
-0.179565
-0.175258
-0.181320
-0.177608
-0.177697
-0.174869
-0.177648
-0.177040
-0.174492
-0.174239
-0.179264
-0.169455
-0.175611
-0.176993
-0.176491
-0.172400
-0.171122
-0.174831
-0.172171
-0.168723
-0.172955
-0.173056
-0.169421
-0.172686
-0.171555
-0.170361
-0.171677
-0.171279
-0.165437
-0.168017
-0.171167
-0.171932
-0.165835
-0.168730
-0.163326
-0.163656
-0.162762
-0.165062
-0.165840
-0.165137
-0.162875
-0.164693
-0.164531
-0.162590
-0.163277
-0.163315
-0.162337
-0.164670
-0.160905
-0.158316
-0.160850
-0.160457
-0.160642
-0.157494
-0.158130
-0.159189
-0.158565
-0.154635
-0.155601
-0.156219
-0.156068
-0.156301
-0.153460
-0.153340
-0.154732
-0.153098
-0.154550
-0.153069
-0.156702
-0.151404
-0.150456
-0.149499
-0.153934
-0.150374
-0.148145
-0.147363
-0.147088
-0.152419
-0.144382
-0.148784
-0.149628
-0.145997
-0.145759
-0.142369
-0.147211
-0.146400
-0.142404
-0.144478
-0.145592
-0.143173
-0.143071
-0.140811
-0.141419
-0.140938
-0.142783
-0.140511
-0.140912
-0.138171
-0.137790
-0.139724
-0.139373
-0.139090
-0.139365
-0.135103
-0.133933
-0.134359
-0.137066
-0.134364
-0.135528
-0.136957
-0.132211
-0.134136
-0.131211
-0.132466
-0.132308
-0.133039
-0.130011
-0.132217
-0.128156
-0.125736
-0.126531
-0.126409
-0.127416
-0.126992
-0.128367
-0.126538
-0.127433
-0.122531
-0.123908
-0.127785
-0.122299
-0.121504
-0.124077
-0.121704
-0.122024
-0.120965
-0.122197
-0.122208
-0.121228
-0.121177
-0.120129
-0.117031
-0.112754
-0.116425
-0.119159
-0.116389
-0.115288
-0.114685
-0.114136
-0.115973
-0.114871
-0.114279
-0.114238
-0.115343
-0.108722
-0.113221
-0.111692
-0.107774
-0.108859
-0.111082
-0.110792
-0.108134
-0.106336
-0.105480
-0.107938
-0.104618
-0.105595
-0.107733
-0.106656
-0.104034
-0.104202
-0.103094
-0.103160
-0.102185
-0.102731
-0.100707
-0.101885
-0.097136
-0.100158
-0.101539
-0.096061
-0.098605
-0.100551
-0.096424
-0.096286
-0.094384
-0.097201
-0.093424
-0.092204
-0.094252
-0.095627
-0.096647
-0.092909
-0.092809
-0.091746
-0.092596
-0.090734
-0.089783
-0.090666
-0.091748
-0.089132
-0.090085
-0.087007
-0.089630
-0.083602
-0.086818
-0.088954
-0.089812
-0.087597
-0.086644
-0.083960
-0.083544
-0.084881
-0.084511
-0.081755
-0.084166
-0.082590
-0.082250
-0.082558
-0.078867
-0.082389
-0.080438
-0.081088
-0.078419
-0.079464
-0.078636
-0.079132
-0.076275
-0.076927
-0.079630
-0.077494
-0.077125
-0.077194
-0.076067
-0.075516
-0.073059
-0.075372
-0.074716
-0.076272
-0.072261
-0.071249
-0.073327
-0.072103
-0.070096
-0.067908
-0.069396
-0.070568
-0.066224
-0.069377
-0.068675
-0.068644
-0.067056
-0.067908
-0.065468
-0.067263
-0.064168
-0.066623
-0.063633
-0.064009
-0.064748
-0.064656
-0.061180
-0.064189
-0.063651
-0.062642
-0.061639
-0.063968
-0.060559
-0.057381
-0.060595
-0.057440
-0.059267
-0.057000
-0.057245
-0.056360
-0.057563
-0.060205
-0.054221
-0.054922
-0.055486
-0.056346
-0.053760
-0.052405
-0.056404
-0.050369
-0.051115
-0.054185
-0.050565
-0.052875
-0.052062
-0.052402
-0.051142
-0.049983
-0.050273
-0.048992
-0.048063
-0.049504
-0.049852
-0.047670
-0.048150
-0.048220
-0.049278
-0.047854
-0.044668
-0.047904
-0.046592
-0.044871
-0.044624
-0.045553
-0.044622
-0.045530
-0.045906
-0.043124
-0.042634
-0.041273
-0.042036
-0.040485
-0.039059
-0.041468
-0.043539
-0.041863
-0.041153
-0.041352
-0.040587
-0.037530
-0.038544
-0.035939
-0.038707
-0.036866
-0.039024
-0.036538
-0.034098
-0.033445
-0.034421
-0.031899
-0.034066
-0.035507
-0.034832
-0.033692
-0.034467
-0.034107
-0.030654
-0.032002
-0.031937
-0.033407
-0.034862
-0.032128
-0.031610
-0.032200
-0.032332
-0.033292
-0.029367
-0.030364
-0.029690
-0.026470
-0.027293
-0.029721
-0.026635
-0.030691
-0.028334
-0.027083
-0.029255
-0.026089
-0.025965
-0.026299
-0.025847
-0.026146
-0.028198
-0.025020
-0.022221
-0.025061
-0.024911
-0.023595
-0.025669
-0.022285
-0.024566
-0.023469
-0.023261
-0.022850
-0.025861
-0.021689
-0.022525
-0.022852
-0.025344
-0.021013
-0.021498
-0.021228
-0.021294
-0.021022
-0.021822
-0.021594
-0.017042
-0.019144
-0.021557
-0.020356
-0.017015
-0.015824
-0.017248
-0.016949
-0.020866
-0.019626
-0.018873
-0.020902
-0.014327
-0.015526
-0.016824
-0.017512
-0.015416
-0.016040
-0.016516
-0.016710
-0.015038
-0.014692
-0.016080
-0.014435
-0.014421
-0.015485
-0.013395
-0.015343
-0.010212
-0.014427
-0.013482
-0.010803
-0.013026
-0.012380
-0.009830
-0.010095
-0.012536
-0.011177
-0.009475
-0.014341
-0.010197
-0.008656
-0.010048
-0.011362
-0.008772
-0.009594
-0.011413
-0.008744
-0.011650
-0.010958
-0.009206
-0.008558
-0.009490
-0.006406
-0.007928
-0.007991
-0.008526
-0.005988
-0.006479
-0.005404
-0.008048
-0.005608
-0.007034
-0.005219
-0.007589
-0.005308
-0.006236
-0.003235
-0.006683
-0.006762
-0.005715
-0.006775
-0.005923
-0.005721
-0.006629
-0.005676
-0.005020
-0.004984
-0.005665
-0.004741
-0.004103
-0.004604
-0.004424
-0.005817
-0.004149
-0.005572
-0.004528
-0.003021
-0.002748
-0.004395
-0.005876
-0.002640
-0.002128
-0.003212
-0.000528
-0.002086
-0.003942
-0.001520
-0.004539
-0.005092
-0.003284
-0.001696
-0.003857
-0.002016
-0.000744
-0.001930
-0.002439
-0.001562
-0.002743
-0.001174
-0.000677
-0.000863
-0.001617
-0.000549
-0.000197
-0.001394
-0.000442
0.001814
0.000366
-0.003291
0.000154
-0.000415
0.000908
-0.000623
0.000383
0.001464
0.001107
0.002257
0.001277
0.000559
0.001874
0.000704
0.002222
0.000403
0.003942
0.004891
0.002944
0.000646
0.001614
0.000767
0.001260
0.001773
0.001767
0.003032
0.002314
0.003304
0.001487
0.001767
0.001829
0.002153
0.003020
0.006147
0.003014
0.003074
0.005450
0.004151
0.003146
0.003887
0.004920
0.003287
0.001384
0.004216
0.001119
0.002890
0.005826
0.004014
0.003750
0.004003
0.003051
0.002370
0.001364
0.004479
0.002775
0.002686
0.002810
0.004589
0.003337
0.006041
0.002543
0.004566
0.004011
0.006365
0.006288
0.004292
0.006098
0.005430
0.003332
0.003422
0.004519
0.005407
0.003519
0.003810
0.006105
0.003424
0.006028
0.003159
0.005966
0.004400
0.003899
0.006267
0.003363
0.003892
0.004851
0.005736
0.003496
0.004924
0.005236
0.003593
0.005187
0.003123
0.003150
0.005079
0.004446
0.004820
0.003769
0.007965
0.005944
0.004297
0.005487
0.005808
0.006519
0.004961
0.002771
0.004176
0.006366
0.004759
0.002883
0.005994
0.004536
0.005036
0.004192
0.002569
0.006020
0.005236
0.004762
0.004758
0.005956
0.004161
0.003317
0.005299
0.006388
0.006044
0.005945
0.007430
0.007149
0.005147
0.005666
0.004638
0.005950
0.005569
0.003727
0.004802
0.005310
0.005303
0.006625
0.006364
0.006136
0.005279
0.006603
0.003402
0.001877
0.006952
0.006982
0.004991
0.004535
0.006662
0.007179
0.005071
0.005859
0.005041
0.005227
0.006280
0.006227
0.003830
0.006986
0.007018
0.003995
0.006529
0.005378
0.003886
0.005099
0.004117
0.003868
0.005127
0.005874
0.005426
0.006406
0.003576
0.005144
0.003337
0.003737
0.004268
0.002915
0.005127
0.005391
0.004793
0.004297
0.004754
0.003350
0.003020
0.005850
0.004604
0.004261
0.005603
0.004280
0.004561
0.005815
0.003950
0.003757
0.005695
0.003959
0.004517
0.005868
0.001788
0.001724
0.005980
0.002324
0.002634
0.005858
0.004465
0.002940
0.004442
0.005691
0.004630
0.003667
0.004544
0.005297
0.004862
0.002840
0.005666
0.002744
0.003120
0.006479
0.004432
0.005118
0.005308
0.007348
0.004515
0.005264
0.002668
0.002385
0.006332
0.005386
0.004520
0.001971
0.003549
0.005168
0.003946
0.005940
0.005139
0.005808
0.003671
0.002672
0.006121
0.005119
0.004664
0.004762
0.004321
0.003623
0.006671
0.003685
0.003180
0.005059
0.001970
0.007291
0.006884
0.005198
0.002538
0.004015
0.004517
0.004431
0.005834
0.004615
0.001370
0.005629
0.001517
0.003686
0.004178
0.005830
0.001719
0.002249
0.001412
0.003651
0.003016
0.004161
0.003214
0.003868
0.002203
0.003089
0.001479
0.002858
0.004849
0.003476
0.005828
0.005404
0.006234


