M_loss: 10, M_sym: 4300.0, M_power: 9000, M_bandwidth: 22.3872113856834
0.033979
0.030895
0.030355
0.028234
0.026796
0.024309
0.018239
0.019219
0.016287
0.016914
0.015292
0.016249
0.016708
0.017559
0.016811
0.015986
0.017220
0.017403
0.017074
0.015775
0.017998
0.018908
0.019346
0.017215
0.018027
0.020344
0.018329
0.019134
0.019364
0.021711
0.019871
0.018355
0.018976
0.021105
0.018456
0.020261
0.022644
0.023695
0.023867
0.019313
0.019314
0.020576
0.022833
0.024087
0.024746
0.026016
0.024266
0.024000
0.024833
0.022688
0.023644
0.021382
0.025576
0.023477
0.027571
0.025053
0.028877
0.024731
0.026054
0.025843
0.027574
0.026510
0.029578
0.029980
0.028429
0.027853
0.026375
0.029928
0.027135
0.029576
0.030439
0.031620
0.030780
0.029552
0.032179
0.031040
0.031768
0.030777
0.028710
0.034754
0.034674
0.033045
0.034541
0.032719
0.032622
0.032766
0.033668
0.033808
0.035446
0.036232
0.036298
0.034787
0.037474
0.036567
0.036997
0.036211
0.038709
0.038315
0.036700
0.038904
0.040591
0.036909
0.037714
0.038765
0.042197
0.039161
0.041493
0.041639
0.040217
0.041538
0.040501
0.040894
0.045442
0.042482
0.043369
0.045091
0.043586
0.042914
0.042376
0.043881
0.043655
0.044847
0.047312
0.047554
0.047456
0.048232
0.046618
0.046768
0.047320
0.046712
0.046076
0.048322
0.045893
0.050681
0.051169
0.051315
0.052067
0.049787
0.049373
0.051087
0.050313
0.052312
0.050397
0.052866
0.054333
0.054111
0.054612
0.053440
0.052561
0.054793
0.054073
0.056341
0.055450
0.056623
0.055069
0.054628
0.059027
0.056743
0.057318
0.057074
0.058091
0.057051
0.058861
0.059189
0.060764
0.062831
0.060695
0.060632
0.060338
0.060452
0.059749
0.062096
0.064768
0.064404
0.064883
0.063743
0.064183
0.061348
0.063826
0.064261
0.065464
0.063697
0.066390
0.068054
0.067087
0.067114
0.066573
0.067757
0.068932
0.069553
0.069123
0.068814
0.068300
0.069128
0.067639
0.071084
0.070526
0.073168
0.072294
0.072854
0.072266
0.071676
0.071796
0.071897
0.071870
0.074327
0.074823
0.077338
0.074843
0.075159
0.074015
0.075380
0.077234
0.074913
0.079089
0.078401
0.076809
0.075406
0.078962
0.079255
0.077472
0.081763
0.079827
0.080926
0.079335
0.079337
0.080374
0.080708
0.082506
0.081977
0.080599
0.083763
0.083823
0.084176
0.084238
0.087076
0.082603
0.083381
0.083456
0.087439
0.084005
0.087223
0.084943
0.086636
0.089213
0.086443
0.086251
0.087585
0.088485
0.089822
0.091583
0.091883
0.087575
0.088236
0.090677
0.091134
0.092258
0.090514
0.091074
0.090471
0.094083
0.089566
0.093292
0.093981
0.093306
0.092555
0.092737
0.095094
0.094258
0.094531
0.098785
0.097325
0.095839
0.097894
0.095405
0.095717
0.097871
0.096771
0.097332
0.096257
0.101038
0.097436
0.098895
0.102095
0.100816
0.099833
0.098023
0.104616
0.098596
0.100583
0.101186
0.104824
0.104293
0.102732
0.101529
0.103070
0.101305
0.103662
0.103611
0.103497
0.104536
0.102835
0.104353
0.106556
0.105748
0.106761
0.105637
0.107182
0.106361
0.106182
0.104401
0.105812
0.107134
0.106628
0.110673
0.110022
0.110562
0.109421
0.109815
0.107049
0.107960
0.107153
0.109100
0.111717
0.110164
0.113498
0.108169
0.110828
0.111944
0.113177
0.110331
0.110591
0.111194
0.113057
0.113607
0.111855
0.116222
0.113404
0.111306
0.114499
0.112460
0.113546
0.113942
0.114544
0.114659
0.117258
0.116689
0.112605
0.112991
0.117908
0.115533
0.113231
0.116455
0.114994
0.118986
0.117442
0.120578
0.116141
0.116500
0.116115
0.113649
0.116673
0.116657
0.117946
0.117828
0.121654
0.121743
0.121793
0.120606
0.117502
0.117963
0.113746
0.116636
0.118246
0.118367
0.120343
0.121319
0.122415
0.120690
0.119293
0.118466
0.118644
0.121396
0.120323
0.120814
0.119637
0.120425
0.120336
0.123169
0.118716
0.120647
0.120353
0.121343
0.124134
0.119991
0.121089
0.120663
0.119839
0.120746
0.121531
0.121214
0.120104
0.124306
0.124497
0.120092
0.120851
0.118871
0.122779
0.121901
0.121321
0.121836
0.123734
0.123991
0.119335
0.119782
0.123329
0.121358
0.119954
0.122971
0.122353
0.121280
0.120251
0.123907
0.121610
0.120301
0.120298
0.118539
0.122576
0.122486
0.124221
0.119566
0.121951
0.121841
0.119153
0.123661
0.121172
0.122564
0.118132
0.119730
0.117820
0.122273
0.118307
0.121670
0.122302
0.122547
0.122098
0.121182
0.122062
0.121199
0.117441
0.115767
0.116931
0.120416
0.119432
0.120662
0.121225
0.118764
0.117976
0.119983
0.119901
0.117742
0.118499
0.116669
0.117441
0.118250
0.118194
0.115606
0.118426
0.116866
0.116524
0.115257
0.118337
0.118080
0.116542
0.114934
0.114537
0.117440
0.110513
0.116066
0.115730
0.114882
0.115284
0.115179
0.112742
0.113933
0.116581
0.113120
0.114118
0.114436
0.112934
0.111020
0.109692
0.108952
0.107776
0.107219
0.107335
0.108312
0.107759
0.110567
0.111939
0.116876
0.115118
0.111847
0.111371
0.110985
0.106693
0.106233
0.107323
0.107107
0.103498
0.107211
0.109202
0.106756
0.105434
0.104934
0.106673
0.103573
0.103753
0.102997
0.102521
0.101009
0.103292
0.099104
0.095641
0.101982
0.100189
0.099426
0.100215
0.098821
0.098830
0.094981
0.097376
0.099439
0.095941
0.099161
0.098332
0.096139
0.094418
0.089381
0.092544
0.096371
0.093775
0.093139
0.089170
0.088092
0.091290
0.090139
0.092935
0.090747
0.091422
0.088927
0.088509
0.090360
0.086475
0.085053
0.085732
0.085684
0.089173
0.085355
0.085130
0.081766
0.081187
0.082710
0.084870
0.086309
0.080790
0.078273
0.081961
0.079028
0.078579
0.079837
0.080035
0.075707
0.075971
0.079922
0.071362
0.077318
0.071883
0.075051
0.075705
0.071977
0.069402
0.070352
0.075063
0.072620
0.069140
0.071043
0.066536
0.067552
0.066598
0.064460
0.065896
0.062741
0.066578
0.063588
0.065890
0.060994
0.058633
0.059833
0.059517
0.065406
0.060229
0.057075
0.057759
0.058326
0.055206
0.051306
0.056093
0.052973
0.052943
0.052031
0.055065
0.049637
0.050011
0.051687
0.047783
0.048191
0.047780
0.047004
0.046069
0.045600
0.043216
0.041337
0.043014
0.043214
0.041510
0.040437
0.040038
0.038250
0.039357
0.037321
0.033763
0.041008
0.035040
0.032292
0.033137
0.033546
0.030970
0.030414
0.030416
0.030592
0.029025
0.029189
0.026196
0.025917
0.026483
0.021581
0.022464
0.022240
0.021917
0.019950
0.018093
0.020771
0.020410
0.018764
0.017087
0.012913
0.016754
0.012027
0.012951
0.010084
0.011856
0.013342
0.009344
0.010924
0.007267
0.002879
0.007228
0.004633
0.002351
0.002165
0.000764
0.000063
0.000133
0.003210
-0.001204
-0.001077
-0.003100
-0.003447
-0.006761
-0.008144
-0.006047
-0.008462
-0.006266
-0.009843
-0.011009
-0.012302
-0.016685
-0.016540
-0.010499
-0.010176
-0.014873
-0.016053
-0.023286
-0.021293
-0.023693
-0.020696
-0.022782
-0.020963
-0.022612
-0.027283
-0.027224
-0.027666
-0.026317
-0.027547
-0.029455
-0.032065
-0.032745
-0.034780
-0.034872
-0.035183
-0.032503
-0.038217
-0.038966
-0.038943
-0.040377
-0.042276
-0.043209
-0.044857
-0.041651
-0.048851
-0.045510
-0.047500
-0.044750
-0.050024
-0.048534
-0.050959
-0.051790
-0.053476
-0.055122
-0.055297
-0.058664
-0.059844
-0.061954
-0.060811
-0.059402
-0.060290
-0.065471
-0.060620
-0.061377
-0.064232
-0.067476
-0.072225
-0.069854
-0.068811
-0.071194
-0.069902
-0.073364
-0.075215
-0.076995
-0.074203
-0.080257
-0.077603
-0.078390
-0.078603
-0.082337
-0.083764
-0.082608
-0.086384
-0.087409
-0.084135
-0.089433
-0.086517
-0.087357
-0.091220
-0.093390
-0.092462
-0.095681
-0.099492
-0.092522
-0.098266
-0.098511
-0.098390
-0.097211
-0.099600
-0.106323
-0.103760
-0.097983
-0.105274
-0.106647
-0.108143
-0.110214
-0.110244
-0.108591
-0.109135
-0.111860
-0.115733
-0.116108
-0.115465
-0.114999
-0.109747
-0.116271
-0.123286
-0.124147
-0.117576
-0.120997
-0.127125
-0.124143
-0.124161
-0.124332
-0.130572
-0.132086
-0.126502
-0.131728
-0.129790
-0.136792
-0.132199
-0.130238
-0.135641
-0.137259
-0.140355
-0.138851
-0.142607
-0.136837
-0.141642
-0.138347
-0.147780
-0.143488
-0.145879
-0.145730
-0.147660
-0.150839
-0.148151
-0.152955
-0.152995
-0.151679
-0.153702
-0.151285
-0.154077
-0.157445
-0.159615
-0.161225
-0.154301
-0.164064
-0.161188
-0.164295
-0.160709
-0.162751
-0.167685
-0.164640
-0.167199
-0.166846
-0.167195
-0.172109
-0.173142
-0.172671
-0.169495
-0.175302
-0.173898
-0.176146
-0.176317
-0.181643
-0.180290
-0.179329
-0.176690
-0.180637
-0.180041
-0.181381
-0.182541
-0.188880
-0.184897
-0.186547
-0.188111
-0.189985
-0.189317
-0.192497
-0.192767
-0.192215
-0.191806
-0.188146
-0.195400
-0.195926
-0.200338
-0.192542
-0.196953
-0.204672
-0.199804
-0.198426
-0.201771
-0.202052
-0.199074
-0.206855
-0.207582
-0.204327
-0.199518
-0.211229
-0.210027
-0.211227
-0.207834
-0.208019
-0.214272
-0.209146
-0.211519
-0.211567
-0.215236
-0.218523
-0.212990
-0.217559
-0.220233
-0.213849
-0.226437
-0.218029
-0.216244
-0.219743
-0.218977
-0.225897
-0.219941
-0.224178
-0.226095
-0.226138
-0.227515
-0.225520
-0.228178
-0.225810
-0.232010
-0.233456
-0.226784
-0.229836
-0.230445
-0.230002
-0.233478
-0.235100
-0.230683
-0.235598
-0.236523
-0.235906
-0.241350
-0.240250
-0.231848
-0.237621
-0.238531
-0.242233
-0.242378
-0.241186
-0.240268
-0.243836
-0.237056
-0.241839
-0.240589
-0.246493
-0.244121
-0.248188
-0.248995
-0.245058
-0.246968
-0.248460
-0.245948
-0.250165
-0.251453
-0.247668
-0.244034
-0.246327
-0.252459
-0.255696
-0.249143
-0.250678
-0.256032
-0.253602
-0.250191
-0.254880
-0.254676
-0.257778
-0.253968
-0.255418
-0.252511
-0.253613
-0.257280
-0.257541
-0.261549
-0.260055
-0.259368
-0.258413
-0.252921
-0.258962
-0.263454
-0.259101
-0.259643
-0.262222
-0.258158
-0.259062
-0.264686
-0.259263
-0.262788
-0.260886
-0.264154
-0.262736
-0.260726
-0.262542
-0.263776
-0.265522
-0.264829
-0.264688
-0.261640
-0.258897
-0.264984
-0.259196
-0.264958
-0.265471
-0.268566
-0.263380
-0.264247
-0.268243
-0.267526
-0.265993
-0.262900
-0.264658
-0.263407
-0.265201
-0.270966
-0.268355
-0.263623
-0.266533
-0.262762
-0.266704
-0.270347
-0.268459
-0.264735
-0.261324
-0.269770
-0.266338
-0.261894
-0.264942
-0.262001
-0.265285
-0.262635
-0.264141
-0.268825
-0.271300
-0.264545
-0.266666
-0.262228
-0.262227
-0.264666
-0.266886
-0.263412
-0.264973
-0.263254
-0.261718
-0.268305
-0.264578
-0.262768
-0.262772
-0.259328
-0.263047
-0.265107
-0.261043
-0.265092
-0.256843
-0.265875
-0.261599
-0.257930
-0.264220
-0.259154
-0.259759
-0.265160
-0.259439
-0.256842
-0.258770
-0.258362
-0.257381
-0.257625
-0.255738
-0.257349
-0.254209
-0.258827
-0.265168
-0.252777
-0.250018
-0.255810
-0.249677
-0.256240
-0.245058
-0.254059
-0.254036
-0.255382
-0.246864
-0.250786
-0.246750
-0.250999
-0.245037
-0.246624
-0.250006
-0.245194
-0.251063
-0.246574
-0.244876
-0.239562
-0.246241
-0.244864
-0.240815
-0.246835
-0.241510
-0.233296
-0.236978
-0.241066
-0.237515
-0.242058
-0.236488
-0.235205
-0.231732
-0.238771
-0.237633
-0.235128
-0.230320
-0.228733
-0.226811
-0.234754
-0.224474
-0.227547
-0.229425
-0.228397
-0.225186
-0.224544
-0.222549
-0.225989
-0.223536
-0.223381
-0.220023
-0.218927
-0.218529
-0.220250
-0.216818
-0.214459
-0.214692
-0.212356
-0.208423
-0.215583
-0.211237
-0.212198
-0.211628
-0.210334
-0.204552
-0.203989
-0.202688
-0.202272
-0.203979
-0.203433
-0.200327
-0.201604
-0.201722
-0.193895
-0.201663
-0.192119
-0.191487
-0.193266
-0.191201
-0.193112
-0.189353
-0.188098
-0.190025
-0.182806
-0.184064
-0.182285
-0.179601
-0.185655
-0.178845
-0.177411
-0.176336
-0.181351
-0.169470
-0.173922
-0.170637
-0.172276
-0.171212
-0.168220
-0.162733
-0.166010
-0.162638
-0.167873
-0.157240
-0.163630
-0.156175
-0.151884
-0.156120
-0.151578
-0.156190
-0.152134
-0.149704
-0.147716
-0.144938
-0.147760
-0.140630
-0.146036
-0.137693
-0.142378
-0.138661
-0.132792
-0.135384
-0.132562
-0.133804
-0.128876
-0.126912
-0.129946
-0.122995
-0.123243
-0.123997
-0.113248
-0.121601
-0.116142
-0.116080
-0.111831
-0.110522
-0.110362
-0.115216
-0.106102
-0.103948
-0.106179
-0.097978
-0.104307
-0.098708
-0.094424
-0.093131
-0.089931
-0.092466
-0.087454
-0.093073
-0.083227
-0.080909
-0.081633
-0.081332
-0.081017
-0.075309
-0.074365
-0.076091
-0.068950
-0.070219
-0.072486
-0.063366
-0.058368
-0.056807
-0.063043
-0.061946
-0.052827
-0.050796
-0.054208
-0.052052
-0.047536
-0.043646
-0.048058
-0.043996
-0.037652
-0.033068
-0.035639
-0.040126
-0.030990
-0.029436
-0.027738
-0.023702
-0.023663
-0.020088
-0.021944
-0.017220
-0.011415
-0.013287
-0.018103
-0.006657
-0.005774
-0.009689
-0.000178
0.000917
0.001534
0.005013
0.003411
0.005213
0.013105
0.014180
0.014197
0.015125
0.016958
0.019071
0.029796
0.027617
0.024430
0.023571
0.031913
0.037268
0.038133
0.039449
0.038499
0.043718
0.049455
0.050334
0.049098
0.051283
0.055527
0.055222
0.059825
0.064083
0.062370
0.066785
0.069997
0.071327
0.075215
0.078107
0.075807
0.082304
0.083404
0.083846
0.093205
0.093453
0.092208
0.090796
0.095118
0.103203
0.102139
0.103141
0.110076
0.108124
0.111043
0.119652
0.118609
0.113899
0.121768
0.127221
0.125584
0.128734
0.132760
0.132127
0.138483
0.143109
0.138418
0.147949
0.148429
0.145142
0.151062
0.154769
0.158941
0.159130
0.159570
0.167935
0.171279
0.168283
0.171323
0.175322
0.182747
0.175688
0.183047
0.183134
0.185042
0.192461
0.192551
0.192594
0.201129
0.206917
0.206466
0.200043
0.204255
0.214562
0.216261
0.217436
0.217240
0.226098
0.227859
0.223152
0.225361
0.231077
0.239082
0.238536
0.238589
0.244508
0.242681
0.249555
0.255581
0.254082
0.253229
0.258967
0.264895
0.264037
0.265870
0.273174
0.274459
0.271713
0.275046
0.283059
0.279036
0.290652
0.290327
0.292264
0.296958
0.298153
0.293333
0.300338
0.307886
0.311120
0.307369
0.308385
0.326850
0.315361
0.319098
0.318588
0.330166
0.330958
0.333933
0.335144
0.336850
0.340440
0.340113
0.356660
0.348337
0.347811
0.351862
0.359413
0.357492
0.362319
0.367139
0.362470
0.368684
0.376865
0.378048
0.380293
0.385033
0.382304
0.389317
0.385313
0.387049
0.397615
0.399919
0.409563
0.399183
0.404877
0.408695
0.408838
0.414290
0.419263
0.421808
0.421463
0.429584
0.423968
0.434198
0.437788
0.434112
0.438274
0.441480
0.438965
0.453297
0.448960
0.446838
0.458024
0.458494
0.458655
0.465700
0.471929
0.467429
0.472386
0.475470
0.479423
0.475608
0.484850
0.482636
0.487208
0.495061
0.488908
0.501108
0.497890
0.499746
0.505522
0.510957
0.511586
0.513105
0.512827
0.515861
0.518736
0.524378
0.527662
0.524234
0.529389
0.538163
0.538154
0.538580
0.544077
0.546039
0.542147
0.553531
0.552644
0.554592
0.564256
0.561205
0.555205
0.567225
0.565484
0.566836
0.581107
0.581435
0.575498
0.580435
0.589762
0.577418
0.585827
0.601708
0.589888
0.599467
0.595152
0.600665
0.617522
0.604518
0.603956
0.606954
0.617973
0.620015
0.621299
0.619040
0.625349
0.630797
0.632497
0.629317
0.631708
0.642408
0.641327
0.645773
0.642494
0.644821
0.648712
0.660380
0.652284
0.655627
0.659847
0.665687
0.661626
0.671449
0.659401
0.676850
0.670759
0.677266
0.684144
0.682282
0.685646
0.686828
0.684575
0.691174
0.695343
0.693413
0.699956
0.700880
0.706123
0.701816
0.703267
0.715078
0.708244
0.720036
0.718971
0.720777
0.719117
0.723706
0.727661
0.722202
0.732763
0.737811
0.734113
0.740237
0.738176
0.738534
0.741709
0.749422
0.745916
0.756969
0.751610
0.755335
0.752479
0.762903
0.763283
0.764630
0.763920
0.765005
0.776498
0.767456
0.779486
0.777095
0.771991
0.782230
0.784074
0.788691
0.783870
0.793981
0.786748
0.785713
0.798811
0.798737
0.799769
0.800062
0.800660
0.806830
0.802927
0.808766
0.812817
0.817169
0.816395
0.816441
0.814990
0.819216
0.825808
0.818618
0.829260
0.824161
0.828875
0.833299
0.833652
0.836064
0.832160
0.846287
0.843398
0.841621
0.841375
0.849782
0.842492
0.852935
0.841882
0.858505
0.850374
0.858460
0.864432
0.858712
0.866004
0.856468
0.859914
0.870282
0.870640
0.871842
0.871462
0.874189
0.870329
0.879807
0.875385
0.884425
0.880177
0.876530
0.888030
0.879974
0.891011
0.892136
0.889520
0.899264
0.882655
0.890984
0.903937
0.894082
0.896187
0.902991
0.908373
0.902066
0.897958
0.905691
0.911858
0.905635
0.910867
0.915878
0.905791
0.911782
0.917023
0.920565
0.918672
0.924605
0.916606
0.913041
0.927908
0.920227
0.926677
0.928341
0.923220
0.928216
0.933577
0.932907
0.937028
0.923917
0.930861
0.937673
0.942729
0.936533
0.942865
0.932999
0.947421
0.940024
0.935190
0.946671
0.940468
0.946683
0.945271
0.952992
0.946022
0.956173
0.948487
0.947378
0.949781
0.949075
0.962416
0.954236
0.953769
0.958535
0.960493
0.952294
0.964003
0.956469
0.957394
0.964662
0.965117
0.961074
0.960904
0.954187
0.969175
0.967201
0.967812
0.966968
0.970443
0.966187
0.968501
0.969640
0.970574
0.965432
0.973187
0.971845
0.975064
0.971493
0.965301
0.976581
0.978158
0.972404
0.976870
0.980935
0.972090
0.975507
0.976932
0.973808
0.975169
0.980650
0.980357
0.978122
0.980409
0.974612
0.986705
0.973389
0.980237
0.982793
0.976371
0.978993
0.987280
0.982907
0.977329
0.982935
0.981115
0.985718
0.982031
0.982328
0.977734
0.985207
0.974359
0.988184
0.976020
0.999859
0.976024
0.983143
0.978425
0.989789
0.978425
0.983143
0.976024
0.999859
0.976020
0.988184
0.974359
0.985207
0.977734
0.982328
0.982031
0.985718
0.981115
0.982935
0.977329
0.982907
0.987280
0.978993
0.976371
0.982793
0.980237
0.973389
0.986705
0.974612
0.980409
0.978122
0.980357
0.980650
0.975169
0.973808
0.976932
0.975507
0.972090
0.980935
0.976870
0.972404
0.978158
0.976581
0.965301
0.971493
0.975064
0.971845
0.973187
0.965432
0.970574
0.969640
0.968501
0.966187
0.970443
0.966968
0.967812
0.967201
0.969175
0.954187
0.960904
0.961074
0.965117
0.964662
0.957394
0.956469
0.964003
0.952294
0.960493
0.958535
0.953769
0.954236
0.962416
0.949075
0.949781
0.947378
0.948487
0.956173
0.946022
0.952992
0.945271
0.946683
0.940468
0.946671
0.935190
0.940024
0.947421
0.932999
0.942865
0.936533
0.942729
0.937673
0.930861
0.923917
0.937028
0.932907
0.933577
0.928216
0.923220
0.928341
0.926677
0.920227
0.927908
0.913041
0.916606
0.924605
0.918672
0.920565
0.917023
0.911782
0.905791
0.915878
0.910867
0.905635
0.911858
0.905691
0.897958
0.902066
0.908373
0.902991
0.896187
0.894082
0.903937
0.890984
0.882655
0.899264
0.889520
0.892136
0.891011
0.879974
0.888030
0.876530
0.880177
0.884425
0.875385
0.879807
0.870329
0.874189
0.871462
0.871842
0.870640
0.870282
0.859914
0.856468
0.866004
0.858712
0.864432
0.858460
0.850374
0.858505
0.841882
0.852935
0.842492
0.849782
0.841375
0.841621
0.843398
0.846287
0.832160
0.836064
0.833652
0.833299
0.828875
0.824161
0.829260
0.818618
0.825808
0.819216
0.814990
0.816441
0.816395
0.817169
0.812817
0.808766
0.802927
0.806830
0.800660
0.800062
0.799769
0.798737
0.798811
0.785713
0.786748
0.793981
0.783870
0.788691
0.784074
0.782230
0.771991
0.777095
0.779486
0.767456
0.776498
0.765005
0.763920
0.764630
0.763283
0.762903
0.752479
0.755335
0.751610
0.756969
0.745916
0.749422
0.741709
0.738534
0.738176
0.740237
0.734113
0.737811
0.732763
0.722202
0.727661
0.723706
0.719117
0.720777
0.718971
0.720036
0.708244
0.715078
0.703267
0.701816
0.706123
0.700880
0.699956
0.693413
0.695343
0.691174
0.684575
0.686828
0.685646
0.682282
0.684144
0.677266
0.670759
0.676850
0.659401
0.671449
0.661626
0.665687
0.659847
0.655627
0.652284
0.660380
0.648712
0.644821
0.642494
0.645773
0.641327
0.642408
0.631708
0.629317
0.632497
0.630797
0.625349
0.619040
0.621299
0.620015
0.617973
0.606954
0.603956
0.604518
0.617522
0.600665
0.595152
0.599467
0.589888
0.601708
0.585827
0.577418
0.589762
0.580435
0.575498
0.581435
0.581107
0.566836
0.565484
0.567225
0.555205
0.561205
0.564256
0.554592
0.552644
0.553531
0.542147
0.546039
0.544077
0.538580
0.538154
0.538163
0.529389
0.524234
0.527662
0.524378
0.518736
0.515861
0.512827
0.513105
0.511586
0.510957
0.505522
0.499746
0.497890
0.501108
0.488908
0.495061
0.487208
0.482636
0.484850
0.475608
0.479423
0.475470
0.472386
0.467429
0.471929
0.465700
0.458655
0.458494
0.458024
0.446838
0.448960
0.453297
0.438965
0.441480
0.438274
0.434112
0.437788
0.434198
0.423968
0.429584
0.421463
0.421808
0.419263
0.414290
0.408838
0.408695
0.404877
0.399183
0.409563
0.399919
0.397615
0.387049
0.385313
0.389317
0.382304
0.385033
0.380293
0.378048
0.376865
0.368684
0.362470
0.367139
0.362319
0.357492
0.359413
0.351862
0.347811
0.348337
0.356660
0.340113
0.340440
0.336850
0.335144
0.333933
0.330958
0.330166
0.318588
0.319098
0.315361
0.326850
0.308385
0.307369
0.311120
0.307886
0.300338
0.293333
0.298153
0.296958
0.292264
0.290327
0.290652
0.279036
0.283059
0.275046
0.271713
0.274459
0.273174
0.265870
0.264037
0.264895
0.258967
0.253229
0.254082
0.255581
0.249555
0.242681
0.244508
0.238589
0.238536
0.239082
0.231077
0.225361
0.223152
0.227859
0.226098
0.217240
0.217436
0.216261
0.214562
0.204255
0.200043
0.206466
0.206917
0.201129
0.192594
0.192551
0.192461
0.185042
0.183134
0.183047
0.175688
0.182747
0.175322
0.171323
0.168283
0.171279
0.167935
0.159570
0.159130
0.158941
0.154769
0.151062
0.145142
0.148429
0.147949
0.138418
0.143109
0.138483
0.132127
0.132760
0.128734
0.125584
0.127221
0.121768
0.113899
0.118609
0.119652
0.111043
0.108124
0.110076
0.103141
0.102139
0.103203
0.095118
0.090796
0.092208
0.093453
0.093205
0.083846
0.083404
0.082304
0.075807
0.078107
0.075215
0.071327
0.069997
0.066785
0.062370
0.064083
0.059825
0.055222
0.055527
0.051283
0.049098
0.050334
0.049455
0.043718
0.038499
0.039449
0.038133
0.037268
0.031913
0.023571
0.024430
0.027617
0.029796
0.019071
0.016958
0.015125
0.014197
0.014180
0.013105
0.005213
0.003411
0.005013
0.001534
0.000917
-0.000178
-0.009689
-0.005774
-0.006657
-0.018103
-0.013287
-0.011415
-0.017220
-0.021944
-0.020088
-0.023663
-0.023702
-0.027738
-0.029436
-0.030990
-0.040126
-0.035639
-0.033068
-0.037652
-0.043996
-0.048058
-0.043646
-0.047536
-0.052052
-0.054208
-0.050796
-0.052827
-0.061946
-0.063043
-0.056807
-0.058368
-0.063366
-0.072486
-0.070219
-0.068950
-0.076091
-0.074365
-0.075309
-0.081017
-0.081332
-0.081633
-0.080909
-0.083227
-0.093073
-0.087454
-0.092466
-0.089931
-0.093131
-0.094424
-0.098708
-0.104307
-0.097978
-0.106179
-0.103948
-0.106102
-0.115216
-0.110362
-0.110522
-0.111831
-0.116080
-0.116142
-0.121601
-0.113248
-0.123997
-0.123243
-0.122995
-0.129946
-0.126912
-0.128876
-0.133804
-0.132562
-0.135384
-0.132792
-0.138661
-0.142378
-0.137693
-0.146036
-0.140630
-0.147760
-0.144938
-0.147716
-0.149704
-0.152134
-0.156190
-0.151578
-0.156120
-0.151884
-0.156175
-0.163630
-0.157240
-0.167873
-0.162638
-0.166010
-0.162733
-0.168220
-0.171212
-0.172276
-0.170637
-0.173922
-0.169470
-0.181351
-0.176336
-0.177411
-0.178845
-0.185655
-0.179601
-0.182285
-0.184064
-0.182806
-0.190025
-0.188098
-0.189353
-0.193112
-0.191201
-0.193266
-0.191487
-0.192119
-0.201663
-0.193895
-0.201722
-0.201604
-0.200327
-0.203433
-0.203979
-0.202272
-0.202688
-0.203989
-0.204552
-0.210334
-0.211628
-0.212198
-0.211237
-0.215583
-0.208423
-0.212356
-0.214692
-0.214459
-0.216818
-0.220250
-0.218529
-0.218927
-0.220023
-0.223381
-0.223536
-0.225989
-0.222549
-0.224544
-0.225186
-0.228397
-0.229425
-0.227547
-0.224474
-0.234754
-0.226811
-0.228733
-0.230320
-0.235128
-0.237633
-0.238771
-0.231732
-0.235205
-0.236488
-0.242058
-0.237515
-0.241066
-0.236978
-0.233296
-0.241510
-0.246835
-0.240815
-0.244864
-0.246241
-0.239562
-0.244876
-0.246574
-0.251063
-0.245194
-0.250006
-0.246624
-0.245037
-0.250999
-0.246750
-0.250786
-0.246864
-0.255382
-0.254036
-0.254059
-0.245058
-0.256240
-0.249677
-0.255810
-0.250018
-0.252777
-0.265168
-0.258827
-0.254209
-0.257349
-0.255738
-0.257625
-0.257381
-0.258362
-0.258770
-0.256842
-0.259439
-0.265160
-0.259759
-0.259154
-0.264220
-0.257930
-0.261599
-0.265875
-0.256843
-0.265092
-0.261043
-0.265107
-0.263047
-0.259328
-0.262772
-0.262768
-0.264578
-0.268305
-0.261718
-0.263254
-0.264973
-0.263412
-0.266886
-0.264666
-0.262227
-0.262228
-0.266666
-0.264545
-0.271300
-0.268825
-0.264141
-0.262635
-0.265285
-0.262001
-0.264942
-0.261894
-0.266338
-0.269770
-0.261324
-0.264735
-0.268459
-0.270347
-0.266704
-0.262762
-0.266533
-0.263623
-0.268355
-0.270966
-0.265201
-0.263407
-0.264658
-0.262900
-0.265993
-0.267526
-0.268243
-0.264247
-0.263380
-0.268566
-0.265471
-0.264958
-0.259196
-0.264984
-0.258897
-0.261640
-0.264688
-0.264829
-0.265522
-0.263776
-0.262542
-0.260726
-0.262736
-0.264154
-0.260886
-0.262788
-0.259263
-0.264686
-0.259062
-0.258158
-0.262222
-0.259643
-0.259101
-0.263454
-0.258962
-0.252921
-0.258413
-0.259368
-0.260055
-0.261549
-0.257541
-0.257280
-0.253613
-0.252511
-0.255418
-0.253968
-0.257778
-0.254676
-0.254880
-0.250191
-0.253602
-0.256032
-0.250678
-0.249143
-0.255696
-0.252459
-0.246327
-0.244034
-0.247668
-0.251453
-0.250165
-0.245948
-0.248460
-0.246968
-0.245058
-0.248995
-0.248188
-0.244121
-0.246493
-0.240589
-0.241839
-0.237056
-0.243836
-0.240268
-0.241186
-0.242378
-0.242233
-0.238531
-0.237621
-0.231848
-0.240250
-0.241350
-0.235906
-0.236523
-0.235598
-0.230683
-0.235100
-0.233478
-0.230002
-0.230445
-0.229836
-0.226784
-0.233456
-0.232010
-0.225810
-0.228178
-0.225520
-0.227515
-0.226138
-0.226095
-0.224178
-0.219941
-0.225897
-0.218977
-0.219743
-0.216244
-0.218029
-0.226437
-0.213849
-0.220233
-0.217559
-0.212990
-0.218523
-0.215236
-0.211567
-0.211519
-0.209146
-0.214272
-0.208019
-0.207834
-0.211227
-0.210027
-0.211229
-0.199518
-0.204327
-0.207582
-0.206855
-0.199074
-0.202052
-0.201771
-0.198426
-0.199804
-0.204672
-0.196953
-0.192542
-0.200338
-0.195926
-0.195400
-0.188146
-0.191806
-0.192215
-0.192767
-0.192497
-0.189317
-0.189985
-0.188111
-0.186547
-0.184897
-0.188880
-0.182541
-0.181381
-0.180041
-0.180637
-0.176690
-0.179329
-0.180290
-0.181643
-0.176317
-0.176146
-0.173898
-0.175302
-0.169495
-0.172671
-0.173142
-0.172109
-0.167195
-0.166846
-0.167199
-0.164640
-0.167685
-0.162751
-0.160709
-0.164295
-0.161188
-0.164064
-0.154301
-0.161225
-0.159615
-0.157445
-0.154077
-0.151285
-0.153702
-0.151679
-0.152995
-0.152955
-0.148151
-0.150839
-0.147660
-0.145730
-0.145879
-0.143488
-0.147780
-0.138347
-0.141642
-0.136837
-0.142607
-0.138851
-0.140355
-0.137259
-0.135641
-0.130238
-0.132199
-0.136792
-0.129790
-0.131728
-0.126502
-0.132086
-0.130572
-0.124332
-0.124161
-0.124143
-0.127125
-0.120997
-0.117576
-0.124147
-0.123286
-0.116271
-0.109747
-0.114999
-0.115465
-0.116108
-0.115733
-0.111860
-0.109135
-0.108591
-0.110244
-0.110214
-0.108143
-0.106647
-0.105274
-0.097983
-0.103760
-0.106323
-0.099600
-0.097211
-0.098390
-0.098511
-0.098266
-0.092522
-0.099492
-0.095681
-0.092462
-0.093390
-0.091220
-0.087357
-0.086517
-0.089433
-0.084135
-0.087409
-0.086384
-0.082608
-0.083764
-0.082337
-0.078603
-0.078390
-0.077603
-0.080257
-0.074203
-0.076995
-0.075215
-0.073364
-0.069902
-0.071194
-0.068811
-0.069854
-0.072225
-0.067476
-0.064232
-0.061377
-0.060620
-0.065471
-0.060290
-0.059402
-0.060811
-0.061954
-0.059844
-0.058664
-0.055297
-0.055122
-0.053476
-0.051790
-0.050959
-0.048534
-0.050024
-0.044750
-0.047500
-0.045510
-0.048851
-0.041651
-0.044857
-0.043209
-0.042276
-0.040377
-0.038943
-0.038966
-0.038217
-0.032503
-0.035183
-0.034872
-0.034780
-0.032745
-0.032065
-0.029455
-0.027547
-0.026317
-0.027666
-0.027224
-0.027283
-0.022612
-0.020963
-0.022782
-0.020696
-0.023693
-0.021293
-0.023286
-0.016053
-0.014873
-0.010176
-0.010499
-0.016540
-0.016685
-0.012302
-0.011009
-0.009843
-0.006266
-0.008462
-0.006047
-0.008144
-0.006761
-0.003447
-0.003100
-0.001077
-0.001204
0.003210
0.000133
0.000063
0.000764
0.002165
0.002351
0.004633
0.007228
0.002879
0.007267
0.010924
0.009344
0.013342
0.011856
0.010084
0.012951
0.012027
0.016754
0.012913
0.017087
0.018764
0.020410
0.020771
0.018093
0.019950
0.021917
0.022240
0.022464
0.021581
0.026483
0.025917
0.026196
0.029189
0.029025
0.030592
0.030416
0.030414
0.030970
0.033546
0.033137
0.032292
0.035040
0.041008
0.033763
0.037321
0.039357
0.038250
0.040038
0.040437
0.041510
0.043214
0.043014
0.041337
0.043216
0.045600
0.046069
0.047004
0.047780
0.048191
0.047783
0.051687
0.050011
0.049637
0.055065
0.052031
0.052943
0.052973
0.056093
0.051306
0.055206
0.058326
0.057759
0.057075
0.060229
0.065406
0.059517
0.059833
0.058633
0.060994
0.065890
0.063588
0.066578
0.062741
0.065896
0.064460
0.066598
0.067552
0.066536
0.071043
0.069140
0.072620
0.075063
0.070352
0.069402
0.071977
0.075705
0.075051
0.071883
0.077318
0.071362
0.079922
0.075971
0.075707
0.080035
0.079837
0.078579
0.079028
0.081961
0.078273
0.080790
0.086309
0.084870
0.082710
0.081187
0.081766
0.085130
0.085355
0.089173
0.085684
0.085732
0.085053
0.086475
0.090360
0.088509
0.088927
0.091422
0.090747
0.092935
0.090139
0.091290
0.088092
0.089170
0.093139
0.093775
0.096371
0.092544
0.089381
0.094418
0.096139
0.098332
0.099161
0.095941
0.099439
0.097376
0.094981
0.098830
0.098821
0.100215
0.099426
0.100189
0.101982
0.095641
0.099104
0.103292
0.101009
0.102521
0.102997
0.103753
0.103573
0.106673
0.104934
0.105434
0.106756
0.109202
0.107211
0.103498
0.107107
0.107323
0.106233
0.106693
0.110985
0.111371
0.111847
0.115118
0.116876
0.111939
0.110567
0.107759
0.108312
0.107335
0.107219
0.107776
0.108952
0.109692
0.111020
0.112934
0.114436
0.114118
0.113120
0.116581
0.113933
0.112742
0.115179
0.115284
0.114882
0.115730
0.116066
0.110513
0.117440
0.114537
0.114934
0.116542
0.118080
0.118337
0.115257
0.116524
0.116866
0.118426
0.115606
0.118194
0.118250
0.117441
0.116669
0.118499
0.117742
0.119901
0.119983
0.117976
0.118764
0.121225
0.120662
0.119432
0.120416
0.116931
0.115767
0.117441
0.121199
0.122062
0.121182
0.122098
0.122547
0.122302
0.121670
0.118307
0.122273
0.117820
0.119730
0.118132
0.122564
0.121172
0.123661
0.119153
0.121841
0.121951
0.119566
0.124221
0.122486
0.122576
0.118539
0.120298
0.120301
0.121610
0.123907
0.120251
0.121280
0.122353
0.122971
0.119954
0.121358
0.123329
0.119782
0.119335
0.123991
0.123734
0.121836
0.121321
0.121901
0.122779
0.118871
0.120851
0.120092
0.124497
0.124306
0.120104
0.121214
0.121531
0.120746
0.119839
0.120663
0.121089
0.119991
0.124134
0.121343
0.120353
0.120647
0.118716
0.123169
0.120336
0.120425
0.119637
0.120814
0.120323
0.121396
0.118644
0.118466
0.119293
0.120690
0.122415
0.121319
0.120343
0.118367
0.118246
0.116636
0.113746
0.117963
0.117502
0.120606
0.121793
0.121743
0.121654
0.117828
0.117946
0.116657
0.116673
0.113649
0.116115
0.116500
0.116141
0.120578
0.117442
0.118986
0.114994
0.116455
0.113231
0.115533
0.117908
0.112991
0.112605
0.116689
0.117258
0.114659
0.114544
0.113942
0.113546
0.112460
0.114499
0.111306
0.113404
0.116222
0.111855
0.113607
0.113057
0.111194
0.110591
0.110331
0.113177
0.111944
0.110828
0.108169
0.113498
0.110164
0.111717
0.109100
0.107153
0.107960
0.107049
0.109815
0.109421
0.110562
0.110022
0.110673
0.106628
0.107134
0.105812
0.104401
0.106182
0.106361
0.107182
0.105637
0.106761
0.105748
0.106556
0.104353
0.102835
0.104536
0.103497
0.103611
0.103662
0.101305
0.103070
0.101529
0.102732
0.104293
0.104824
0.101186
0.100583
0.098596
0.104616
0.098023
0.099833
0.100816
0.102095
0.098895
0.097436
0.101038
0.096257
0.097332
0.096771
0.097871
0.095717
0.095405
0.097894
0.095839
0.097325
0.098785
0.094531
0.094258
0.095094
0.092737
0.092555
0.093306
0.093981
0.093292
0.089566
0.094083
0.090471
0.091074
0.090514
0.092258
0.091134
0.090677
0.088236
0.087575
0.091883
0.091583
0.089822
0.088485
0.087585
0.086251
0.086443
0.089213
0.086636
0.084943
0.087223
0.084005
0.087439
0.083456
0.083381
0.082603
0.087076
0.084238
0.084176
0.083823
0.083763
0.080599
0.081977
0.082506
0.080708
0.080374
0.079337
0.079335
0.080926
0.079827
0.081763
0.077472
0.079255
0.078962
0.075406
0.076809
0.078401
0.079089
0.074913
0.077234
0.075380
0.074015
0.075159
0.074843
0.077338
0.074823
0.074327
0.071870
0.071897
0.071796
0.071676
0.072266
0.072854
0.072294
0.073168
0.070526
0.071084
0.067639
0.069128
0.068300
0.068814
0.069123
0.069553
0.068932
0.067757
0.066573
0.067114
0.067087
0.068054
0.066390
0.063697
0.065464
0.064261
0.063826
0.061348
0.064183
0.063743
0.064883
0.064404
0.064768
0.062096
0.059749
0.060452
0.060338
0.060632
0.060695
0.062831
0.060764
0.059189
0.058861
0.057051
0.058091
0.057074
0.057318
0.056743
0.059027
0.054628
0.055069
0.056623
0.055450
0.056341
0.054073
0.054793
0.052561
0.053440
0.054612
0.054111
0.054333
0.052866
0.050397
0.052312
0.050313
0.051087
0.049373
0.049787
0.052067
0.051315
0.051169
0.050681
0.045893
0.048322
0.046076
0.046712
0.047320
0.046768
0.046618
0.048232
0.047456
0.047554
0.047312
0.044847
0.043655
0.043881
0.042376
0.042914
0.043586
0.045091
0.043369
0.042482
0.045442
0.040894
0.040501
0.041538
0.040217
0.041639
0.041493
0.039161
0.042197
0.038765
0.037714
0.036909
0.040591
0.038904
0.036700
0.038315
0.038709
0.036211
0.036997
0.036567
0.037474
0.034787
0.036298
0.036232
0.035446
0.033808
0.033668
0.032766
0.032622
0.032719
0.034541
0.033045
0.034674
0.034754
0.028710
0.030777
0.031768
0.031040
0.032179
0.029552
0.030780
0.031620
0.030439
0.029576
0.027135
0.029928
0.026375
0.027853
0.028429
0.029980
0.029578
0.026510
0.027574
0.025843
0.026054
0.024731
0.028877
0.025053
0.027571
0.023477
0.025576
0.021382
0.023644
0.022688
0.024833
0.024000
0.024266
0.026016
0.024746
0.024087
0.022833
0.020576
0.019314
0.019313
0.023867
0.023695
0.022644
0.020261
0.018456
0.021105
0.018976
0.018355
0.019871
0.021711
0.019364
0.019134
0.018329
0.020344
0.018027
0.017215
0.019346
0.018908
0.017998
0.015775
0.017074
0.017403
0.017220
0.015986
0.016811
0.017559
0.016708
0.016249
0.015292
0.016914
0.016287
0.019219
0.018239
0.024309
0.026796
0.028234
0.030355
0.030895
0.033979


