M_loss: 4, M_sym: 4300.0, M_power: 9000, M_bandwidth: 22.3872113856834
-0.017169
-0.011405
-0.008418
-0.010650
-0.009800
-0.008590
-0.012025
-0.009035
-0.012891
-0.010012
-0.011893
-0.011019
-0.010806
-0.008783
-0.009060
-0.008256
-0.009625
-0.008249
-0.006700
-0.005779
-0.009382
-0.007121
-0.007004
-0.006464
-0.005103
-0.010393
-0.007998
-0.006771
-0.010751
-0.008401
-0.010586
-0.009029
-0.007741
-0.008747
-0.009259
-0.009831
-0.006915
-0.007579
-0.008656
-0.009296
-0.009783
-0.005597
-0.010272
-0.010681
-0.008357
-0.010534
-0.008404
-0.009299
-0.009249
-0.010281
-0.008195
-0.012618
-0.010917
-0.010743
-0.009180
-0.010801
-0.012531
-0.011284
-0.013012
-0.011158
-0.011020
-0.012282
-0.009043
-0.010745
-0.010759
-0.013366
-0.011222
-0.012219
-0.012053
-0.012409
-0.013456
-0.014762
-0.012823
-0.013117
-0.016251
-0.014080
-0.013560
-0.012521
-0.012911
-0.014843
-0.013957
-0.013870
-0.015206
-0.012393
-0.015090
-0.015215
-0.017555
-0.016740
-0.013329
-0.018580
-0.015961
-0.016299
-0.014964
-0.016012
-0.018725
-0.016940
-0.018114
-0.018621
-0.017569
-0.018679
-0.018753
-0.017043
-0.017913
-0.015770
-0.016106
-0.014842
-0.017572
-0.020080
-0.017816
-0.017922
-0.020451
-0.020427
-0.018183
-0.020285
-0.021891
-0.022054
-0.021451
-0.021445
-0.019381
-0.023891
-0.020487
-0.020308
-0.023158
-0.020964
-0.023888
-0.023771
-0.022899
-0.021973
-0.021654
-0.021031
-0.023423
-0.023425
-0.022096
-0.021434
-0.025094
-0.025009
-0.023225
-0.025049
-0.024298
-0.025872
-0.025515
-0.026316
-0.027040
-0.025552
-0.026532
-0.027242
-0.027220
-0.025895
-0.028483
-0.025936
-0.026886
-0.026947
-0.027561
-0.027657
-0.029476
-0.029634
-0.028313
-0.029594
-0.027660
-0.031054
-0.029332
-0.031203
-0.030791
-0.030503
-0.032167
-0.032869
-0.029714
-0.031303
-0.030141
-0.031310
-0.032398
-0.032200
-0.032456
-0.030730
-0.032681
-0.032420
-0.031442
-0.034655
-0.033242
-0.032671
-0.034964
-0.035612
-0.036317
-0.036869
-0.036675
-0.037354
-0.036432
-0.036117
-0.037060
-0.039341
-0.035626
-0.037477
-0.038243
-0.038159
-0.037240
-0.039557
-0.038691
-0.038954
-0.041362
-0.039551
-0.038968
-0.040393
-0.041573
-0.040742
-0.042205
-0.040108
-0.040807
-0.041974
-0.042034
-0.042055
-0.042394
-0.042883
-0.043930
-0.045410
-0.042391
-0.041390
-0.043435
-0.042743
-0.046494
-0.045441
-0.048424
-0.047815
-0.045211
-0.046844
-0.047044
-0.049542
-0.048733
-0.046571
-0.049958
-0.046156
-0.047864
-0.048549
-0.049133
-0.051645
-0.048642
-0.050094
-0.051634
-0.051164
-0.051202
-0.052878
-0.051878
-0.053653
-0.052020
-0.051627
-0.052783
-0.051524
-0.053489
-0.054582
-0.057042
-0.055660
-0.055321
-0.056693
-0.055475
-0.056822
-0.054577
-0.056957
-0.059496
-0.055368
-0.056766
-0.057113
-0.058179
-0.061039
-0.059020
-0.060722
-0.060554
-0.058354
-0.059576
-0.059128
-0.064505
-0.061753
-0.059430
-0.062048
-0.061950
-0.062255
-0.063402
-0.064433
-0.062486
-0.065051
-0.066334
-0.064396
-0.064991
-0.065351
-0.065354
-0.067591
-0.070214
-0.066369
-0.066466
-0.068532
-0.068005
-0.070103
-0.068040
-0.069174
-0.071863
-0.070341
-0.069740
-0.069595
-0.073959
-0.069752
-0.071906
-0.071485
-0.069845
-0.071449
-0.072986
-0.073489
-0.073932
-0.073568
-0.074524
-0.076954
-0.076760
-0.076862
-0.074898
-0.078686
-0.078227
-0.078412
-0.077071
-0.078283
-0.081500
-0.077340
-0.078069
-0.082527
-0.079835
-0.082136
-0.081039
-0.080478
-0.082109
-0.080714
-0.081676
-0.081022
-0.085878
-0.083928
-0.083201
-0.083150
-0.087561
-0.087005
-0.086551
-0.084710
-0.085733
-0.085909
-0.087336
-0.088466
-0.084500
-0.089242
-0.089958
-0.089122
-0.088283
-0.088313
-0.091526
-0.093889
-0.090673
-0.093435
-0.089880
-0.090206
-0.093438
-0.092798
-0.094584
-0.095063
-0.096155
-0.097614
-0.100126
-0.096265
-0.097602
-0.099423
-0.096110
-0.096547
-0.094447
-0.097065
-0.099174
-0.098191
-0.098337
-0.096933
-0.100458
-0.099170
-0.099196
-0.101118
-0.101792
-0.103111
-0.100440
-0.104175
-0.104585
-0.108300
-0.106838
-0.107479
-0.107131
-0.107291
-0.108113
-0.108095
-0.106080
-0.109435
-0.106188
-0.108400
-0.110346
-0.107406
-0.110320
-0.109249
-0.109053
-0.109887
-0.107851
-0.111872
-0.111674
-0.112900
-0.112893
-0.114280
-0.114204
-0.116521
-0.113849
-0.116459
-0.116375
-0.116541
-0.117771
-0.117569
-0.118526
-0.116401
-0.119776
-0.119626
-0.119425
-0.121775
-0.120843
-0.121894
-0.123143
-0.120625
-0.121352
-0.123350
-0.122174
-0.121672
-0.123900
-0.123615
-0.125744
-0.123193
-0.125688
-0.124873
-0.128963
-0.125727
-0.125610
-0.126635
-0.127653
-0.127803
-0.130998
-0.127818
-0.132017
-0.132757
-0.128305
-0.131813
-0.131607
-0.131430
-0.133021
-0.135038
-0.132886
-0.134923
-0.132363
-0.132278
-0.132907
-0.133170
-0.136051
-0.142079
-0.137643
-0.136858
-0.141059
-0.139747
-0.137861
-0.139178
-0.141714
-0.139019
-0.140965
-0.141128
-0.140985
-0.142391
-0.142213
-0.142747
-0.144946
-0.145193
-0.143187
-0.140077
-0.144001
-0.145424
-0.146428
-0.143313
-0.145142
-0.143673
-0.144569
-0.144288
-0.145514
-0.145240
-0.147250
-0.148538
-0.147156
-0.151682
-0.154150
-0.151234
-0.150392
-0.153407
-0.152557
-0.152120
-0.155751
-0.155090
-0.156927
-0.158183
-0.156893
-0.157965
-0.159395
-0.158433
-0.159715
-0.161371
-0.158286
-0.157803
-0.162810
-0.157208
-0.158224
-0.157082
-0.157526
-0.164936
-0.162940
-0.161397
-0.161319
-0.163746
-0.159218
-0.165227
-0.163774
-0.164413
-0.165266
-0.166440
-0.162783
-0.168628
-0.162172
-0.162492
-0.168544
-0.168893
-0.169884
-0.168625
-0.164930
-0.167383
-0.169661
-0.168881
-0.169918
-0.168050
-0.169688
-0.171583
-0.172978
-0.170069
-0.172201
-0.174743
-0.173059
-0.173487
-0.176615
-0.174054
-0.176101
-0.172053
-0.172787
-0.175505
-0.174209
-0.176109
-0.176565
-0.179310
-0.177015
-0.176223
-0.180174
-0.180040
-0.180583
-0.177294
-0.176494
-0.182356
-0.183591
-0.184054
-0.182465
-0.182833
-0.180816
-0.183497
-0.179614
-0.183148
-0.185570
-0.185470
-0.182225
-0.184527
-0.183228
-0.185240
-0.183494
-0.185996
-0.186782
-0.187912
-0.184621
-0.187445
-0.186162
-0.189860
-0.187174
-0.190436
-0.188557
-0.191930
-0.190760
-0.192103
-0.189812
-0.190590
-0.193461
-0.191392
-0.194243
-0.192889
-0.191498
-0.195835
-0.192109
-0.190278
-0.194487
-0.193487
-0.195962
-0.195243
-0.192773
-0.193592
-0.199076
-0.199235
-0.193846
-0.193322
-0.197482
-0.198690
-0.200557
-0.196865
-0.197088
-0.195957
-0.197678
-0.201338
-0.202526
-0.199826
-0.200950
-0.199054
-0.203804
-0.201308
-0.200532
-0.201435
-0.204352
-0.201271
-0.200510
-0.201876
-0.203324
-0.205800
-0.203727
-0.201170
-0.204053
-0.204491
-0.202421
-0.204745
-0.203097
-0.205001
-0.208852
-0.208974
-0.206435
-0.205072
-0.207713
-0.206871
-0.204986
-0.205683
-0.204398
-0.207105
-0.207338
-0.204861
-0.209259
-0.208702
-0.205773
-0.204666
-0.211516
-0.208414
-0.212062
-0.213228
-0.208264
-0.211815
-0.211161
-0.214068
-0.213232
-0.211643
-0.210409
-0.213677
-0.209398
-0.210314
-0.209229
-0.211986
-0.210920
-0.211477
-0.209678
-0.211848
-0.212302
-0.213139
-0.212206
-0.215911
-0.209896
-0.214778
-0.214346
-0.213042
-0.212664
-0.210061
-0.216448
-0.217297
-0.217366
-0.215807
-0.209938
-0.216098
-0.213736
-0.209107
-0.214145
-0.215901
-0.216161
-0.216876
-0.214533
-0.212177
-0.217150
-0.216299
-0.218770
-0.218582
-0.217257
-0.218056
-0.214913
-0.217534
-0.218273
-0.213223
-0.214550
-0.218330
-0.216214
-0.213258
-0.219729
-0.216454
-0.215546
-0.217937
-0.214284
-0.216428
-0.220077
-0.217123
-0.219541
-0.217957
-0.219380
-0.216767
-0.216278
-0.215900
-0.214535
-0.218217
-0.219359
-0.215665
-0.218323
-0.215075
-0.215916
-0.216024
-0.215651
-0.217701
-0.219121
-0.220323
-0.216570
-0.215166
-0.218120
-0.217518
-0.217530
-0.216007
-0.216837
-0.220461
-0.217089
-0.216665
-0.223212
-0.217615
-0.220088
-0.214540
-0.213781
-0.215030
-0.215340
-0.212582
-0.214296
-0.220245
-0.220241
-0.213305
-0.220611
-0.215727
-0.215089
-0.214933
-0.219756
-0.212864
-0.214423
-0.215941
-0.215211
-0.215782
-0.213367
-0.213782
-0.217367
-0.215038
-0.211863
-0.213219
-0.211855
-0.213050
-0.214595
-0.215991
-0.210760
-0.216371
-0.215454
-0.213942
-0.212955
-0.214485
-0.216610
-0.214796
-0.209094
-0.212461
-0.210075
-0.214514
-0.210734
-0.213251
-0.213909
-0.210668
-0.209214
-0.207611
-0.207696
-0.213039
-0.208403
-0.209515
-0.209447
-0.208846
-0.207746
-0.212036
-0.206142
-0.208313
-0.206382
-0.212613
-0.204672
-0.207212
-0.207489
-0.204022
-0.205325
-0.205131
-0.203099
-0.206499
-0.204703
-0.203628
-0.206276
-0.205102
-0.209363
-0.203990
-0.205740
-0.204519
-0.206326
-0.198810
-0.204446
-0.203306
-0.200270
-0.200762
-0.198733
-0.199034
-0.203860
-0.199294
-0.194295
-0.199879
-0.194214
-0.194371
-0.200337
-0.196115
-0.200262
-0.199332
-0.193615
-0.197459
-0.197577
-0.194201
-0.193139
-0.194243
-0.193349
-0.195493
-0.189571
-0.193687
-0.196140
-0.187648
-0.191914
-0.193972
-0.192300
-0.187265
-0.191454
-0.187415
-0.191771
-0.191614
-0.190895
-0.184608
-0.183215
-0.186220
-0.183001
-0.182481
-0.182395
-0.185949
-0.183400
-0.181909
-0.183959
-0.180725
-0.182599
-0.180816
-0.182220
-0.179838
-0.176241
-0.178983
-0.184449
-0.180152
-0.178745
-0.175191
-0.174914
-0.174393
-0.179012
-0.175510
-0.175290
-0.177444
-0.170445
-0.172942
-0.173064
-0.166380
-0.173134
-0.167929
-0.165692
-0.168994
-0.168973
-0.168426
-0.163283
-0.165540
-0.164350
-0.163733
-0.161854
-0.163486
-0.163066
-0.164823
-0.161909
-0.158975
-0.161346
-0.159878
-0.159601
-0.162037
-0.157255
-0.159150
-0.157222
-0.155789
-0.154281
-0.153963
-0.157255
-0.150276
-0.150434
-0.152376
-0.151365
-0.146001
-0.154509
-0.148483
-0.149356
-0.148952
-0.147504
-0.144288
-0.140748
-0.140604
-0.147349
-0.135344
-0.142949
-0.139149
-0.142862
-0.140037
-0.138058
-0.135543
-0.136055
-0.137583
-0.135286
-0.131686
-0.137604
-0.131115
-0.135943
-0.131449
-0.129541
-0.128944
-0.128489
-0.127578
-0.128512
-0.122287
-0.128773
-0.124796
-0.121930
-0.123892
-0.118953
-0.121689
-0.120231
-0.120037
-0.118315
-0.117069
-0.119916
-0.118476
-0.117398
-0.113079
-0.112594
-0.115395
-0.112081
-0.111092
-0.108154
-0.107645
-0.109543
-0.107217
-0.106546
-0.100462
-0.106617
-0.103053
-0.102757
-0.101211
-0.096635
-0.098617
-0.095895
-0.100221
-0.090251
-0.092680
-0.091267
-0.092219
-0.090940
-0.097070
-0.091301
-0.088073
-0.089458
-0.086548
-0.084542
-0.085244
-0.080907
-0.082983
-0.081829
-0.077086
-0.078285
-0.077535
-0.080239
-0.076692
-0.072178
-0.076419
-0.070963
-0.072220
-0.068741
-0.076769
-0.066344
-0.075151
-0.070565
-0.063904
-0.063988
-0.063755
-0.071323
-0.058800
-0.061106
-0.059472
-0.054590
-0.054206
-0.060728
-0.058094
-0.051393
-0.051232
-0.050153
-0.049747
-0.048571
-0.050811
-0.043714
-0.045059
-0.045537
-0.044173
-0.042365
-0.040875
-0.039190
-0.042335
-0.038898
-0.038423
-0.035741
-0.030628
-0.029950
-0.027737
-0.029452
-0.025815
-0.026896
-0.027720
-0.027329
-0.028378
-0.021527
-0.020552
-0.022856
-0.018280
-0.023338
-0.018701
-0.011727
-0.014889
-0.006503
-0.008316
-0.009002
-0.006718
-0.011298
-0.008864
-0.006665
-0.005064
-0.003760
-0.004926
0.001268
0.004503
0.001094
0.001789
0.004505
0.006404
0.014306
0.005359
0.008823
0.019107
0.013704
0.013276
0.009708
0.016700
0.020812
0.015180
0.023437
0.021778
0.025690
0.024685
0.026336
0.025467
0.030141
0.031530
0.027664
0.034174
0.036513
0.040625
0.031401
0.035388
0.045190
0.045691
0.043190
0.044706
0.047323
0.045819
0.046025
0.049436
0.052058
0.048914
0.049151
0.057927
0.062411
0.059504
0.060188
0.062176
0.063669
0.064928
0.065662
0.069362
0.064974
0.070848
0.072847
0.074702
0.072435
0.070294
0.082321
0.073699
0.082354
0.083345
0.084236
0.086591
0.084345
0.085798
0.088856
0.087097
0.091105
0.094135
0.093890
0.095171
0.105036
0.099854
0.099743
0.103850
0.098486
0.111735
0.107870
0.111465
0.105084
0.113892
0.113288
0.116044
0.113107
0.121130
0.117268
0.119343
0.127756
0.121122
0.129711
0.124034
0.131203
0.130432
0.130892
0.135423
0.134376
0.133864
0.133758
0.139920
0.137983
0.148846
0.149025
0.144023
0.149492
0.144504
0.146834
0.156682
0.152360
0.155948
0.157487
0.154883
0.157628
0.160135
0.163113
0.163581
0.167543
0.171657
0.167136
0.174345
0.171468
0.176474
0.175615
0.178871
0.181851
0.185152
0.186662
0.186953
0.184439
0.188973
0.186176
0.187292
0.191768
0.194513
0.195754
0.204803
0.196270
0.195251
0.201906
0.207939
0.201185
0.206658
0.209658
0.210616
0.209860
0.215539
0.211913
0.216118
0.216186
0.224356
0.224956
0.227444
0.223035
0.230549
0.226769
0.229243
0.235372
0.233227
0.230284
0.241792
0.237423
0.242857
0.240182
0.243447
0.246005
0.249385
0.251939
0.253135
0.251925
0.254153
0.253337
0.256554
0.261863
0.262576
0.256616
0.261517
0.263904
0.271983
0.277594
0.269720
0.274260
0.272663
0.274394
0.275567
0.275611
0.277932
0.283571
0.282151
0.290039
0.286640
0.286455
0.297143
0.298387
0.294919
0.298162
0.295646
0.296345
0.300283
0.306402
0.305783
0.310183
0.307383
0.308830
0.313898
0.314337
0.307791
0.318648
0.314775
0.323726
0.327848
0.323187
0.327673
0.327129
0.324059
0.334490
0.329862
0.335252
0.337207
0.336580
0.340898
0.344672
0.343339
0.342499
0.346569
0.343634
0.347990
0.353052
0.356542
0.357800
0.355044
0.364644
0.358752
0.356940
0.365186
0.362102
0.367646
0.367182
0.367648
0.366063
0.380155
0.381158
0.373974
0.368636
0.383480
0.389188
0.384857
0.388140
0.390596
0.392711
0.388660
0.394532
0.392866
0.396247
0.404224
0.401099
0.401877
0.400338
0.398871
0.408097
0.405367
0.406279
0.413191
0.416189
0.413526
0.418979
0.421640
0.418158
0.415847
0.421899
0.423280
0.432689
0.428569
0.439299
0.430335
0.434469
0.437448
0.436106
0.437346
0.437795
0.442817
0.444816
0.451416
0.448006
0.447602
0.445300
0.451939
0.453879
0.454079
0.458514
0.460587
0.462950
0.459737
0.467888
0.462937
0.467717
0.468785
0.469302
0.465930
0.480523
0.476647
0.481552
0.490906
0.485013
0.477572
0.479640
0.488814
0.489224
0.483679
0.488789
0.493600
0.492790
0.495957
0.500454
0.505534
0.504945
0.495935
0.495746
0.498595
0.509757
0.513993
0.509785
0.512675
0.510156
0.520373
0.516054
0.522537
0.523129
0.517936
0.523274
0.534908
0.524045
0.523592
0.533997
0.535486
0.535691
0.528663
0.539030
0.536367
0.535671
0.535115
0.545556
0.552107
0.546132
0.546905
0.551972
0.554711
0.549187
0.552896
0.562590
0.551672
0.565440
0.563897
0.564891
0.556650
0.564071
0.563455
0.566325
0.566264
0.577088
0.570566
0.572220
0.570918
0.574343
0.587840
0.583713
0.576636
0.589025
0.589107
0.593580
0.584680
0.589384
0.593729
0.590832
0.587920
0.596035
0.597211
0.591154
0.601695
0.608698
0.601411
0.609089
0.604790
0.613980
0.606903
0.616994
0.612029
0.608661
0.620247
0.621964
0.610813
0.621371
0.622623
0.614312
0.622146
0.622035
0.627325
0.632256
0.633522
0.629154
0.638981
0.636238
0.638224
0.645405
0.636100
0.638555
0.634464
0.641936
0.638234
0.640356
0.655154
0.644590
0.651500
0.650342
0.650265
0.653316
0.658799
0.657293
0.658138
0.655551
0.655121
0.662327
0.666033
0.671502
0.661416
0.670295
0.664137
0.671101
0.666651
0.666851
0.669533
0.677814
0.682509
0.682610
0.671265
0.687598
0.683142
0.687324
0.678219
0.691820
0.680346
0.686493
0.695704
0.683241
0.698152
0.695434
0.698383
0.699512
0.692854
0.705089
0.697771
0.702195
0.699548
0.698657
0.703860
0.703392
0.710343
0.704404
0.715999
0.703491
0.714937
0.709886
0.720142
0.715859
0.717130
0.717393
0.715393
0.723852
0.721685
0.726549
0.725631
0.721070
0.726944
0.729256
0.711099
0.728589
0.733445
0.733252
0.731183
0.738158
0.740813
0.737205
0.730018
0.733738
0.736860
0.747969
0.742765
0.746215
0.744514
0.734250
0.745518
0.748561
0.751330
0.751550
0.751724
0.743603
0.749396
0.754971
0.756114
0.759845
0.755623
0.753247
0.760562
0.760001
0.761893
0.761831
0.758317
0.767647
0.758810
0.762933
0.758440
0.777250
0.762801
0.768670
0.777926
0.766656
0.780942
0.771317
0.777047
0.773496
0.773108
0.775014
0.775774
0.772032
0.781510
0.781204
0.777570
0.784558
0.782194
0.787094
0.782144
0.783710
0.787842
0.784757
0.786862
0.790993
0.790768
0.786304
0.793990
0.791899
0.800938
0.793760
0.785485
0.797549
0.798283
0.797840
0.788012
0.792351
0.803390
0.800032
0.801392
0.807387
0.801233
0.805630
0.809948
0.797910
0.807829
0.808157
0.802662
0.802756
0.812873
0.804161
0.809188
0.812906
0.813516
0.812854
0.809688
0.814984
0.817118
0.811629
0.801651
0.816134
0.815920
0.819126
0.822743
0.824314
0.811323
0.816100
0.819814
0.824956
0.818207
0.824442
0.811509
0.818931
0.828364
0.829795
0.821144
0.823855
0.819778
0.828661
0.828920
0.833760
0.829840
0.819507
0.835064
0.823376
0.835438
0.836127
0.833536
0.826664
0.832198
0.831125
0.828594
0.831926
0.827562
0.836274
0.833184
0.839783
0.836118
0.831816
0.835186
0.840467
0.835572
0.839255
0.836367
0.841846
0.841845
0.845527
0.828671
0.836525
0.829193
0.836209
0.843804
0.840808
0.842704
0.845662
0.849358
0.842035
0.839727
0.846049
0.842278
0.850402
0.837630
0.836311
0.838827
0.846155
0.847433
0.849779
0.843938
0.847364
0.848529
0.849622
0.843504
0.851218
0.859030
0.841456
0.846547
0.841923
0.848290
0.832716
0.848697
0.851366
0.853045
0.844245
0.845646
0.846043
0.851248
0.850446
0.853658
0.853175
0.847625
0.846402
0.848355
0.850234
0.846846
0.848456
0.854325
0.854589
0.848417
0.860439
0.846228
0.847175
0.853192
0.848313
0.853603
0.842533
0.858519
0.849366
0.845378
0.851113
0.845378
0.849366
0.858519
0.842533
0.853603
0.848313
0.853192
0.847175
0.846228
0.860439
0.848417
0.854589
0.854325
0.848456
0.846846
0.850234
0.848355
0.846402
0.847625
0.853175
0.853658
0.850446
0.851248
0.846043
0.845646
0.844245
0.853045
0.851366
0.848697
0.832716
0.848290
0.841923
0.846547
0.841456
0.859030
0.851218
0.843504
0.849622
0.848529
0.847364
0.843938
0.849779
0.847433
0.846155
0.838827
0.836311
0.837630
0.850402
0.842278
0.846049
0.839727
0.842035
0.849358
0.845662
0.842704
0.840808
0.843804
0.836209
0.829193
0.836525
0.828671
0.845527
0.841845
0.841846
0.836367
0.839255
0.835572
0.840467
0.835186
0.831816
0.836118
0.839783
0.833184
0.836274
0.827562
0.831926
0.828594
0.831125
0.832198
0.826664
0.833536
0.836127
0.835438
0.823376
0.835064
0.819507
0.829840
0.833760
0.828920
0.828661
0.819778
0.823855
0.821144
0.829795
0.828364
0.818931
0.811509
0.824442
0.818207
0.824956
0.819814
0.816100
0.811323
0.824314
0.822743
0.819126
0.815920
0.816134
0.801651
0.811629
0.817118
0.814984
0.809688
0.812854
0.813516
0.812906
0.809188
0.804161
0.812873
0.802756
0.802662
0.808157
0.807829
0.797910
0.809948
0.805630
0.801233
0.807387
0.801392
0.800032
0.803390
0.792351
0.788012
0.797840
0.798283
0.797549
0.785485
0.793760
0.800938
0.791899
0.793990
0.786304
0.790768
0.790993
0.786862
0.784757
0.787842
0.783710
0.782144
0.787094
0.782194
0.784558
0.777570
0.781204
0.781510
0.772032
0.775774
0.775014
0.773108
0.773496
0.777047
0.771317
0.780942
0.766656
0.777926
0.768670
0.762801
0.777250
0.758440
0.762933
0.758810
0.767647
0.758317
0.761831
0.761893
0.760001
0.760562
0.753247
0.755623
0.759845
0.756114
0.754971
0.749396
0.743603
0.751724
0.751550
0.751330
0.748561
0.745518
0.734250
0.744514
0.746215
0.742765
0.747969
0.736860
0.733738
0.730018
0.737205
0.740813
0.738158
0.731183
0.733252
0.733445
0.728589
0.711099
0.729256
0.726944
0.721070
0.725631
0.726549
0.721685
0.723852
0.715393
0.717393
0.717130
0.715859
0.720142
0.709886
0.714937
0.703491
0.715999
0.704404
0.710343
0.703392
0.703860
0.698657
0.699548
0.702195
0.697771
0.705089
0.692854
0.699512
0.698383
0.695434
0.698152
0.683241
0.695704
0.686493
0.680346
0.691820
0.678219
0.687324
0.683142
0.687598
0.671265
0.682610
0.682509
0.677814
0.669533
0.666851
0.666651
0.671101
0.664137
0.670295
0.661416
0.671502
0.666033
0.662327
0.655121
0.655551
0.658138
0.657293
0.658799
0.653316
0.650265
0.650342
0.651500
0.644590
0.655154
0.640356
0.638234
0.641936
0.634464
0.638555
0.636100
0.645405
0.638224
0.636238
0.638981
0.629154
0.633522
0.632256
0.627325
0.622035
0.622146
0.614312
0.622623
0.621371
0.610813
0.621964
0.620247
0.608661
0.612029
0.616994
0.606903
0.613980
0.604790
0.609089
0.601411
0.608698
0.601695
0.591154
0.597211
0.596035
0.587920
0.590832
0.593729
0.589384
0.584680
0.593580
0.589107
0.589025
0.576636
0.583713
0.587840
0.574343
0.570918
0.572220
0.570566
0.577088
0.566264
0.566325
0.563455
0.564071
0.556650
0.564891
0.563897
0.565440
0.551672
0.562590
0.552896
0.549187
0.554711
0.551972
0.546905
0.546132
0.552107
0.545556
0.535115
0.535671
0.536367
0.539030
0.528663
0.535691
0.535486
0.533997
0.523592
0.524045
0.534908
0.523274
0.517936
0.523129
0.522537
0.516054
0.520373
0.510156
0.512675
0.509785
0.513993
0.509757
0.498595
0.495746
0.495935
0.504945
0.505534
0.500454
0.495957
0.492790
0.493600
0.488789
0.483679
0.489224
0.488814
0.479640
0.477572
0.485013
0.490906
0.481552
0.476647
0.480523
0.465930
0.469302
0.468785
0.467717
0.462937
0.467888
0.459737
0.462950
0.460587
0.458514
0.454079
0.453879
0.451939
0.445300
0.447602
0.448006
0.451416
0.444816
0.442817
0.437795
0.437346
0.436106
0.437448
0.434469
0.430335
0.439299
0.428569
0.432689
0.423280
0.421899
0.415847
0.418158
0.421640
0.418979
0.413526
0.416189
0.413191
0.406279
0.405367
0.408097
0.398871
0.400338
0.401877
0.401099
0.404224
0.396247
0.392866
0.394532
0.388660
0.392711
0.390596
0.388140
0.384857
0.389188
0.383480
0.368636
0.373974
0.381158
0.380155
0.366063
0.367648
0.367182
0.367646
0.362102
0.365186
0.356940
0.358752
0.364644
0.355044
0.357800
0.356542
0.353052
0.347990
0.343634
0.346569
0.342499
0.343339
0.344672
0.340898
0.336580
0.337207
0.335252
0.329862
0.334490
0.324059
0.327129
0.327673
0.323187
0.327848
0.323726
0.314775
0.318648
0.307791
0.314337
0.313898
0.308830
0.307383
0.310183
0.305783
0.306402
0.300283
0.296345
0.295646
0.298162
0.294919
0.298387
0.297143
0.286455
0.286640
0.290039
0.282151
0.283571
0.277932
0.275611
0.275567
0.274394
0.272663
0.274260
0.269720
0.277594
0.271983
0.263904
0.261517
0.256616
0.262576
0.261863
0.256554
0.253337
0.254153
0.251925
0.253135
0.251939
0.249385
0.246005
0.243447
0.240182
0.242857
0.237423
0.241792
0.230284
0.233227
0.235372
0.229243
0.226769
0.230549
0.223035
0.227444
0.224956
0.224356
0.216186
0.216118
0.211913
0.215539
0.209860
0.210616
0.209658
0.206658
0.201185
0.207939
0.201906
0.195251
0.196270
0.204803
0.195754
0.194513
0.191768
0.187292
0.186176
0.188973
0.184439
0.186953
0.186662
0.185152
0.181851
0.178871
0.175615
0.176474
0.171468
0.174345
0.167136
0.171657
0.167543
0.163581
0.163113
0.160135
0.157628
0.154883
0.157487
0.155948
0.152360
0.156682
0.146834
0.144504
0.149492
0.144023
0.149025
0.148846
0.137983
0.139920
0.133758
0.133864
0.134376
0.135423
0.130892
0.130432
0.131203
0.124034
0.129711
0.121122
0.127756
0.119343
0.117268
0.121130
0.113107
0.116044
0.113288
0.113892
0.105084
0.111465
0.107870
0.111735
0.098486
0.103850
0.099743
0.099854
0.105036
0.095171
0.093890
0.094135
0.091105
0.087097
0.088856
0.085798
0.084345
0.086591
0.084236
0.083345
0.082354
0.073699
0.082321
0.070294
0.072435
0.074702
0.072847
0.070848
0.064974
0.069362
0.065662
0.064928
0.063669
0.062176
0.060188
0.059504
0.062411
0.057927
0.049151
0.048914
0.052058
0.049436
0.046025
0.045819
0.047323
0.044706
0.043190
0.045691
0.045190
0.035388
0.031401
0.040625
0.036513
0.034174
0.027664
0.031530
0.030141
0.025467
0.026336
0.024685
0.025690
0.021778
0.023437
0.015180
0.020812
0.016700
0.009708
0.013276
0.013704
0.019107
0.008823
0.005359
0.014306
0.006404
0.004505
0.001789
0.001094
0.004503
0.001268
-0.004926
-0.003760
-0.005064
-0.006665
-0.008864
-0.011298
-0.006718
-0.009002
-0.008316
-0.006503
-0.014889
-0.011727
-0.018701
-0.023338
-0.018280
-0.022856
-0.020552
-0.021527
-0.028378
-0.027329
-0.027720
-0.026896
-0.025815
-0.029452
-0.027737
-0.029950
-0.030628
-0.035741
-0.038423
-0.038898
-0.042335
-0.039190
-0.040875
-0.042365
-0.044173
-0.045537
-0.045059
-0.043714
-0.050811
-0.048571
-0.049747
-0.050153
-0.051232
-0.051393
-0.058094
-0.060728
-0.054206
-0.054590
-0.059472
-0.061106
-0.058800
-0.071323
-0.063755
-0.063988
-0.063904
-0.070565
-0.075151
-0.066344
-0.076769
-0.068741
-0.072220
-0.070963
-0.076419
-0.072178
-0.076692
-0.080239
-0.077535
-0.078285
-0.077086
-0.081829
-0.082983
-0.080907
-0.085244
-0.084542
-0.086548
-0.089458
-0.088073
-0.091301
-0.097070
-0.090940
-0.092219
-0.091267
-0.092680
-0.090251
-0.100221
-0.095895
-0.098617
-0.096635
-0.101211
-0.102757
-0.103053
-0.106617
-0.100462
-0.106546
-0.107217
-0.109543
-0.107645
-0.108154
-0.111092
-0.112081
-0.115395
-0.112594
-0.113079
-0.117398
-0.118476
-0.119916
-0.117069
-0.118315
-0.120037
-0.120231
-0.121689
-0.118953
-0.123892
-0.121930
-0.124796
-0.128773
-0.122287
-0.128512
-0.127578
-0.128489
-0.128944
-0.129541
-0.131449
-0.135943
-0.131115
-0.137604
-0.131686
-0.135286
-0.137583
-0.136055
-0.135543
-0.138058
-0.140037
-0.142862
-0.139149
-0.142949
-0.135344
-0.147349
-0.140604
-0.140748
-0.144288
-0.147504
-0.148952
-0.149356
-0.148483
-0.154509
-0.146001
-0.151365
-0.152376
-0.150434
-0.150276
-0.157255
-0.153963
-0.154281
-0.155789
-0.157222
-0.159150
-0.157255
-0.162037
-0.159601
-0.159878
-0.161346
-0.158975
-0.161909
-0.164823
-0.163066
-0.163486
-0.161854
-0.163733
-0.164350
-0.165540
-0.163283
-0.168426
-0.168973
-0.168994
-0.165692
-0.167929
-0.173134
-0.166380
-0.173064
-0.172942
-0.170445
-0.177444
-0.175290
-0.175510
-0.179012
-0.174393
-0.174914
-0.175191
-0.178745
-0.180152
-0.184449
-0.178983
-0.176241
-0.179838
-0.182220
-0.180816
-0.182599
-0.180725
-0.183959
-0.181909
-0.183400
-0.185949
-0.182395
-0.182481
-0.183001
-0.186220
-0.183215
-0.184608
-0.190895
-0.191614
-0.191771
-0.187415
-0.191454
-0.187265
-0.192300
-0.193972
-0.191914
-0.187648
-0.196140
-0.193687
-0.189571
-0.195493
-0.193349
-0.194243
-0.193139
-0.194201
-0.197577
-0.197459
-0.193615
-0.199332
-0.200262
-0.196115
-0.200337
-0.194371
-0.194214
-0.199879
-0.194295
-0.199294
-0.203860
-0.199034
-0.198733
-0.200762
-0.200270
-0.203306
-0.204446
-0.198810
-0.206326
-0.204519
-0.205740
-0.203990
-0.209363
-0.205102
-0.206276
-0.203628
-0.204703
-0.206499
-0.203099
-0.205131
-0.205325
-0.204022
-0.207489
-0.207212
-0.204672
-0.212613
-0.206382
-0.208313
-0.206142
-0.212036
-0.207746
-0.208846
-0.209447
-0.209515
-0.208403
-0.213039
-0.207696
-0.207611
-0.209214
-0.210668
-0.213909
-0.213251
-0.210734
-0.214514
-0.210075
-0.212461
-0.209094
-0.214796
-0.216610
-0.214485
-0.212955
-0.213942
-0.215454
-0.216371
-0.210760
-0.215991
-0.214595
-0.213050
-0.211855
-0.213219
-0.211863
-0.215038
-0.217367
-0.213782
-0.213367
-0.215782
-0.215211
-0.215941
-0.214423
-0.212864
-0.219756
-0.214933
-0.215089
-0.215727
-0.220611
-0.213305
-0.220241
-0.220245
-0.214296
-0.212582
-0.215340
-0.215030
-0.213781
-0.214540
-0.220088
-0.217615
-0.223212
-0.216665
-0.217089
-0.220461
-0.216837
-0.216007
-0.217530
-0.217518
-0.218120
-0.215166
-0.216570
-0.220323
-0.219121
-0.217701
-0.215651
-0.216024
-0.215916
-0.215075
-0.218323
-0.215665
-0.219359
-0.218217
-0.214535
-0.215900
-0.216278
-0.216767
-0.219380
-0.217957
-0.219541
-0.217123
-0.220077
-0.216428
-0.214284
-0.217937
-0.215546
-0.216454
-0.219729
-0.213258
-0.216214
-0.218330
-0.214550
-0.213223
-0.218273
-0.217534
-0.214913
-0.218056
-0.217257
-0.218582
-0.218770
-0.216299
-0.217150
-0.212177
-0.214533
-0.216876
-0.216161
-0.215901
-0.214145
-0.209107
-0.213736
-0.216098
-0.209938
-0.215807
-0.217366
-0.217297
-0.216448
-0.210061
-0.212664
-0.213042
-0.214346
-0.214778
-0.209896
-0.215911
-0.212206
-0.213139
-0.212302
-0.211848
-0.209678
-0.211477
-0.210920
-0.211986
-0.209229
-0.210314
-0.209398
-0.213677
-0.210409
-0.211643
-0.213232
-0.214068
-0.211161
-0.211815
-0.208264
-0.213228
-0.212062
-0.208414
-0.211516
-0.204666
-0.205773
-0.208702
-0.209259
-0.204861
-0.207338
-0.207105
-0.204398
-0.205683
-0.204986
-0.206871
-0.207713
-0.205072
-0.206435
-0.208974
-0.208852
-0.205001
-0.203097
-0.204745
-0.202421
-0.204491
-0.204053
-0.201170
-0.203727
-0.205800
-0.203324
-0.201876
-0.200510
-0.201271
-0.204352
-0.201435
-0.200532
-0.201308
-0.203804
-0.199054
-0.200950
-0.199826
-0.202526
-0.201338
-0.197678
-0.195957
-0.197088
-0.196865
-0.200557
-0.198690
-0.197482
-0.193322
-0.193846
-0.199235
-0.199076
-0.193592
-0.192773
-0.195243
-0.195962
-0.193487
-0.194487
-0.190278
-0.192109
-0.195835
-0.191498
-0.192889
-0.194243
-0.191392
-0.193461
-0.190590
-0.189812
-0.192103
-0.190760
-0.191930
-0.188557
-0.190436
-0.187174
-0.189860
-0.186162
-0.187445
-0.184621
-0.187912
-0.186782
-0.185996
-0.183494
-0.185240
-0.183228
-0.184527
-0.182225
-0.185470
-0.185570
-0.183148
-0.179614
-0.183497
-0.180816
-0.182833
-0.182465
-0.184054
-0.183591
-0.182356
-0.176494
-0.177294
-0.180583
-0.180040
-0.180174
-0.176223
-0.177015
-0.179310
-0.176565
-0.176109
-0.174209
-0.175505
-0.172787
-0.172053
-0.176101
-0.174054
-0.176615
-0.173487
-0.173059
-0.174743
-0.172201
-0.170069
-0.172978
-0.171583
-0.169688
-0.168050
-0.169918
-0.168881
-0.169661
-0.167383
-0.164930
-0.168625
-0.169884
-0.168893
-0.168544
-0.162492
-0.162172
-0.168628
-0.162783
-0.166440
-0.165266
-0.164413
-0.163774
-0.165227
-0.159218
-0.163746
-0.161319
-0.161397
-0.162940
-0.164936
-0.157526
-0.157082
-0.158224
-0.157208
-0.162810
-0.157803
-0.158286
-0.161371
-0.159715
-0.158433
-0.159395
-0.157965
-0.156893
-0.158183
-0.156927
-0.155090
-0.155751
-0.152120
-0.152557
-0.153407
-0.150392
-0.151234
-0.154150
-0.151682
-0.147156
-0.148538
-0.147250
-0.145240
-0.145514
-0.144288
-0.144569
-0.143673
-0.145142
-0.143313
-0.146428
-0.145424
-0.144001
-0.140077
-0.143187
-0.145193
-0.144946
-0.142747
-0.142213
-0.142391
-0.140985
-0.141128
-0.140965
-0.139019
-0.141714
-0.139178
-0.137861
-0.139747
-0.141059
-0.136858
-0.137643
-0.142079
-0.136051
-0.133170
-0.132907
-0.132278
-0.132363
-0.134923
-0.132886
-0.135038
-0.133021
-0.131430
-0.131607
-0.131813
-0.128305
-0.132757
-0.132017
-0.127818
-0.130998
-0.127803
-0.127653
-0.126635
-0.125610
-0.125727
-0.128963
-0.124873
-0.125688
-0.123193
-0.125744
-0.123615
-0.123900
-0.121672
-0.122174
-0.123350
-0.121352
-0.120625
-0.123143
-0.121894
-0.120843
-0.121775
-0.119425
-0.119626
-0.119776
-0.116401
-0.118526
-0.117569
-0.117771
-0.116541
-0.116375
-0.116459
-0.113849
-0.116521
-0.114204
-0.114280
-0.112893
-0.112900
-0.111674
-0.111872
-0.107851
-0.109887
-0.109053
-0.109249
-0.110320
-0.107406
-0.110346
-0.108400
-0.106188
-0.109435
-0.106080
-0.108095
-0.108113
-0.107291
-0.107131
-0.107479
-0.106838
-0.108300
-0.104585
-0.104175
-0.100440
-0.103111
-0.101792
-0.101118
-0.099196
-0.099170
-0.100458
-0.096933
-0.098337
-0.098191
-0.099174
-0.097065
-0.094447
-0.096547
-0.096110
-0.099423
-0.097602
-0.096265
-0.100126
-0.097614
-0.096155
-0.095063
-0.094584
-0.092798
-0.093438
-0.090206
-0.089880
-0.093435
-0.090673
-0.093889
-0.091526
-0.088313
-0.088283
-0.089122
-0.089958
-0.089242
-0.084500
-0.088466
-0.087336
-0.085909
-0.085733
-0.084710
-0.086551
-0.087005
-0.087561
-0.083150
-0.083201
-0.083928
-0.085878
-0.081022
-0.081676
-0.080714
-0.082109
-0.080478
-0.081039
-0.082136
-0.079835
-0.082527
-0.078069
-0.077340
-0.081500
-0.078283
-0.077071
-0.078412
-0.078227
-0.078686
-0.074898
-0.076862
-0.076760
-0.076954
-0.074524
-0.073568
-0.073932
-0.073489
-0.072986
-0.071449
-0.069845
-0.071485
-0.071906
-0.069752
-0.073959
-0.069595
-0.069740
-0.070341
-0.071863
-0.069174
-0.068040
-0.070103
-0.068005
-0.068532
-0.066466
-0.066369
-0.070214
-0.067591
-0.065354
-0.065351
-0.064991
-0.064396
-0.066334
-0.065051
-0.062486
-0.064433
-0.063402
-0.062255
-0.061950
-0.062048
-0.059430
-0.061753
-0.064505
-0.059128
-0.059576
-0.058354
-0.060554
-0.060722
-0.059020
-0.061039
-0.058179
-0.057113
-0.056766
-0.055368
-0.059496
-0.056957
-0.054577
-0.056822
-0.055475
-0.056693
-0.055321
-0.055660
-0.057042
-0.054582
-0.053489
-0.051524
-0.052783
-0.051627
-0.052020
-0.053653
-0.051878
-0.052878
-0.051202
-0.051164
-0.051634
-0.050094
-0.048642
-0.051645
-0.049133
-0.048549
-0.047864
-0.046156
-0.049958
-0.046571
-0.048733
-0.049542
-0.047044
-0.046844
-0.045211
-0.047815
-0.048424
-0.045441
-0.046494
-0.042743
-0.043435
-0.041390
-0.042391
-0.045410
-0.043930
-0.042883
-0.042394
-0.042055
-0.042034
-0.041974
-0.040807
-0.040108
-0.042205
-0.040742
-0.041573
-0.040393
-0.038968
-0.039551
-0.041362
-0.038954
-0.038691
-0.039557
-0.037240
-0.038159
-0.038243
-0.037477
-0.035626
-0.039341
-0.037060
-0.036117
-0.036432
-0.037354
-0.036675
-0.036869
-0.036317
-0.035612
-0.034964
-0.032671
-0.033242
-0.034655
-0.031442
-0.032420
-0.032681
-0.030730
-0.032456
-0.032200
-0.032398
-0.031310
-0.030141
-0.031303
-0.029714
-0.032869
-0.032167
-0.030503
-0.030791
-0.031203
-0.029332
-0.031054
-0.027660
-0.029594
-0.028313
-0.029634
-0.029476
-0.027657
-0.027561
-0.026947
-0.026886
-0.025936
-0.028483
-0.025895
-0.027220
-0.027242
-0.026532
-0.025552
-0.027040
-0.026316
-0.025515
-0.025872
-0.024298
-0.025049
-0.023225
-0.025009
-0.025094
-0.021434
-0.022096
-0.023425
-0.023423
-0.021031
-0.021654
-0.021973
-0.022899
-0.023771
-0.023888
-0.020964
-0.023158
-0.020308
-0.020487
-0.023891
-0.019381
-0.021445
-0.021451
-0.022054
-0.021891
-0.020285
-0.018183
-0.020427
-0.020451
-0.017922
-0.017816
-0.020080
-0.017572
-0.014842
-0.016106
-0.015770
-0.017913
-0.017043
-0.018753
-0.018679
-0.017569
-0.018621
-0.018114
-0.016940
-0.018725
-0.016012
-0.014964
-0.016299
-0.015961
-0.018580
-0.013329
-0.016740
-0.017555
-0.015215
-0.015090
-0.012393
-0.015206
-0.013870
-0.013957
-0.014843
-0.012911
-0.012521
-0.013560
-0.014080
-0.016251
-0.013117
-0.012823
-0.014762
-0.013456
-0.012409
-0.012053
-0.012219
-0.011222
-0.013366
-0.010759
-0.010745
-0.009043
-0.012282
-0.011020
-0.011158
-0.013012
-0.011284
-0.012531
-0.010801
-0.009180
-0.010743
-0.010917
-0.012618
-0.008195
-0.010281
-0.009249
-0.009299
-0.008404
-0.010534
-0.008357
-0.010681
-0.010272
-0.005597
-0.009783
-0.009296
-0.008656
-0.007579
-0.006915
-0.009831
-0.009259
-0.008747
-0.007741
-0.009029
-0.010586
-0.008401
-0.010751
-0.006771
-0.007998
-0.010393
-0.005103
-0.006464
-0.007004
-0.007121
-0.009382
-0.005779
-0.006700
-0.008249
-0.009625
-0.008256
-0.009060
-0.008783
-0.010806
-0.011019
-0.011893
-0.010012
-0.012891
-0.009035
-0.012025
-0.008590
-0.009800
-0.010650
-0.008418
-0.011405
-0.017169


