M_loss: 9, M_sym: 4300.0, M_power: 9000, M_bandwidth: 22.3872113856834
0.027397
0.021863
0.023128
0.021947
0.021638
0.021116
0.020097
0.017030
0.018512
0.016921
0.015291
0.013190
0.012839
0.013969
0.012268
0.012808
0.015150
0.015278
0.013209
0.016863
0.014053
0.013171
0.013625
0.012995
0.015122
0.015498
0.014630
0.015931
0.013828
0.017650
0.017834
0.015025
0.016924
0.015344
0.017772
0.017533
0.016710
0.017089
0.018423
0.016335
0.018460
0.017766
0.020594
0.019337
0.017826
0.018318
0.017714
0.018620
0.019395
0.020136
0.018868
0.019262
0.018444
0.019788
0.020524
0.020415
0.021806
0.022882
0.023326
0.021929
0.021909
0.019861
0.022570
0.021549
0.022603
0.023318
0.022535
0.023112
0.021782
0.022585
0.025175
0.025196
0.026048
0.024006
0.024324
0.022033
0.022996
0.025747
0.025318
0.026612
0.027208
0.025507
0.026871
0.027236
0.028983
0.025691
0.026718
0.027320
0.029108
0.028689
0.027811
0.028313
0.027123
0.025941
0.027307
0.030074
0.029840
0.031419
0.031356
0.033976
0.033270
0.030968
0.029142
0.027176
0.028961
0.029869
0.032557
0.033823
0.031596
0.032418
0.032659
0.032948
0.034854
0.035626
0.034835
0.032753
0.036251
0.033902
0.033623
0.033118
0.034274
0.037089
0.036806
0.035103
0.034408
0.038221
0.035365
0.037180
0.038025
0.039552
0.038431
0.039247
0.036664
0.036823
0.038677
0.040328
0.038728
0.038547
0.040623
0.038876
0.040263
0.043989
0.042577
0.041680
0.040511
0.040120
0.041562
0.040866
0.042444
0.041826
0.043878
0.042728
0.044536
0.043230
0.045784
0.044258
0.044219
0.045046
0.044415
0.046638
0.048147
0.046584
0.044731
0.045875
0.045182
0.047613
0.046925
0.043836
0.049419
0.045571
0.048875
0.049298
0.049822
0.050726
0.050412
0.049340
0.050378
0.050909
0.050254
0.050062
0.050241
0.050263
0.053239
0.050684
0.051816
0.051967
0.051343
0.054906
0.051297
0.053765
0.055375
0.052211
0.054405
0.055002
0.055578
0.053924
0.057734
0.057346
0.055156
0.054638
0.055134
0.056214
0.055625
0.056194
0.059543
0.061670
0.060907
0.059094
0.056714
0.058939
0.058071
0.059029
0.060452
0.060377
0.060756
0.060714
0.061299
0.060068
0.060134
0.062418
0.061602
0.062633
0.061336
0.062277
0.062636
0.063792
0.063910
0.063873
0.066002
0.066113
0.063455
0.066597
0.066646
0.062051
0.064352
0.065918
0.066159
0.066356
0.065197
0.065427
0.067698
0.067150
0.069696
0.068742
0.068271
0.069088
0.066451
0.069969
0.070674
0.069441
0.069747
0.069229
0.069001
0.067870
0.070140
0.071619
0.071681
0.069899
0.071401
0.074791
0.073021
0.073574
0.070940
0.071406
0.070812
0.071424
0.073421
0.073572
0.073036
0.074985
0.072094
0.074197
0.073729
0.076357
0.074808
0.073776
0.074764
0.076282
0.076151
0.077045
0.076169
0.077641
0.074489
0.076850
0.074788
0.076659
0.072956
0.076393
0.075145
0.077851
0.075816
0.077570
0.079945
0.081040
0.078893
0.077801
0.081300
0.079584
0.079391
0.076788
0.077353
0.079428
0.078561
0.079123
0.079637
0.078945
0.078189
0.080577
0.080711
0.081569
0.080445
0.083425
0.081658
0.080336
0.081572
0.081320
0.080499
0.080374
0.080398
0.083378
0.082717
0.081458
0.080976
0.081563
0.082721
0.083434
0.083013
0.083154
0.083418
0.082763
0.085504
0.084310
0.079864
0.083793
0.085338
0.084011
0.085493
0.082046
0.081884
0.080680
0.081299
0.083999
0.086319
0.086463
0.086126
0.087746
0.084908
0.088091
0.083657
0.086084
0.084858
0.084566
0.086237
0.084846
0.085643
0.083589
0.084742
0.084560
0.083677
0.085238
0.088303
0.086631
0.087266
0.087397
0.087138
0.088529
0.086316
0.084784
0.084336
0.085327
0.084632
0.088362
0.084394
0.087143
0.088432
0.087772
0.088411
0.087755
0.085803
0.087520
0.086046
0.084223
0.083100
0.084577
0.087678
0.085366
0.087842
0.088624
0.088641
0.090208
0.088541
0.086700
0.086412
0.086664
0.085167
0.085828
0.085182
0.087413
0.084360
0.085717
0.086958
0.086078
0.086403
0.087857
0.085633
0.087074
0.087337
0.087432
0.086167
0.083568
0.082599
0.085574
0.086459
0.086976
0.086667
0.083967
0.085954
0.085676
0.086328
0.086732
0.085411
0.084310
0.083704
0.086518
0.085692
0.086444
0.082960
0.083839
0.085077
0.082395
0.083155
0.085963
0.083342
0.083092
0.082397
0.081565
0.082986
0.084450
0.080793
0.086024
0.083768
0.085443
0.085878
0.081977
0.080061
0.080094
0.082521
0.082043
0.079525
0.082091
0.082303
0.082192
0.079397
0.080677
0.078469
0.080802
0.079855
0.080555
0.080498
0.081535
0.077940
0.080253
0.080168
0.078869
0.081299
0.078236
0.077563
0.073487
0.076287
0.075547
0.077446
0.078110
0.075581
0.075774
0.076579
0.078723
0.078235
0.075542
0.074545
0.074964
0.072727
0.071755
0.074209
0.077151
0.076822
0.073239
0.071617
0.071781
0.068761
0.069408
0.070270
0.067056
0.068894
0.069049
0.069854
0.072806
0.068687
0.069340
0.068769
0.072174
0.072469
0.070632
0.070117
0.071361
0.069887
0.068121
0.068194
0.067849
0.066292
0.066528
0.063347
0.064456
0.064827
0.063603
0.059946
0.060509
0.064037
0.062179
0.062637
0.061926
0.060023
0.061378
0.061872
0.059610
0.060052
0.059112
0.054476
0.057597
0.058039
0.056853
0.057811
0.055836
0.057541
0.056754
0.052215
0.055196
0.050853
0.050039
0.051223
0.052289
0.051096
0.054982
0.049998
0.052774
0.050573
0.051940
0.051519
0.048334
0.047829
0.045935
0.045599
0.047167
0.049718
0.043592
0.046826
0.043477
0.044979
0.045733
0.042779
0.043917
0.040658
0.040090
0.044837
0.038373
0.041910
0.041877
0.042518
0.038847
0.033653
0.036910
0.039723
0.037990
0.035882
0.033053
0.036893
0.033248
0.034167
0.033472
0.035993
0.031331
0.031938
0.031578
0.029433
0.032576
0.028819
0.030136
0.025354
0.024083
0.025828
0.030386
0.026940
0.026802
0.024145
0.024762
0.022069
0.018038
0.022757
0.019667
0.021137
0.023039
0.017419
0.019455
0.016653
0.017600
0.016308
0.021450
0.017142
0.015751
0.012456
0.013378
0.010983
0.012092
0.013962
0.008440
0.009245
0.011599
0.006899
0.005260
0.005599
0.007297
0.006827
0.007792
0.005424
0.003847
0.003241
-0.000403
0.000086
0.000379
0.003616
0.001613
-0.001536
-0.001319
-0.005891
-0.005646
-0.003456
-0.006376
-0.004823
-0.008036
-0.005778
-0.008057
-0.008843
-0.010548
-0.012941
-0.009007
-0.010862
-0.012915
-0.011763
-0.009964
-0.015083
-0.017426
-0.018685
-0.018372
-0.017128
-0.020671
-0.018642
-0.021195
-0.018021
-0.024883
-0.022266
-0.026124
-0.023006
-0.024146
-0.023225
-0.024190
-0.029315
-0.030294
-0.030563
-0.033789
-0.028764
-0.028332
-0.032843
-0.032799
-0.033141
-0.033933
-0.038368
-0.037092
-0.036075
-0.036353
-0.038979
-0.041987
-0.041760
-0.040192
-0.042101
-0.043447
-0.043264
-0.042013
-0.044933
-0.049234
-0.047631
-0.048222
-0.048246
-0.048140
-0.049756
-0.046230
-0.056207
-0.055748
-0.054350
-0.055252
-0.053887
-0.055364
-0.056587
-0.057616
-0.056529
-0.062197
-0.060034
-0.062402
-0.064624
-0.064051
-0.063754
-0.063963
-0.065142
-0.065996
-0.066970
-0.069616
-0.067684
-0.071832
-0.069584
-0.072676
-0.069898
-0.072629
-0.073595
-0.078164
-0.076133
-0.077929
-0.077931
-0.074755
-0.076466
-0.079383
-0.082034
-0.087433
-0.081970
-0.080847
-0.086654
-0.087342
-0.087734
-0.087361
-0.087421
-0.089349
-0.088950
-0.089211
-0.093742
-0.090826
-0.095684
-0.092177
-0.093461
-0.098046
-0.095411
-0.098346
-0.099583
-0.099033
-0.100355
-0.103749
-0.105175
-0.101647
-0.104318
-0.106519
-0.102926
-0.104867
-0.107837
-0.107342
-0.108116
-0.110805
-0.110819
-0.111840
-0.117065
-0.113885
-0.113125
-0.114790
-0.114335
-0.118713
-0.117013
-0.119138
-0.122179
-0.120050
-0.123432
-0.123346
-0.121281
-0.127406
-0.124569
-0.125343
-0.125569
-0.129192
-0.127639
-0.131312
-0.129200
-0.129554
-0.130991
-0.132730
-0.134357
-0.134910
-0.133305
-0.138194
-0.143325
-0.140106
-0.140724
-0.140519
-0.140283
-0.140415
-0.138897
-0.143229
-0.148593
-0.145054
-0.144582
-0.146991
-0.147606
-0.150209
-0.150934
-0.151572
-0.153634
-0.150093
-0.152377
-0.156716
-0.155087
-0.158784
-0.151433
-0.161398
-0.155622
-0.158683
-0.155581
-0.163024
-0.159308
-0.164783
-0.167830
-0.163008
-0.166148
-0.163085
-0.165414
-0.170254
-0.166161
-0.175045
-0.169599
-0.170459
-0.171738
-0.166711
-0.173806
-0.173550
-0.168264
-0.170740
-0.178907
-0.179640
-0.178590
-0.183885
-0.179739
-0.179302
-0.181083
-0.181259
-0.180728
-0.185104
-0.183054
-0.186156
-0.180695
-0.188580
-0.185846
-0.186461
-0.190398
-0.188313
-0.190421
-0.189036
-0.190466
-0.194595
-0.194592
-0.191411
-0.192190
-0.196185
-0.192733
-0.194336
-0.195976
-0.198126
-0.202076
-0.198579
-0.196808
-0.202512
-0.200119
-0.200420
-0.200842
-0.201311
-0.205346
-0.205020
-0.202844
-0.204097
-0.205221
-0.203284
-0.208846
-0.211238
-0.210751
-0.205739
-0.208330
-0.211237
-0.211084
-0.212810
-0.212578
-0.218016
-0.212079
-0.211570
-0.211695
-0.214193
-0.214191
-0.218467
-0.215814
-0.221565
-0.216017
-0.217692
-0.217353
-0.219484
-0.218427
-0.220375
-0.218965
-0.218039
-0.226909
-0.222149
-0.224026
-0.219776
-0.222682
-0.228109
-0.224759
-0.224805
-0.229016
-0.226381
-0.231101
-0.224753
-0.230306
-0.227980
-0.227071
-0.228416
-0.228793
-0.229017
-0.228454
-0.230218
-0.231068
-0.234036
-0.229567
-0.233048
-0.233364
-0.234757
-0.235175
-0.232908
-0.233878
-0.237149
-0.236297
-0.233721
-0.232274
-0.235363
-0.239709
-0.235480
-0.234643
-0.237148
-0.241064
-0.237990
-0.236134
-0.234261
-0.239764
-0.244473
-0.237915
-0.239845
-0.239358
-0.238042
-0.241212
-0.242457
-0.238877
-0.238999
-0.243681
-0.243431
-0.241443
-0.242315
-0.244050
-0.241307
-0.241481
-0.240534
-0.240998
-0.238590
-0.245311
-0.245290
-0.248570
-0.245435
-0.240217
-0.245710
-0.244607
-0.244595
-0.244987
-0.243077
-0.241515
-0.244867
-0.243039
-0.247521
-0.243839
-0.241587
-0.245186
-0.250086
-0.242590
-0.242785
-0.247044
-0.237965
-0.244297
-0.244782
-0.247397
-0.242427
-0.244958
-0.248965
-0.242405
-0.245308
-0.247227
-0.244307
-0.245308
-0.246554
-0.248225
-0.241254
-0.248335
-0.243992
-0.241168
-0.245965
-0.237844
-0.247712
-0.241891
-0.243969
-0.240328
-0.240226
-0.239257
-0.241909
-0.243361
-0.249091
-0.242028
-0.241633
-0.244260
-0.243278
-0.243422
-0.240268
-0.238741
-0.233440
-0.241133
-0.235335
-0.242748
-0.239901
-0.238331
-0.239189
-0.241500
-0.236523
-0.234730
-0.239757
-0.235699
-0.239181
-0.231083
-0.236372
-0.234019
-0.238589
-0.236304
-0.233818
-0.233688
-0.233720
-0.233411
-0.233056
-0.233029
-0.233264
-0.229045
-0.231380
-0.230833
-0.233211
-0.227954
-0.224768
-0.231150
-0.225419
-0.231833
-0.223754
-0.231412
-0.232396
-0.224767
-0.218306
-0.225696
-0.216712
-0.227249
-0.222191
-0.221781
-0.225292
-0.220278
-0.222632
-0.217347
-0.218344
-0.220132
-0.214271
-0.217915
-0.219718
-0.213283
-0.212171
-0.215764
-0.211790
-0.215592
-0.212149
-0.207047
-0.210931
-0.215031
-0.207369
-0.208375
-0.207017
-0.207396
-0.201281
-0.205310
-0.199744
-0.200421
-0.204984
-0.206434
-0.200665
-0.200512
-0.196253
-0.204334
-0.194857
-0.196994
-0.187251
-0.199783
-0.191418
-0.194873
-0.193651
-0.190389
-0.193240
-0.185592
-0.191280
-0.184747
-0.182440
-0.181692
-0.184945
-0.182622
-0.175521
-0.181034
-0.181868
-0.183873
-0.178551
-0.174552
-0.179465
-0.172734
-0.176509
-0.173300
-0.170467
-0.166967
-0.170663
-0.168591
-0.162664
-0.164147
-0.164310
-0.161600
-0.165470
-0.162335
-0.160129
-0.158267
-0.152376
-0.158298
-0.156732
-0.154287
-0.157108
-0.150575
-0.146384
-0.149913
-0.149324
-0.142196
-0.144143
-0.143881
-0.142643
-0.137960
-0.135484
-0.138952
-0.137571
-0.137945
-0.134191
-0.133411
-0.134628
-0.131526
-0.125549
-0.126992
-0.123894
-0.122933
-0.122784
-0.121018
-0.118956
-0.119717
-0.118188
-0.117945
-0.115587
-0.115789
-0.111332
-0.104186
-0.107399
-0.100914
-0.108406
-0.105627
-0.097198
-0.104286
-0.104211
-0.096096
-0.095638
-0.095998
-0.092805
-0.087153
-0.086696
-0.081960
-0.091049
-0.084615
-0.086260
-0.077198
-0.078996
-0.080287
-0.075006
-0.074942
-0.067947
-0.077488
-0.068082
-0.067297
-0.066329
-0.064617
-0.061541
-0.058496
-0.057388
-0.052819
-0.058973
-0.052739
-0.050352
-0.050874
-0.051605
-0.039506
-0.042707
-0.044681
-0.037863
-0.043463
-0.042629
-0.034824
-0.031915
-0.034567
-0.029741
-0.025715
-0.024301
-0.017674
-0.026342
-0.016745
-0.019379
-0.014136
-0.013262
-0.014959
-0.008092
-0.009956
-0.004397
-0.005014
-0.005830
-0.000955
-0.000670
0.010738
0.008611
0.003850
0.009208
0.014207
0.015627
0.017888
0.017650
0.016512
0.017450
0.022257
0.028343
0.032971
0.034420
0.029440
0.035819
0.035387
0.036588
0.039681
0.038715
0.042684
0.049457
0.048472
0.058921
0.053763
0.053139
0.055508
0.063647
0.063959
0.062040
0.061039
0.071352
0.069571
0.076200
0.070312
0.075819
0.081190
0.085919
0.089022
0.081752
0.091232
0.088224
0.096814
0.089481
0.095136
0.098258
0.100232
0.104724
0.110364
0.105203
0.109508
0.112472
0.121989
0.116579
0.118301
0.120519
0.125748
0.128754
0.129716
0.133532
0.135309
0.135325
0.134872
0.140250
0.141227
0.148155
0.148753
0.149198
0.154027
0.159210
0.150400
0.159713
0.165537
0.168253
0.164185
0.175828
0.169583
0.170431
0.173209
0.182802
0.182697
0.184827
0.183518
0.182685
0.193673
0.198183
0.198538
0.195113
0.204444
0.207484
0.201731
0.203307
0.216751
0.206724
0.217803
0.219664
0.217070
0.228647
0.219500
0.228874
0.234197
0.233245
0.240534
0.233565
0.242258
0.238827
0.245811
0.251858
0.256638
0.253641
0.254319
0.254360
0.258530
0.264665
0.268191
0.271078
0.273329
0.272770
0.270782
0.277110
0.282348
0.284851
0.286909
0.288212
0.290630
0.298437
0.297022
0.296468
0.307583
0.300401
0.303583
0.313076
0.310250
0.314972
0.321026
0.320206
0.320957
0.320991
0.326438
0.329179
0.331436
0.341919
0.340682
0.340642
0.342895
0.348291
0.346680
0.346201
0.357066
0.358161
0.355190
0.364250
0.365481
0.367783
0.370850
0.371103
0.374359
0.376908
0.380237
0.385735
0.382052
0.383127
0.389857
0.391002
0.398998
0.398393
0.402485
0.400309
0.408038
0.409258
0.412769
0.412195
0.419966
0.412929
0.424970
0.426209
0.427054
0.430220
0.434984
0.435694
0.438334
0.445880
0.437387
0.438212
0.445844
0.453201
0.450282
0.458325
0.456857
0.463407
0.468057
0.467196
0.464846
0.477898
0.472867
0.468489
0.478131
0.488019
0.487378
0.484241
0.478967
0.500697
0.495478
0.504351
0.494178
0.504888
0.498096
0.513038
0.507282
0.515275
0.513356
0.520441
0.519866
0.520186
0.529562
0.527506
0.526371
0.536134
0.536629
0.542578
0.542423
0.535030
0.546212
0.555547
0.549479
0.549728
0.556309
0.556198
0.558785
0.567744
0.564822
0.567778
0.579826
0.575312
0.573905
0.581025
0.578878
0.588646
0.587473
0.581358
0.587304
0.593934
0.599893
0.594964
0.607297
0.602494
0.603102
0.612835
0.609018
0.613263
0.612383
0.620063
0.620787
0.622478
0.629965
0.629651
0.626852
0.629081
0.643933
0.635856
0.639661
0.637457
0.644442
0.651032
0.655126
0.653402
0.651265
0.650451
0.656807
0.666828
0.659529
0.671223
0.669229
0.667425
0.671500
0.684255
0.668932
0.678539
0.689531
0.686882
0.683361
0.688428
0.692628
0.696743
0.685374
0.700774
0.702088
0.709688
0.704013
0.709374
0.714616
0.706101
0.703689
0.721817
0.714968
0.722560
0.721123
0.726951
0.731570
0.730260
0.725037
0.731859
0.734114
0.739693
0.745530
0.747196
0.739161
0.748069
0.749287
0.753794
0.752232
0.750584
0.759174
0.759926
0.757671
0.752464
0.766891
0.776005
0.766052
0.774732
0.766192
0.787819
0.781608
0.776610
0.781931
0.785357
0.780224
0.781668
0.789069
0.785154
0.797211
0.799081
0.800174
0.795350
0.802965
0.804562
0.803144
0.811423
0.803996
0.807407
0.816731
0.814104
0.821934
0.810748
0.818631
0.825538
0.819369
0.823179
0.820231
0.836265
0.832509
0.820849
0.843554
0.832939
0.837675
0.843362
0.842788
0.832055
0.848081
0.842399
0.852162
0.848530
0.853452
0.853495
0.846716
0.858850
0.858728
0.865732
0.863532
0.858972
0.856887
0.862308
0.869081
0.870398
0.869747
0.868918
0.870435
0.870657
0.880612
0.879997
0.882359
0.881996
0.886698
0.872886
0.889404
0.883757
0.887746
0.889933
0.893898
0.891803
0.898790
0.892028
0.894821
0.899378
0.886726
0.908525
0.907032
0.899021
0.905940
0.904399
0.904160
0.909438
0.911755
0.912494
0.915226
0.914211
0.910060
0.916601
0.911902
0.915622
0.926032
0.916750
0.918737
0.930754
0.924776
0.926196
0.919027
0.926343
0.928264
0.922191
0.931910
0.936301
0.936799
0.929399
0.937204
0.938925
0.934435
0.947554
0.928238
0.932400
0.936399
0.941907
0.951341
0.944266
0.945276
0.947451
0.945607
0.943953
0.943696
0.945204
0.957075
0.953878
0.948602
0.952023
0.946592
0.951685
0.953004
0.963257
0.954403
0.952024
0.956305
0.957444
0.956212
0.968308
0.966048
0.957616
0.960157
0.960330
0.958863
0.960121
0.966256
0.961070
0.963307
0.977176
0.963356
0.968207
0.967210
0.969986
0.957456
0.966373
0.968385
0.982420
0.962206
0.973131
0.978415
0.963839
0.976256
0.968345
0.975350
0.967356
0.978518
0.979350
0.972657
0.969817
0.972018
0.982304
0.978251
0.971636
0.982690
0.966003
0.968740
0.986240
0.983058
0.973564
0.970615
0.979609
0.980506
0.981828
0.979140
0.977516
0.972345
0.981464
0.973844
0.980021
0.984189
0.978421
0.979070
0.983584
0.978812
0.976093
0.973602
0.976093
0.978812
0.983584
0.979070
0.978421
0.984189
0.980021
0.973844
0.981464
0.972345
0.977516
0.979140
0.981828
0.980506
0.979609
0.970615
0.973564
0.983058
0.986240
0.968740
0.966003
0.982690
0.971636
0.978251
0.982304
0.972018
0.969817
0.972657
0.979350
0.978518
0.967356
0.975350
0.968345
0.976256
0.963839
0.978415
0.973131
0.962206
0.982420
0.968385
0.966373
0.957456
0.969986
0.967210
0.968207
0.963356
0.977176
0.963307
0.961070
0.966256
0.960121
0.958863
0.960330
0.960157
0.957616
0.966048
0.968308
0.956212
0.957444
0.956305
0.952024
0.954403
0.963257
0.953004
0.951685
0.946592
0.952023
0.948602
0.953878
0.957075
0.945204
0.943696
0.943953
0.945607
0.947451
0.945276
0.944266
0.951341
0.941907
0.936399
0.932400
0.928238
0.947554
0.934435
0.938925
0.937204
0.929399
0.936799
0.936301
0.931910
0.922191
0.928264
0.926343
0.919027
0.926196
0.924776
0.930754
0.918737
0.916750
0.926032
0.915622
0.911902
0.916601
0.910060
0.914211
0.915226
0.912494
0.911755
0.909438
0.904160
0.904399
0.905940
0.899021
0.907032
0.908525
0.886726
0.899378
0.894821
0.892028
0.898790
0.891803
0.893898
0.889933
0.887746
0.883757
0.889404
0.872886
0.886698
0.881996
0.882359
0.879997
0.880612
0.870657
0.870435
0.868918
0.869747
0.870398
0.869081
0.862308
0.856887
0.858972
0.863532
0.865732
0.858728
0.858850
0.846716
0.853495
0.853452
0.848530
0.852162
0.842399
0.848081
0.832055
0.842788
0.843362
0.837675
0.832939
0.843554
0.820849
0.832509
0.836265
0.820231
0.823179
0.819369
0.825538
0.818631
0.810748
0.821934
0.814104
0.816731
0.807407
0.803996
0.811423
0.803144
0.804562
0.802965
0.795350
0.800174
0.799081
0.797211
0.785154
0.789069
0.781668
0.780224
0.785357
0.781931
0.776610
0.781608
0.787819
0.766192
0.774732
0.766052
0.776005
0.766891
0.752464
0.757671
0.759926
0.759174
0.750584
0.752232
0.753794
0.749287
0.748069
0.739161
0.747196
0.745530
0.739693
0.734114
0.731859
0.725037
0.730260
0.731570
0.726951
0.721123
0.722560
0.714968
0.721817
0.703689
0.706101
0.714616
0.709374
0.704013
0.709688
0.702088
0.700774
0.685374
0.696743
0.692628
0.688428
0.683361
0.686882
0.689531
0.678539
0.668932
0.684255
0.671500
0.667425
0.669229
0.671223
0.659529
0.666828
0.656807
0.650451
0.651265
0.653402
0.655126
0.651032
0.644442
0.637457
0.639661
0.635856
0.643933
0.629081
0.626852
0.629651
0.629965
0.622478
0.620787
0.620063
0.612383
0.613263
0.609018
0.612835
0.603102
0.602494
0.607297
0.594964
0.599893
0.593934
0.587304
0.581358
0.587473
0.588646
0.578878
0.581025
0.573905
0.575312
0.579826
0.567778
0.564822
0.567744
0.558785
0.556198
0.556309
0.549728
0.549479
0.555547
0.546212
0.535030
0.542423
0.542578
0.536629
0.536134
0.526371
0.527506
0.529562
0.520186
0.519866
0.520441
0.513356
0.515275
0.507282
0.513038
0.498096
0.504888
0.494178
0.504351
0.495478
0.500697
0.478967
0.484241
0.487378
0.488019
0.478131
0.468489
0.472867
0.477898
0.464846
0.467196
0.468057
0.463407
0.456857
0.458325
0.450282
0.453201
0.445844
0.438212
0.437387
0.445880
0.438334
0.435694
0.434984
0.430220
0.427054
0.426209
0.424970
0.412929
0.419966
0.412195
0.412769
0.409258
0.408038
0.400309
0.402485
0.398393
0.398998
0.391002
0.389857
0.383127
0.382052
0.385735
0.380237
0.376908
0.374359
0.371103
0.370850
0.367783
0.365481
0.364250
0.355190
0.358161
0.357066
0.346201
0.346680
0.348291
0.342895
0.340642
0.340682
0.341919
0.331436
0.329179
0.326438
0.320991
0.320957
0.320206
0.321026
0.314972
0.310250
0.313076
0.303583
0.300401
0.307583
0.296468
0.297022
0.298437
0.290630
0.288212
0.286909
0.284851
0.282348
0.277110
0.270782
0.272770
0.273329
0.271078
0.268191
0.264665
0.258530
0.254360
0.254319
0.253641
0.256638
0.251858
0.245811
0.238827
0.242258
0.233565
0.240534
0.233245
0.234197
0.228874
0.219500
0.228647
0.217070
0.219664
0.217803
0.206724
0.216751
0.203307
0.201731
0.207484
0.204444
0.195113
0.198538
0.198183
0.193673
0.182685
0.183518
0.184827
0.182697
0.182802
0.173209
0.170431
0.169583
0.175828
0.164185
0.168253
0.165537
0.159713
0.150400
0.159210
0.154027
0.149198
0.148753
0.148155
0.141227
0.140250
0.134872
0.135325
0.135309
0.133532
0.129716
0.128754
0.125748
0.120519
0.118301
0.116579
0.121989
0.112472
0.109508
0.105203
0.110364
0.104724
0.100232
0.098258
0.095136
0.089481
0.096814
0.088224
0.091232
0.081752
0.089022
0.085919
0.081190
0.075819
0.070312
0.076200
0.069571
0.071352
0.061039
0.062040
0.063959
0.063647
0.055508
0.053139
0.053763
0.058921
0.048472
0.049457
0.042684
0.038715
0.039681
0.036588
0.035387
0.035819
0.029440
0.034420
0.032971
0.028343
0.022257
0.017450
0.016512
0.017650
0.017888
0.015627
0.014207
0.009208
0.003850
0.008611
0.010738
-0.000670
-0.000955
-0.005830
-0.005014
-0.004397
-0.009956
-0.008092
-0.014959
-0.013262
-0.014136
-0.019379
-0.016745
-0.026342
-0.017674
-0.024301
-0.025715
-0.029741
-0.034567
-0.031915
-0.034824
-0.042629
-0.043463
-0.037863
-0.044681
-0.042707
-0.039506
-0.051605
-0.050874
-0.050352
-0.052739
-0.058973
-0.052819
-0.057388
-0.058496
-0.061541
-0.064617
-0.066329
-0.067297
-0.068082
-0.077488
-0.067947
-0.074942
-0.075006
-0.080287
-0.078996
-0.077198
-0.086260
-0.084615
-0.091049
-0.081960
-0.086696
-0.087153
-0.092805
-0.095998
-0.095638
-0.096096
-0.104211
-0.104286
-0.097198
-0.105627
-0.108406
-0.100914
-0.107399
-0.104186
-0.111332
-0.115789
-0.115587
-0.117945
-0.118188
-0.119717
-0.118956
-0.121018
-0.122784
-0.122933
-0.123894
-0.126992
-0.125549
-0.131526
-0.134628
-0.133411
-0.134191
-0.137945
-0.137571
-0.138952
-0.135484
-0.137960
-0.142643
-0.143881
-0.144143
-0.142196
-0.149324
-0.149913
-0.146384
-0.150575
-0.157108
-0.154287
-0.156732
-0.158298
-0.152376
-0.158267
-0.160129
-0.162335
-0.165470
-0.161600
-0.164310
-0.164147
-0.162664
-0.168591
-0.170663
-0.166967
-0.170467
-0.173300
-0.176509
-0.172734
-0.179465
-0.174552
-0.178551
-0.183873
-0.181868
-0.181034
-0.175521
-0.182622
-0.184945
-0.181692
-0.182440
-0.184747
-0.191280
-0.185592
-0.193240
-0.190389
-0.193651
-0.194873
-0.191418
-0.199783
-0.187251
-0.196994
-0.194857
-0.204334
-0.196253
-0.200512
-0.200665
-0.206434
-0.204984
-0.200421
-0.199744
-0.205310
-0.201281
-0.207396
-0.207017
-0.208375
-0.207369
-0.215031
-0.210931
-0.207047
-0.212149
-0.215592
-0.211790
-0.215764
-0.212171
-0.213283
-0.219718
-0.217915
-0.214271
-0.220132
-0.218344
-0.217347
-0.222632
-0.220278
-0.225292
-0.221781
-0.222191
-0.227249
-0.216712
-0.225696
-0.218306
-0.224767
-0.232396
-0.231412
-0.223754
-0.231833
-0.225419
-0.231150
-0.224768
-0.227954
-0.233211
-0.230833
-0.231380
-0.229045
-0.233264
-0.233029
-0.233056
-0.233411
-0.233720
-0.233688
-0.233818
-0.236304
-0.238589
-0.234019
-0.236372
-0.231083
-0.239181
-0.235699
-0.239757
-0.234730
-0.236523
-0.241500
-0.239189
-0.238331
-0.239901
-0.242748
-0.235335
-0.241133
-0.233440
-0.238741
-0.240268
-0.243422
-0.243278
-0.244260
-0.241633
-0.242028
-0.249091
-0.243361
-0.241909
-0.239257
-0.240226
-0.240328
-0.243969
-0.241891
-0.247712
-0.237844
-0.245965
-0.241168
-0.243992
-0.248335
-0.241254
-0.248225
-0.246554
-0.245308
-0.244307
-0.247227
-0.245308
-0.242405
-0.248965
-0.244958
-0.242427
-0.247397
-0.244782
-0.244297
-0.237965
-0.247044
-0.242785
-0.242590
-0.250086
-0.245186
-0.241587
-0.243839
-0.247521
-0.243039
-0.244867
-0.241515
-0.243077
-0.244987
-0.244595
-0.244607
-0.245710
-0.240217
-0.245435
-0.248570
-0.245290
-0.245311
-0.238590
-0.240998
-0.240534
-0.241481
-0.241307
-0.244050
-0.242315
-0.241443
-0.243431
-0.243681
-0.238999
-0.238877
-0.242457
-0.241212
-0.238042
-0.239358
-0.239845
-0.237915
-0.244473
-0.239764
-0.234261
-0.236134
-0.237990
-0.241064
-0.237148
-0.234643
-0.235480
-0.239709
-0.235363
-0.232274
-0.233721
-0.236297
-0.237149
-0.233878
-0.232908
-0.235175
-0.234757
-0.233364
-0.233048
-0.229567
-0.234036
-0.231068
-0.230218
-0.228454
-0.229017
-0.228793
-0.228416
-0.227071
-0.227980
-0.230306
-0.224753
-0.231101
-0.226381
-0.229016
-0.224805
-0.224759
-0.228109
-0.222682
-0.219776
-0.224026
-0.222149
-0.226909
-0.218039
-0.218965
-0.220375
-0.218427
-0.219484
-0.217353
-0.217692
-0.216017
-0.221565
-0.215814
-0.218467
-0.214191
-0.214193
-0.211695
-0.211570
-0.212079
-0.218016
-0.212578
-0.212810
-0.211084
-0.211237
-0.208330
-0.205739
-0.210751
-0.211238
-0.208846
-0.203284
-0.205221
-0.204097
-0.202844
-0.205020
-0.205346
-0.201311
-0.200842
-0.200420
-0.200119
-0.202512
-0.196808
-0.198579
-0.202076
-0.198126
-0.195976
-0.194336
-0.192733
-0.196185
-0.192190
-0.191411
-0.194592
-0.194595
-0.190466
-0.189036
-0.190421
-0.188313
-0.190398
-0.186461
-0.185846
-0.188580
-0.180695
-0.186156
-0.183054
-0.185104
-0.180728
-0.181259
-0.181083
-0.179302
-0.179739
-0.183885
-0.178590
-0.179640
-0.178907
-0.170740
-0.168264
-0.173550
-0.173806
-0.166711
-0.171738
-0.170459
-0.169599
-0.175045
-0.166161
-0.170254
-0.165414
-0.163085
-0.166148
-0.163008
-0.167830
-0.164783
-0.159308
-0.163024
-0.155581
-0.158683
-0.155622
-0.161398
-0.151433
-0.158784
-0.155087
-0.156716
-0.152377
-0.150093
-0.153634
-0.151572
-0.150934
-0.150209
-0.147606
-0.146991
-0.144582
-0.145054
-0.148593
-0.143229
-0.138897
-0.140415
-0.140283
-0.140519
-0.140724
-0.140106
-0.143325
-0.138194
-0.133305
-0.134910
-0.134357
-0.132730
-0.130991
-0.129554
-0.129200
-0.131312
-0.127639
-0.129192
-0.125569
-0.125343
-0.124569
-0.127406
-0.121281
-0.123346
-0.123432
-0.120050
-0.122179
-0.119138
-0.117013
-0.118713
-0.114335
-0.114790
-0.113125
-0.113885
-0.117065
-0.111840
-0.110819
-0.110805
-0.108116
-0.107342
-0.107837
-0.104867
-0.102926
-0.106519
-0.104318
-0.101647
-0.105175
-0.103749
-0.100355
-0.099033
-0.099583
-0.098346
-0.095411
-0.098046
-0.093461
-0.092177
-0.095684
-0.090826
-0.093742
-0.089211
-0.088950
-0.089349
-0.087421
-0.087361
-0.087734
-0.087342
-0.086654
-0.080847
-0.081970
-0.087433
-0.082034
-0.079383
-0.076466
-0.074755
-0.077931
-0.077929
-0.076133
-0.078164
-0.073595
-0.072629
-0.069898
-0.072676
-0.069584
-0.071832
-0.067684
-0.069616
-0.066970
-0.065996
-0.065142
-0.063963
-0.063754
-0.064051
-0.064624
-0.062402
-0.060034
-0.062197
-0.056529
-0.057616
-0.056587
-0.055364
-0.053887
-0.055252
-0.054350
-0.055748
-0.056207
-0.046230
-0.049756
-0.048140
-0.048246
-0.048222
-0.047631
-0.049234
-0.044933
-0.042013
-0.043264
-0.043447
-0.042101
-0.040192
-0.041760
-0.041987
-0.038979
-0.036353
-0.036075
-0.037092
-0.038368
-0.033933
-0.033141
-0.032799
-0.032843
-0.028332
-0.028764
-0.033789
-0.030563
-0.030294
-0.029315
-0.024190
-0.023225
-0.024146
-0.023006
-0.026124
-0.022266
-0.024883
-0.018021
-0.021195
-0.018642
-0.020671
-0.017128
-0.018372
-0.018685
-0.017426
-0.015083
-0.009964
-0.011763
-0.012915
-0.010862
-0.009007
-0.012941
-0.010548
-0.008843
-0.008057
-0.005778
-0.008036
-0.004823
-0.006376
-0.003456
-0.005646
-0.005891
-0.001319
-0.001536
0.001613
0.003616
0.000379
0.000086
-0.000403
0.003241
0.003847
0.005424
0.007792
0.006827
0.007297
0.005599
0.005260
0.006899
0.011599
0.009245
0.008440
0.013962
0.012092
0.010983
0.013378
0.012456
0.015751
0.017142
0.021450
0.016308
0.017600
0.016653
0.019455
0.017419
0.023039
0.021137
0.019667
0.022757
0.018038
0.022069
0.024762
0.024145
0.026802
0.026940
0.030386
0.025828
0.024083
0.025354
0.030136
0.028819
0.032576
0.029433
0.031578
0.031938
0.031331
0.035993
0.033472
0.034167
0.033248
0.036893
0.033053
0.035882
0.037990
0.039723
0.036910
0.033653
0.038847
0.042518
0.041877
0.041910
0.038373
0.044837
0.040090
0.040658
0.043917
0.042779
0.045733
0.044979
0.043477
0.046826
0.043592
0.049718
0.047167
0.045599
0.045935
0.047829
0.048334
0.051519
0.051940
0.050573
0.052774
0.049998
0.054982
0.051096
0.052289
0.051223
0.050039
0.050853
0.055196
0.052215
0.056754
0.057541
0.055836
0.057811
0.056853
0.058039
0.057597
0.054476
0.059112
0.060052
0.059610
0.061872
0.061378
0.060023
0.061926
0.062637
0.062179
0.064037
0.060509
0.059946
0.063603
0.064827
0.064456
0.063347
0.066528
0.066292
0.067849
0.068194
0.068121
0.069887
0.071361
0.070117
0.070632
0.072469
0.072174
0.068769
0.069340
0.068687
0.072806
0.069854
0.069049
0.068894
0.067056
0.070270
0.069408
0.068761
0.071781
0.071617
0.073239
0.076822
0.077151
0.074209
0.071755
0.072727
0.074964
0.074545
0.075542
0.078235
0.078723
0.076579
0.075774
0.075581
0.078110
0.077446
0.075547
0.076287
0.073487
0.077563
0.078236
0.081299
0.078869
0.080168
0.080253
0.077940
0.081535
0.080498
0.080555
0.079855
0.080802
0.078469
0.080677
0.079397
0.082192
0.082303
0.082091
0.079525
0.082043
0.082521
0.080094
0.080061
0.081977
0.085878
0.085443
0.083768
0.086024
0.080793
0.084450
0.082986
0.081565
0.082397
0.083092
0.083342
0.085963
0.083155
0.082395
0.085077
0.083839
0.082960
0.086444
0.085692
0.086518
0.083704
0.084310
0.085411
0.086732
0.086328
0.085676
0.085954
0.083967
0.086667
0.086976
0.086459
0.085574
0.082599
0.083568
0.086167
0.087432
0.087337
0.087074
0.085633
0.087857
0.086403
0.086078
0.086958
0.085717
0.084360
0.087413
0.085182
0.085828
0.085167
0.086664
0.086412
0.086700
0.088541
0.090208
0.088641
0.088624
0.087842
0.085366
0.087678
0.084577
0.083100
0.084223
0.086046
0.087520
0.085803
0.087755
0.088411
0.087772
0.088432
0.087143
0.084394
0.088362
0.084632
0.085327
0.084336
0.084784
0.086316
0.088529
0.087138
0.087397
0.087266
0.086631
0.088303
0.085238
0.083677
0.084560
0.084742
0.083589
0.085643
0.084846
0.086237
0.084566
0.084858
0.086084
0.083657
0.088091
0.084908
0.087746
0.086126
0.086463
0.086319
0.083999
0.081299
0.080680
0.081884
0.082046
0.085493
0.084011
0.085338
0.083793
0.079864
0.084310
0.085504
0.082763
0.083418
0.083154
0.083013
0.083434
0.082721
0.081563
0.080976
0.081458
0.082717
0.083378
0.080398
0.080374
0.080499
0.081320
0.081572
0.080336
0.081658
0.083425
0.080445
0.081569
0.080711
0.080577
0.078189
0.078945
0.079637
0.079123
0.078561
0.079428
0.077353
0.076788
0.079391
0.079584
0.081300
0.077801
0.078893
0.081040
0.079945
0.077570
0.075816
0.077851
0.075145
0.076393
0.072956
0.076659
0.074788
0.076850
0.074489
0.077641
0.076169
0.077045
0.076151
0.076282
0.074764
0.073776
0.074808
0.076357
0.073729
0.074197
0.072094
0.074985
0.073036
0.073572
0.073421
0.071424
0.070812
0.071406
0.070940
0.073574
0.073021
0.074791
0.071401
0.069899
0.071681
0.071619
0.070140
0.067870
0.069001
0.069229
0.069747
0.069441
0.070674
0.069969
0.066451
0.069088
0.068271
0.068742
0.069696
0.067150
0.067698
0.065427
0.065197
0.066356
0.066159
0.065918
0.064352
0.062051
0.066646
0.066597
0.063455
0.066113
0.066002
0.063873
0.063910
0.063792
0.062636
0.062277
0.061336
0.062633
0.061602
0.062418
0.060134
0.060068
0.061299
0.060714
0.060756
0.060377
0.060452
0.059029
0.058071
0.058939
0.056714
0.059094
0.060907
0.061670
0.059543
0.056194
0.055625
0.056214
0.055134
0.054638
0.055156
0.057346
0.057734
0.053924
0.055578
0.055002
0.054405
0.052211
0.055375
0.053765
0.051297
0.054906
0.051343
0.051967
0.051816
0.050684
0.053239
0.050263
0.050241
0.050062
0.050254
0.050909
0.050378
0.049340
0.050412
0.050726
0.049822
0.049298
0.048875
0.045571
0.049419
0.043836
0.046925
0.047613
0.045182
0.045875
0.044731
0.046584
0.048147
0.046638
0.044415
0.045046
0.044219
0.044258
0.045784
0.043230
0.044536
0.042728
0.043878
0.041826
0.042444
0.040866
0.041562
0.040120
0.040511
0.041680
0.042577
0.043989
0.040263
0.038876
0.040623
0.038547
0.038728
0.040328
0.038677
0.036823
0.036664
0.039247
0.038431
0.039552
0.038025
0.037180
0.035365
0.038221
0.034408
0.035103
0.036806
0.037089
0.034274
0.033118
0.033623
0.033902
0.036251
0.032753
0.034835
0.035626
0.034854
0.032948
0.032659
0.032418
0.031596
0.033823
0.032557
0.029869
0.028961
0.027176
0.029142
0.030968
0.033270
0.033976
0.031356
0.031419
0.029840
0.030074
0.027307
0.025941
0.027123
0.028313
0.027811
0.028689
0.029108
0.027320
0.026718
0.025691
0.028983
0.027236
0.026871
0.025507
0.027208
0.026612
0.025318
0.025747
0.022996
0.022033
0.024324
0.024006
0.026048
0.025196
0.025175
0.022585
0.021782
0.023112
0.022535
0.023318
0.022603
0.021549
0.022570
0.019861
0.021909
0.021929
0.023326
0.022882
0.021806
0.020415
0.020524
0.019788
0.018444
0.019262
0.018868
0.020136
0.019395
0.018620
0.017714
0.018318
0.017826
0.019337
0.020594
0.017766
0.018460
0.016335
0.018423
0.017089
0.016710
0.017533
0.017772
0.015344
0.016924
0.015025
0.017834
0.017650
0.013828
0.015931
0.014630
0.015498
0.015122
0.012995
0.013625
0.013171
0.014053
0.016863
0.013209
0.015278
0.015150
0.012808
0.012268
0.013969
0.012839
0.013190
0.015291
0.016921
0.018512
0.017030
0.020097
0.021116
0.021638
0.021947
0.023128
0.021863
0.027397


