M_loss: 14, M_sym: 4300.0, M_power: 9000, M_bandwidth: 22.3872113856834
0.031889
0.029089
0.031056
0.028514
0.026147
0.021808
0.020002
0.018272
0.017500
0.016556
0.016503
0.018526
0.016006
0.017904
0.017047
0.017550
0.014959
0.014364
0.016700
0.014888
0.017923
0.019000
0.020113
0.018871
0.019452
0.017609
0.017356
0.017402
0.018659
0.018729
0.021144
0.020041
0.019532
0.022011
0.019719
0.019403
0.020431
0.020073
0.021768
0.021949
0.021085
0.019124
0.022941
0.024138
0.022334
0.022211
0.022575
0.023337
0.020829
0.023789
0.024489
0.024416
0.025106
0.025005
0.023578
0.023686
0.024071
0.024475
0.026466
0.024767
0.026489
0.027528
0.027448
0.028187
0.028107
0.025040
0.023452
0.027650
0.027640
0.030149
0.030515
0.029761
0.029758
0.028284
0.028721
0.026639
0.030802
0.030704
0.031171
0.032039
0.030359
0.028488
0.032078
0.032586
0.032576
0.030871
0.034731
0.031795
0.034415
0.032341
0.031620
0.035744
0.033345
0.031848
0.033537
0.034620
0.035006
0.036579
0.036777
0.037706
0.036789
0.039527
0.036041
0.035775
0.036519
0.035593
0.038905
0.037364
0.037157
0.038573
0.037069
0.038679
0.041079
0.041974
0.041323
0.040635
0.041811
0.041312
0.040260
0.042416
0.039770
0.042523
0.041800
0.042196
0.042596
0.042004
0.043663
0.045022
0.045902
0.044986
0.044833
0.046174
0.044045
0.045690
0.046822
0.047153
0.047040
0.045906
0.046313
0.048429
0.046729
0.048228
0.047215
0.047907
0.047835
0.050811
0.049651
0.048987
0.051334
0.051719
0.053422
0.052447
0.050834
0.050086
0.050311
0.052269
0.052903
0.049081
0.053177
0.054287
0.055290
0.054357
0.055271
0.055219
0.055570
0.056210
0.055621
0.056075
0.055431
0.056670
0.057220
0.056656
0.056957
0.056692
0.056486
0.058939
0.059151
0.059810
0.063004
0.058699
0.060929
0.059917
0.057953
0.062549
0.059821
0.060933
0.062439
0.062718
0.062280
0.063426
0.062056
0.064918
0.065724
0.063336
0.063483
0.063576
0.064233
0.064621
0.064880
0.066155
0.065682
0.069475
0.067307
0.066136
0.067423
0.069180
0.068397
0.067634
0.068175
0.066792
0.067666
0.069555
0.071358
0.070379
0.072396
0.071003
0.069541
0.071219
0.070035
0.074076
0.072802
0.074472
0.072693
0.073302
0.072693
0.074125
0.074199
0.074512
0.077024
0.076235
0.076751
0.072557
0.074619
0.074223
0.076136
0.077374
0.078726
0.079009
0.077043
0.077892
0.078997
0.080831
0.081527
0.079881
0.080851
0.077475
0.078918
0.080684
0.081022
0.080030
0.080147
0.082355
0.081202
0.082667
0.085314
0.084390
0.083620
0.083633
0.082526
0.083823
0.082396
0.083809
0.083046
0.083890
0.085863
0.084855
0.088652
0.086284
0.087746
0.086222
0.086791
0.088079
0.086415
0.085905
0.085277
0.088503
0.087121
0.087535
0.089090
0.090044
0.089314
0.090901
0.092333
0.089373
0.091250
0.088955
0.088811
0.090941
0.091801
0.092241
0.090807
0.091278
0.094104
0.094267
0.090001
0.092541
0.092742
0.093018
0.088510
0.093930
0.094924
0.094210
0.095804
0.094863
0.096053
0.096478
0.096334
0.094948
0.094559
0.094529
0.096661
0.094070
0.095617
0.095702
0.097926
0.097905
0.096869
0.098011
0.096551
0.097601
0.098879
0.099894
0.100445
0.101843
0.098552
0.097459
0.096714
0.097517
0.097474
0.098172
0.101168
0.102929
0.098907
0.100319
0.104609
0.101514
0.099697
0.099516
0.100722
0.098970
0.102207
0.102464
0.107238
0.100948
0.100852
0.102217
0.099597
0.103352
0.101600
0.105052
0.102779
0.101355
0.102746
0.103030
0.104451
0.103089
0.105161
0.105759
0.101353
0.104277
0.104894
0.106198
0.104754
0.102159
0.102881
0.102503
0.104077
0.102817
0.106600
0.104831
0.105688
0.105011
0.108124
0.106689
0.105111
0.106513
0.105896
0.105453
0.103895
0.105547
0.103847
0.104591
0.107516
0.106934
0.103812
0.102368
0.105448
0.108196
0.108118
0.107969
0.108543
0.105137
0.108257
0.104278
0.105921
0.104576
0.106506
0.105437
0.105684
0.105031
0.106381
0.105668
0.108503
0.107015
0.106930
0.108030
0.106117
0.105918
0.104898
0.105906
0.108477
0.106925
0.104502
0.104931
0.105625
0.105238
0.105313
0.107241
0.108041
0.105575
0.106784
0.105974
0.102650
0.105876
0.105863
0.106075
0.104552
0.104836
0.105954
0.107757
0.106276
0.106958
0.104901
0.103354
0.102469
0.105740
0.101239
0.103810
0.103107
0.104558
0.106197
0.106736
0.104066
0.104382
0.104310
0.104328
0.100631
0.106129
0.103259
0.101060
0.099816
0.103628
0.099886
0.100017
0.102042
0.103539
0.103309
0.105467
0.103258
0.101578
0.100769
0.099730
0.098486
0.099105
0.100196
0.100554
0.099491
0.102972
0.098576
0.100660
0.098690
0.097067
0.097141
0.100792
0.097955
0.095807
0.096835
0.098064
0.097534
0.098223
0.097647
0.097972
0.095270
0.096924
0.096075
0.093949
0.092961
0.096438
0.092263
0.094552
0.095402
0.095286
0.090136
0.089723
0.087976
0.089298
0.090136
0.090786
0.090192
0.093994
0.095679
0.095135
0.094358
0.094448
0.091527
0.089583
0.090369
0.086722
0.086650
0.086592
0.088143
0.087385
0.088025
0.085861
0.084550
0.084701
0.089573
0.083305
0.081353
0.082667
0.081509
0.082883
0.081404
0.083746
0.081262
0.081567
0.078785
0.081090
0.077090
0.076779
0.079505
0.080504
0.077705
0.078077
0.078347
0.075943
0.074547
0.075666
0.074546
0.073483
0.074281
0.072609
0.075533
0.073422
0.072036
0.072738
0.072356
0.069673
0.072612
0.069827
0.068721
0.068809
0.071997
0.068001
0.066438
0.069598
0.062360
0.064356
0.066362
0.067125
0.065143
0.065967
0.064873
0.064969
0.059186
0.060126
0.059841
0.063557
0.060446
0.058566
0.062215
0.057728
0.055174
0.058605
0.056268
0.053099
0.056923
0.058472
0.056180
0.053441
0.055064
0.049338
0.052940
0.048526
0.052670
0.050938
0.048553
0.048910
0.051518
0.046645
0.048824
0.047266
0.045916
0.042209
0.045768
0.043322
0.041993
0.043063
0.038495
0.038890
0.043988
0.042156
0.041132
0.036181
0.036927
0.038387
0.037305
0.035853
0.035239
0.034830
0.035505
0.030879
0.032021
0.028372
0.028271
0.031000
0.031950
0.028866
0.027231
0.026680
0.023589
0.027947
0.029890
0.023620
0.023324
0.021965
0.020138
0.017480
0.021787
0.020642
0.019198
0.013273
0.015151
0.015406
0.020545
0.015517
0.015861
0.013195
0.013069
0.012261
0.009449
0.009984
0.006114
0.010059
0.004597
0.006524
0.008295
0.005527
0.002875
0.003227
0.000531
0.002882
0.003061
0.003132
0.000582
-0.003038
-0.003204
-0.006729
-0.006599
-0.004796
-0.004279
-0.001698
-0.008065
-0.008474
-0.007736
-0.011614
-0.012866
-0.014132
-0.010062
-0.015157
-0.014848
-0.012276
-0.015296
-0.017397
-0.018701
-0.014839
-0.019174
-0.022182
-0.023971
-0.023750
-0.028024
-0.022169
-0.022329
-0.022173
-0.027529
-0.028320
-0.025605
-0.032089
-0.029353
-0.032006
-0.034169
-0.033266
-0.035704
-0.034891
-0.035361
-0.035138
-0.036712
-0.034810
-0.038684
-0.041061
-0.046329
-0.043013
-0.042849
-0.043874
-0.046906
-0.045984
-0.045870
-0.048347
-0.047616
-0.051922
-0.048310
-0.052418
-0.052622
-0.052398
-0.054685
-0.054794
-0.054053
-0.056744
-0.055399
-0.060560
-0.062265
-0.063741
-0.064614
-0.062612
-0.063483
-0.062205
-0.065902
-0.064306
-0.066903
-0.066066
-0.069349
-0.073155
-0.073267
-0.070845
-0.076643
-0.071876
-0.072263
-0.077117
-0.077249
-0.079124
-0.079037
-0.082322
-0.078992
-0.081588
-0.081027
-0.086060
-0.086012
-0.084175
-0.085677
-0.088939
-0.087884
-0.089660
-0.091687
-0.087872
-0.090466
-0.093054
-0.093386
-0.096553
-0.099753
-0.097216
-0.096838
-0.101711
-0.100410
-0.099036
-0.104530
-0.102870
-0.099335
-0.105033
-0.107392
-0.107586
-0.110182
-0.107595
-0.107443
-0.112783
-0.108184
-0.113241
-0.114345
-0.112943
-0.117540
-0.118370
-0.115597
-0.120528
-0.121541
-0.120329
-0.121086
-0.119634
-0.123181
-0.127108
-0.126761
-0.125472
-0.126977
-0.125485
-0.128626
-0.129664
-0.133557
-0.130737
-0.131081
-0.135755
-0.134670
-0.137361
-0.139982
-0.132910
-0.140677
-0.138801
-0.141658
-0.143251
-0.139576
-0.142226
-0.145809
-0.145259
-0.148207
-0.141593
-0.148362
-0.149136
-0.151256
-0.152391
-0.152336
-0.152193
-0.153129
-0.150361
-0.155755
-0.157128
-0.160280
-0.160258
-0.157627
-0.158993
-0.159938
-0.159360
-0.160209
-0.160184
-0.168836
-0.167479
-0.169377
-0.163356
-0.168909
-0.168216
-0.167945
-0.164361
-0.174698
-0.171239
-0.175116
-0.174100
-0.173624
-0.180130
-0.172209
-0.180435
-0.176570
-0.178578
-0.177523
-0.179044
-0.182899
-0.183341
-0.180123
-0.181697
-0.187602
-0.188878
-0.187563
-0.186848
-0.185928
-0.190670
-0.190743
-0.186648
-0.187266
-0.193184
-0.191866
-0.193787
-0.195116
-0.195233
-0.193973
-0.195573
-0.197805
-0.201090
-0.200613
-0.206545
-0.200305
-0.195730
-0.199715
-0.201049
-0.204006
-0.206002
-0.202381
-0.206349
-0.208008
-0.202077
-0.207386
-0.208985
-0.211289
-0.212252
-0.213019
-0.210309
-0.215016
-0.211809
-0.209625
-0.213565
-0.212006
-0.216139
-0.214747
-0.213057
-0.220374
-0.218404
-0.222514
-0.212828
-0.221091
-0.226574
-0.219187
-0.219053
-0.225931
-0.220126
-0.226609
-0.226165
-0.220014
-0.221586
-0.227850
-0.227826
-0.225352
-0.227004
-0.227591
-0.231604
-0.228135
-0.229736
-0.231898
-0.232400
-0.229997
-0.230974
-0.231069
-0.231494
-0.237091
-0.233993
-0.235897
-0.236729
-0.230395
-0.233268
-0.238392
-0.240512
-0.234485
-0.239840
-0.237377
-0.239453
-0.237254
-0.239831
-0.241604
-0.244464
-0.244465
-0.240312
-0.236959
-0.243353
-0.241043
-0.241748
-0.246199
-0.244394
-0.243535
-0.245346
-0.239012
-0.246462
-0.247946
-0.249077
-0.247202
-0.246351
-0.244708
-0.246857
-0.249865
-0.249278
-0.250855
-0.244934
-0.249623
-0.251125
-0.247012
-0.245824
-0.247218
-0.255759
-0.249317
-0.251497
-0.252893
-0.250547
-0.251492
-0.250229
-0.250052
-0.254127
-0.254755
-0.257162
-0.252970
-0.249236
-0.249071
-0.248646
-0.254367
-0.258769
-0.256503
-0.251410
-0.251362
-0.250594
-0.257343
-0.256721
-0.252473
-0.252716
-0.250431
-0.258745
-0.252723
-0.254040
-0.255981
-0.254216
-0.250921
-0.252136
-0.257997
-0.258278
-0.259156
-0.257099
-0.256171
-0.253168
-0.253971
-0.256536
-0.252351
-0.252006
-0.257559
-0.251368
-0.257633
-0.253476
-0.257750
-0.250538
-0.249916
-0.255259
-0.253688
-0.253789
-0.251562
-0.254964
-0.256905
-0.253352
-0.250566
-0.251832
-0.247123
-0.257249
-0.256176
-0.247383
-0.254280
-0.248074
-0.254038
-0.244323
-0.252415
-0.251930
-0.250877
-0.249880
-0.250852
-0.245883
-0.254317
-0.244780
-0.250614
-0.249694
-0.248735
-0.246946
-0.248219
-0.247281
-0.242356
-0.246538
-0.244970
-0.245765
-0.246811
-0.244138
-0.242564
-0.246445
-0.247601
-0.241839
-0.241562
-0.236650
-0.246655
-0.238937
-0.241312
-0.243092
-0.238832
-0.240719
-0.237187
-0.234356
-0.239662
-0.235855
-0.238222
-0.233686
-0.235649
-0.233128
-0.237982
-0.232960
-0.234479
-0.231566
-0.229871
-0.234746
-0.230073
-0.227635
-0.224198
-0.228294
-0.228298
-0.234802
-0.225925
-0.222332
-0.221541
-0.228327
-0.222922
-0.221109
-0.219853
-0.224583
-0.218670
-0.219358
-0.216588
-0.219208
-0.218204
-0.217420
-0.217164
-0.217524
-0.213619
-0.209384
-0.211106
-0.208864
-0.212580
-0.212118
-0.208132
-0.207073
-0.203555
-0.206992
-0.208462
-0.207282
-0.200514
-0.201807
-0.201584
-0.198737
-0.200210
-0.197511
-0.195569
-0.198299
-0.196275
-0.195531
-0.196333
-0.186111
-0.194771
-0.187248
-0.192159
-0.186924
-0.181751
-0.189685
-0.184792
-0.182231
-0.182410
-0.183635
-0.180869
-0.179302
-0.179740
-0.176522
-0.175783
-0.171916
-0.171128
-0.167830
-0.173868
-0.171414
-0.168915
-0.167558
-0.167204
-0.165282
-0.162634
-0.162058
-0.161549
-0.155667
-0.156777
-0.158981
-0.155646
-0.155012
-0.152586
-0.151843
-0.147537
-0.151090
-0.150750
-0.148354
-0.143677
-0.138302
-0.140097
-0.141939
-0.141130
-0.139492
-0.133917
-0.138524
-0.132570
-0.133657
-0.124938
-0.128331
-0.126403
-0.128989
-0.123465
-0.125936
-0.116710
-0.123670
-0.119502
-0.117816
-0.112285
-0.112936
-0.109728
-0.107607
-0.108894
-0.108447
-0.108800
-0.101562
-0.104904
-0.103806
-0.101656
-0.096338
-0.089523
-0.095503
-0.092784
-0.088594
-0.088465
-0.088430
-0.084450
-0.082248
-0.082314
-0.079424
-0.082089
-0.080701
-0.072331
-0.072327
-0.070535
-0.071696
-0.068656
-0.067367
-0.065347
-0.063176
-0.057433
-0.058602
-0.055423
-0.054792
-0.050744
-0.050082
-0.048028
-0.052061
-0.043326
-0.042046
-0.043514
-0.040915
-0.041487
-0.033215
-0.032892
-0.032206
-0.031763
-0.029452
-0.028071
-0.024803
-0.019184
-0.017660
-0.015605
-0.016853
-0.015625
-0.012514
-0.012621
-0.009039
0.001178
-0.003559
-0.003403
-0.000273
-0.004819
0.007261
0.009164
0.005242
0.005374
0.013713
0.019592
0.016151
0.023447
0.021990
0.026188
0.021328
0.029884
0.029295
0.032912
0.032150
0.030952
0.039892
0.037843
0.046404
0.047649
0.044033
0.050328
0.050996
0.053752
0.055585
0.061852
0.057627
0.064964
0.067111
0.066021
0.064702
0.069472
0.078207
0.083093
0.077005
0.074296
0.082946
0.087068
0.087905
0.089810
0.095369
0.094477
0.096602
0.099912
0.097598
0.104353
0.106130
0.109642
0.110539
0.118266
0.114357
0.117163
0.119788
0.123886
0.121201
0.127401
0.129971
0.142815
0.135138
0.139811
0.135486
0.136145
0.148144
0.147820
0.155448
0.150625
0.150745
0.153883
0.158264
0.169679
0.162764
0.165766
0.168736
0.174864
0.174298
0.178324
0.180746
0.184133
0.180052
0.186954
0.192570
0.189447
0.192846
0.196855
0.197431
0.200249
0.211840
0.206687
0.205940
0.212619
0.220570
0.217828
0.219249
0.220216
0.227037
0.232168
0.229892
0.229964
0.232055
0.239021
0.241096
0.242663
0.245017
0.248879
0.255814
0.253697
0.255554
0.259329
0.256517
0.265924
0.261226
0.276358
0.270658
0.281327
0.274877
0.277014
0.284072
0.282810
0.286387
0.286256
0.298072
0.296579
0.303625
0.303956
0.301444
0.300889
0.307962
0.315092
0.313839
0.320845
0.313978
0.328672
0.324453
0.323420
0.324857
0.334027
0.343904
0.343794
0.325276
0.353604
0.346241
0.344617
0.353580
0.356440
0.357164
0.358290
0.358729
0.363728
0.368561
0.373718
0.376621
0.375322
0.373685
0.384489
0.381360
0.388232
0.387501
0.392052
0.396148
0.387813
0.408171
0.404218
0.403627
0.406010
0.411758
0.410890
0.421415
0.416524
0.426068
0.427656
0.415668
0.430119
0.432406
0.426520
0.442473
0.442869
0.444145
0.449250
0.444983
0.450892
0.455321
0.455505
0.454501
0.463931
0.462906
0.471434
0.464511
0.475945
0.473650
0.474198
0.478607
0.488891
0.484004
0.486395
0.493696
0.493773
0.493949
0.496405
0.501276
0.501890
0.505845
0.510120
0.510372
0.519385
0.521314
0.512855
0.518681
0.532256
0.520092
0.536456
0.535245
0.534921
0.538268
0.534333
0.543040
0.549496
0.548492
0.548082
0.553646
0.556278
0.557489
0.564802
0.565491
0.564600
0.566703
0.568228
0.579368
0.578856
0.575509
0.582777
0.587368
0.583458
0.591949
0.591441
0.596244
0.594025
0.599239
0.603251
0.603364
0.605349
0.611911
0.613773
0.613782
0.617881
0.620917
0.619315
0.620652
0.626734
0.623210
0.638098
0.631338
0.643159
0.639501
0.642223
0.643336
0.647801
0.651743
0.646450
0.660927
0.653575
0.655384
0.658790
0.664678
0.668327
0.665563
0.670388
0.675406
0.674509
0.681564
0.679704
0.675768
0.681209
0.690201
0.687780
0.699197
0.690178
0.697662
0.698155
0.695907
0.705602
0.705573
0.708403
0.711286
0.714362
0.718411
0.706384
0.723368
0.722656
0.724041
0.719598
0.731486
0.729920
0.740687
0.727271
0.735673
0.739658
0.743135
0.748452
0.740444
0.745338
0.749211
0.752946
0.756548
0.759681
0.758741
0.754750
0.771673
0.763259
0.760406
0.768981
0.776050
0.768156
0.777478
0.779611
0.777172
0.781755
0.783973
0.784590
0.789413
0.787295
0.790247
0.791925
0.789282
0.807938
0.795981
0.795705
0.803683
0.806968
0.800563
0.819039
0.808574
0.816748
0.811857
0.816851
0.814301
0.817978
0.827171
0.822039
0.824056
0.826625
0.832706
0.826224
0.829112
0.837944
0.835912
0.843790
0.839977
0.838188
0.845067
0.843020
0.847358
0.846644
0.854637
0.848782
0.852435
0.857218
0.856843
0.860783
0.860955
0.852014
0.866729
0.868665
0.866987
0.872633
0.868150
0.866259
0.872686
0.879476
0.870875
0.885395
0.870113
0.889507
0.877009
0.892078
0.884879
0.880252
0.890576
0.881919
0.890421
0.896145
0.895932
0.898055
0.888396
0.900504
0.904568
0.899870
0.907144
0.898915
0.909969
0.903361
0.903472
0.913081
0.903661
0.910826
0.918174
0.911661
0.913024
0.919165
0.921282
0.918832
0.919207
0.921724
0.926884
0.919162
0.918810
0.932705
0.924069
0.926585
0.933786
0.924842
0.935009
0.931454
0.936611
0.933411
0.934562
0.935018
0.938213
0.945042
0.928089
0.948807
0.947002
0.940524
0.946100
0.939153
0.946268
0.953860
0.941744
0.943092
0.949145
0.958920
0.947963
0.945667
0.951539
0.961432
0.954993
0.950420
0.954513
0.960654
0.959061
0.955231
0.965829
0.958625
0.958344
0.952147
0.967395
0.960865
0.964874
0.967153
0.963858
0.964455
0.968849
0.955118
0.964518
0.975901
0.974025
0.959666
0.974726
0.967259
0.965657
0.976752
0.975685
0.969120
0.962382
0.978758
0.978733
0.971999
0.973697
0.970655
0.971795
0.979048
0.970520
0.980956
0.976492
0.973963
0.976616
0.983681
0.979683
0.967509
0.974572
0.984654
0.983169
0.981398
0.974865
0.978681
0.971823
0.986555
0.983085
0.977560
0.982434
0.980139
0.979284
0.977241
0.978452
0.977837
0.989239
0.982591
0.967427
0.987259
0.983806
0.982762
0.983806
0.987259
0.967427
0.982591
0.989239
0.977837
0.978452
0.977241
0.979284
0.980139
0.982434
0.977560
0.983085
0.986555
0.971823
0.978681
0.974865
0.981398
0.983169
0.984654
0.974572
0.967509
0.979683
0.983681
0.976616
0.973963
0.976492
0.980956
0.970520
0.979048
0.971795
0.970655
0.973697
0.971999
0.978733
0.978758
0.962382
0.969120
0.975685
0.976752
0.965657
0.967259
0.974726
0.959666
0.974025
0.975901
0.964518
0.955118
0.968849
0.964455
0.963858
0.967153
0.964874
0.960865
0.967395
0.952147
0.958344
0.958625
0.965829
0.955231
0.959061
0.960654
0.954513
0.950420
0.954993
0.961432
0.951539
0.945667
0.947963
0.958920
0.949145
0.943092
0.941744
0.953860
0.946268
0.939153
0.946100
0.940524
0.947002
0.948807
0.928089
0.945042
0.938213
0.935018
0.934562
0.933411
0.936611
0.931454
0.935009
0.924842
0.933786
0.926585
0.924069
0.932705
0.918810
0.919162
0.926884
0.921724
0.919207
0.918832
0.921282
0.919165
0.913024
0.911661
0.918174
0.910826
0.903661
0.913081
0.903472
0.903361
0.909969
0.898915
0.907144
0.899870
0.904568
0.900504
0.888396
0.898055
0.895932
0.896145
0.890421
0.881919
0.890576
0.880252
0.884879
0.892078
0.877009
0.889507
0.870113
0.885395
0.870875
0.879476
0.872686
0.866259
0.868150
0.872633
0.866987
0.868665
0.866729
0.852014
0.860955
0.860783
0.856843
0.857218
0.852435
0.848782
0.854637
0.846644
0.847358
0.843020
0.845067
0.838188
0.839977
0.843790
0.835912
0.837944
0.829112
0.826224
0.832706
0.826625
0.824056
0.822039
0.827171
0.817978
0.814301
0.816851
0.811857
0.816748
0.808574
0.819039
0.800563
0.806968
0.803683
0.795705
0.795981
0.807938
0.789282
0.791925
0.790247
0.787295
0.789413
0.784590
0.783973
0.781755
0.777172
0.779611
0.777478
0.768156
0.776050
0.768981
0.760406
0.763259
0.771673
0.754750
0.758741
0.759681
0.756548
0.752946
0.749211
0.745338
0.740444
0.748452
0.743135
0.739658
0.735673
0.727271
0.740687
0.729920
0.731486
0.719598
0.724041
0.722656
0.723368
0.706384
0.718411
0.714362
0.711286
0.708403
0.705573
0.705602
0.695907
0.698155
0.697662
0.690178
0.699197
0.687780
0.690201
0.681209
0.675768
0.679704
0.681564
0.674509
0.675406
0.670388
0.665563
0.668327
0.664678
0.658790
0.655384
0.653575
0.660927
0.646450
0.651743
0.647801
0.643336
0.642223
0.639501
0.643159
0.631338
0.638098
0.623210
0.626734
0.620652
0.619315
0.620917
0.617881
0.613782
0.613773
0.611911
0.605349
0.603364
0.603251
0.599239
0.594025
0.596244
0.591441
0.591949
0.583458
0.587368
0.582777
0.575509
0.578856
0.579368
0.568228
0.566703
0.564600
0.565491
0.564802
0.557489
0.556278
0.553646
0.548082
0.548492
0.549496
0.543040
0.534333
0.538268
0.534921
0.535245
0.536456
0.520092
0.532256
0.518681
0.512855
0.521314
0.519385
0.510372
0.510120
0.505845
0.501890
0.501276
0.496405
0.493949
0.493773
0.493696
0.486395
0.484004
0.488891
0.478607
0.474198
0.473650
0.475945
0.464511
0.471434
0.462906
0.463931
0.454501
0.455505
0.455321
0.450892
0.444983
0.449250
0.444145
0.442869
0.442473
0.426520
0.432406
0.430119
0.415668
0.427656
0.426068
0.416524
0.421415
0.410890
0.411758
0.406010
0.403627
0.404218
0.408171
0.387813
0.396148
0.392052
0.387501
0.388232
0.381360
0.384489
0.373685
0.375322
0.376621
0.373718
0.368561
0.363728
0.358729
0.358290
0.357164
0.356440
0.353580
0.344617
0.346241
0.353604
0.325276
0.343794
0.343904
0.334027
0.324857
0.323420
0.324453
0.328672
0.313978
0.320845
0.313839
0.315092
0.307962
0.300889
0.301444
0.303956
0.303625
0.296579
0.298072
0.286256
0.286387
0.282810
0.284072
0.277014
0.274877
0.281327
0.270658
0.276358
0.261226
0.265924
0.256517
0.259329
0.255554
0.253697
0.255814
0.248879
0.245017
0.242663
0.241096
0.239021
0.232055
0.229964
0.229892
0.232168
0.227037
0.220216
0.219249
0.217828
0.220570
0.212619
0.205940
0.206687
0.211840
0.200249
0.197431
0.196855
0.192846
0.189447
0.192570
0.186954
0.180052
0.184133
0.180746
0.178324
0.174298
0.174864
0.168736
0.165766
0.162764
0.169679
0.158264
0.153883
0.150745
0.150625
0.155448
0.147820
0.148144
0.136145
0.135486
0.139811
0.135138
0.142815
0.129971
0.127401
0.121201
0.123886
0.119788
0.117163
0.114357
0.118266
0.110539
0.109642
0.106130
0.104353
0.097598
0.099912
0.096602
0.094477
0.095369
0.089810
0.087905
0.087068
0.082946
0.074296
0.077005
0.083093
0.078207
0.069472
0.064702
0.066021
0.067111
0.064964
0.057627
0.061852
0.055585
0.053752
0.050996
0.050328
0.044033
0.047649
0.046404
0.037843
0.039892
0.030952
0.032150
0.032912
0.029295
0.029884
0.021328
0.026188
0.021990
0.023447
0.016151
0.019592
0.013713
0.005374
0.005242
0.009164
0.007261
-0.004819
-0.000273
-0.003403
-0.003559
0.001178
-0.009039
-0.012621
-0.012514
-0.015625
-0.016853
-0.015605
-0.017660
-0.019184
-0.024803
-0.028071
-0.029452
-0.031763
-0.032206
-0.032892
-0.033215
-0.041487
-0.040915
-0.043514
-0.042046
-0.043326
-0.052061
-0.048028
-0.050082
-0.050744
-0.054792
-0.055423
-0.058602
-0.057433
-0.063176
-0.065347
-0.067367
-0.068656
-0.071696
-0.070535
-0.072327
-0.072331
-0.080701
-0.082089
-0.079424
-0.082314
-0.082248
-0.084450
-0.088430
-0.088465
-0.088594
-0.092784
-0.095503
-0.089523
-0.096338
-0.101656
-0.103806
-0.104904
-0.101562
-0.108800
-0.108447
-0.108894
-0.107607
-0.109728
-0.112936
-0.112285
-0.117816
-0.119502
-0.123670
-0.116710
-0.125936
-0.123465
-0.128989
-0.126403
-0.128331
-0.124938
-0.133657
-0.132570
-0.138524
-0.133917
-0.139492
-0.141130
-0.141939
-0.140097
-0.138302
-0.143677
-0.148354
-0.150750
-0.151090
-0.147537
-0.151843
-0.152586
-0.155012
-0.155646
-0.158981
-0.156777
-0.155667
-0.161549
-0.162058
-0.162634
-0.165282
-0.167204
-0.167558
-0.168915
-0.171414
-0.173868
-0.167830
-0.171128
-0.171916
-0.175783
-0.176522
-0.179740
-0.179302
-0.180869
-0.183635
-0.182410
-0.182231
-0.184792
-0.189685
-0.181751
-0.186924
-0.192159
-0.187248
-0.194771
-0.186111
-0.196333
-0.195531
-0.196275
-0.198299
-0.195569
-0.197511
-0.200210
-0.198737
-0.201584
-0.201807
-0.200514
-0.207282
-0.208462
-0.206992
-0.203555
-0.207073
-0.208132
-0.212118
-0.212580
-0.208864
-0.211106
-0.209384
-0.213619
-0.217524
-0.217164
-0.217420
-0.218204
-0.219208
-0.216588
-0.219358
-0.218670
-0.224583
-0.219853
-0.221109
-0.222922
-0.228327
-0.221541
-0.222332
-0.225925
-0.234802
-0.228298
-0.228294
-0.224198
-0.227635
-0.230073
-0.234746
-0.229871
-0.231566
-0.234479
-0.232960
-0.237982
-0.233128
-0.235649
-0.233686
-0.238222
-0.235855
-0.239662
-0.234356
-0.237187
-0.240719
-0.238832
-0.243092
-0.241312
-0.238937
-0.246655
-0.236650
-0.241562
-0.241839
-0.247601
-0.246445
-0.242564
-0.244138
-0.246811
-0.245765
-0.244970
-0.246538
-0.242356
-0.247281
-0.248219
-0.246946
-0.248735
-0.249694
-0.250614
-0.244780
-0.254317
-0.245883
-0.250852
-0.249880
-0.250877
-0.251930
-0.252415
-0.244323
-0.254038
-0.248074
-0.254280
-0.247383
-0.256176
-0.257249
-0.247123
-0.251832
-0.250566
-0.253352
-0.256905
-0.254964
-0.251562
-0.253789
-0.253688
-0.255259
-0.249916
-0.250538
-0.257750
-0.253476
-0.257633
-0.251368
-0.257559
-0.252006
-0.252351
-0.256536
-0.253971
-0.253168
-0.256171
-0.257099
-0.259156
-0.258278
-0.257997
-0.252136
-0.250921
-0.254216
-0.255981
-0.254040
-0.252723
-0.258745
-0.250431
-0.252716
-0.252473
-0.256721
-0.257343
-0.250594
-0.251362
-0.251410
-0.256503
-0.258769
-0.254367
-0.248646
-0.249071
-0.249236
-0.252970
-0.257162
-0.254755
-0.254127
-0.250052
-0.250229
-0.251492
-0.250547
-0.252893
-0.251497
-0.249317
-0.255759
-0.247218
-0.245824
-0.247012
-0.251125
-0.249623
-0.244934
-0.250855
-0.249278
-0.249865
-0.246857
-0.244708
-0.246351
-0.247202
-0.249077
-0.247946
-0.246462
-0.239012
-0.245346
-0.243535
-0.244394
-0.246199
-0.241748
-0.241043
-0.243353
-0.236959
-0.240312
-0.244465
-0.244464
-0.241604
-0.239831
-0.237254
-0.239453
-0.237377
-0.239840
-0.234485
-0.240512
-0.238392
-0.233268
-0.230395
-0.236729
-0.235897
-0.233993
-0.237091
-0.231494
-0.231069
-0.230974
-0.229997
-0.232400
-0.231898
-0.229736
-0.228135
-0.231604
-0.227591
-0.227004
-0.225352
-0.227826
-0.227850
-0.221586
-0.220014
-0.226165
-0.226609
-0.220126
-0.225931
-0.219053
-0.219187
-0.226574
-0.221091
-0.212828
-0.222514
-0.218404
-0.220374
-0.213057
-0.214747
-0.216139
-0.212006
-0.213565
-0.209625
-0.211809
-0.215016
-0.210309
-0.213019
-0.212252
-0.211289
-0.208985
-0.207386
-0.202077
-0.208008
-0.206349
-0.202381
-0.206002
-0.204006
-0.201049
-0.199715
-0.195730
-0.200305
-0.206545
-0.200613
-0.201090
-0.197805
-0.195573
-0.193973
-0.195233
-0.195116
-0.193787
-0.191866
-0.193184
-0.187266
-0.186648
-0.190743
-0.190670
-0.185928
-0.186848
-0.187563
-0.188878
-0.187602
-0.181697
-0.180123
-0.183341
-0.182899
-0.179044
-0.177523
-0.178578
-0.176570
-0.180435
-0.172209
-0.180130
-0.173624
-0.174100
-0.175116
-0.171239
-0.174698
-0.164361
-0.167945
-0.168216
-0.168909
-0.163356
-0.169377
-0.167479
-0.168836
-0.160184
-0.160209
-0.159360
-0.159938
-0.158993
-0.157627
-0.160258
-0.160280
-0.157128
-0.155755
-0.150361
-0.153129
-0.152193
-0.152336
-0.152391
-0.151256
-0.149136
-0.148362
-0.141593
-0.148207
-0.145259
-0.145809
-0.142226
-0.139576
-0.143251
-0.141658
-0.138801
-0.140677
-0.132910
-0.139982
-0.137361
-0.134670
-0.135755
-0.131081
-0.130737
-0.133557
-0.129664
-0.128626
-0.125485
-0.126977
-0.125472
-0.126761
-0.127108
-0.123181
-0.119634
-0.121086
-0.120329
-0.121541
-0.120528
-0.115597
-0.118370
-0.117540
-0.112943
-0.114345
-0.113241
-0.108184
-0.112783
-0.107443
-0.107595
-0.110182
-0.107586
-0.107392
-0.105033
-0.099335
-0.102870
-0.104530
-0.099036
-0.100410
-0.101711
-0.096838
-0.097216
-0.099753
-0.096553
-0.093386
-0.093054
-0.090466
-0.087872
-0.091687
-0.089660
-0.087884
-0.088939
-0.085677
-0.084175
-0.086012
-0.086060
-0.081027
-0.081588
-0.078992
-0.082322
-0.079037
-0.079124
-0.077249
-0.077117
-0.072263
-0.071876
-0.076643
-0.070845
-0.073267
-0.073155
-0.069349
-0.066066
-0.066903
-0.064306
-0.065902
-0.062205
-0.063483
-0.062612
-0.064614
-0.063741
-0.062265
-0.060560
-0.055399
-0.056744
-0.054053
-0.054794
-0.054685
-0.052398
-0.052622
-0.052418
-0.048310
-0.051922
-0.047616
-0.048347
-0.045870
-0.045984
-0.046906
-0.043874
-0.042849
-0.043013
-0.046329
-0.041061
-0.038684
-0.034810
-0.036712
-0.035138
-0.035361
-0.034891
-0.035704
-0.033266
-0.034169
-0.032006
-0.029353
-0.032089
-0.025605
-0.028320
-0.027529
-0.022173
-0.022329
-0.022169
-0.028024
-0.023750
-0.023971
-0.022182
-0.019174
-0.014839
-0.018701
-0.017397
-0.015296
-0.012276
-0.014848
-0.015157
-0.010062
-0.014132
-0.012866
-0.011614
-0.007736
-0.008474
-0.008065
-0.001698
-0.004279
-0.004796
-0.006599
-0.006729
-0.003204
-0.003038
0.000582
0.003132
0.003061
0.002882
0.000531
0.003227
0.002875
0.005527
0.008295
0.006524
0.004597
0.010059
0.006114
0.009984
0.009449
0.012261
0.013069
0.013195
0.015861
0.015517
0.020545
0.015406
0.015151
0.013273
0.019198
0.020642
0.021787
0.017480
0.020138
0.021965
0.023324
0.023620
0.029890
0.027947
0.023589
0.026680
0.027231
0.028866
0.031950
0.031000
0.028271
0.028372
0.032021
0.030879
0.035505
0.034830
0.035239
0.035853
0.037305
0.038387
0.036927
0.036181
0.041132
0.042156
0.043988
0.038890
0.038495
0.043063
0.041993
0.043322
0.045768
0.042209
0.045916
0.047266
0.048824
0.046645
0.051518
0.048910
0.048553
0.050938
0.052670
0.048526
0.052940
0.049338
0.055064
0.053441
0.056180
0.058472
0.056923
0.053099
0.056268
0.058605
0.055174
0.057728
0.062215
0.058566
0.060446
0.063557
0.059841
0.060126
0.059186
0.064969
0.064873
0.065967
0.065143
0.067125
0.066362
0.064356
0.062360
0.069598
0.066438
0.068001
0.071997
0.068809
0.068721
0.069827
0.072612
0.069673
0.072356
0.072738
0.072036
0.073422
0.075533
0.072609
0.074281
0.073483
0.074546
0.075666
0.074547
0.075943
0.078347
0.078077
0.077705
0.080504
0.079505
0.076779
0.077090
0.081090
0.078785
0.081567
0.081262
0.083746
0.081404
0.082883
0.081509
0.082667
0.081353
0.083305
0.089573
0.084701
0.084550
0.085861
0.088025
0.087385
0.088143
0.086592
0.086650
0.086722
0.090369
0.089583
0.091527
0.094448
0.094358
0.095135
0.095679
0.093994
0.090192
0.090786
0.090136
0.089298
0.087976
0.089723
0.090136
0.095286
0.095402
0.094552
0.092263
0.096438
0.092961
0.093949
0.096075
0.096924
0.095270
0.097972
0.097647
0.098223
0.097534
0.098064
0.096835
0.095807
0.097955
0.100792
0.097141
0.097067
0.098690
0.100660
0.098576
0.102972
0.099491
0.100554
0.100196
0.099105
0.098486
0.099730
0.100769
0.101578
0.103258
0.105467
0.103309
0.103539
0.102042
0.100017
0.099886
0.103628
0.099816
0.101060
0.103259
0.106129
0.100631
0.104328
0.104310
0.104382
0.104066
0.106736
0.106197
0.104558
0.103107
0.103810
0.101239
0.105740
0.102469
0.103354
0.104901
0.106958
0.106276
0.107757
0.105954
0.104836
0.104552
0.106075
0.105863
0.105876
0.102650
0.105974
0.106784
0.105575
0.108041
0.107241
0.105313
0.105238
0.105625
0.104931
0.104502
0.106925
0.108477
0.105906
0.104898
0.105918
0.106117
0.108030
0.106930
0.107015
0.108503
0.105668
0.106381
0.105031
0.105684
0.105437
0.106506
0.104576
0.105921
0.104278
0.108257
0.105137
0.108543
0.107969
0.108118
0.108196
0.105448
0.102368
0.103812
0.106934
0.107516
0.104591
0.103847
0.105547
0.103895
0.105453
0.105896
0.106513
0.105111
0.106689
0.108124
0.105011
0.105688
0.104831
0.106600
0.102817
0.104077
0.102503
0.102881
0.102159
0.104754
0.106198
0.104894
0.104277
0.101353
0.105759
0.105161
0.103089
0.104451
0.103030
0.102746
0.101355
0.102779
0.105052
0.101600
0.103352
0.099597
0.102217
0.100852
0.100948
0.107238
0.102464
0.102207
0.098970
0.100722
0.099516
0.099697
0.101514
0.104609
0.100319
0.098907
0.102929
0.101168
0.098172
0.097474
0.097517
0.096714
0.097459
0.098552
0.101843
0.100445
0.099894
0.098879
0.097601
0.096551
0.098011
0.096869
0.097905
0.097926
0.095702
0.095617
0.094070
0.096661
0.094529
0.094559
0.094948
0.096334
0.096478
0.096053
0.094863
0.095804
0.094210
0.094924
0.093930
0.088510
0.093018
0.092742
0.092541
0.090001
0.094267
0.094104
0.091278
0.090807
0.092241
0.091801
0.090941
0.088811
0.088955
0.091250
0.089373
0.092333
0.090901
0.089314
0.090044
0.089090
0.087535
0.087121
0.088503
0.085277
0.085905
0.086415
0.088079
0.086791
0.086222
0.087746
0.086284
0.088652
0.084855
0.085863
0.083890
0.083046
0.083809
0.082396
0.083823
0.082526
0.083633
0.083620
0.084390
0.085314
0.082667
0.081202
0.082355
0.080147
0.080030
0.081022
0.080684
0.078918
0.077475
0.080851
0.079881
0.081527
0.080831
0.078997
0.077892
0.077043
0.079009
0.078726
0.077374
0.076136
0.074223
0.074619
0.072557
0.076751
0.076235
0.077024
0.074512
0.074199
0.074125
0.072693
0.073302
0.072693
0.074472
0.072802
0.074076
0.070035
0.071219
0.069541
0.071003
0.072396
0.070379
0.071358
0.069555
0.067666
0.066792
0.068175
0.067634
0.068397
0.069180
0.067423
0.066136
0.067307
0.069475
0.065682
0.066155
0.064880
0.064621
0.064233
0.063576
0.063483
0.063336
0.065724
0.064918
0.062056
0.063426
0.062280
0.062718
0.062439
0.060933
0.059821
0.062549
0.057953
0.059917
0.060929
0.058699
0.063004
0.059810
0.059151
0.058939
0.056486
0.056692
0.056957
0.056656
0.057220
0.056670
0.055431
0.056075
0.055621
0.056210
0.055570
0.055219
0.055271
0.054357
0.055290
0.054287
0.053177
0.049081
0.052903
0.052269
0.050311
0.050086
0.050834
0.052447
0.053422
0.051719
0.051334
0.048987
0.049651
0.050811
0.047835
0.047907
0.047215
0.048228
0.046729
0.048429
0.046313
0.045906
0.047040
0.047153
0.046822
0.045690
0.044045
0.046174
0.044833
0.044986
0.045902
0.045022
0.043663
0.042004
0.042596
0.042196
0.041800
0.042523
0.039770
0.042416
0.040260
0.041312
0.041811
0.040635
0.041323
0.041974
0.041079
0.038679
0.037069
0.038573
0.037157
0.037364
0.038905
0.035593
0.036519
0.035775
0.036041
0.039527
0.036789
0.037706
0.036777
0.036579
0.035006
0.034620
0.033537
0.031848
0.033345
0.035744
0.031620
0.032341
0.034415
0.031795
0.034731
0.030871
0.032576
0.032586
0.032078
0.028488
0.030359
0.032039
0.031171
0.030704
0.030802
0.026639
0.028721
0.028284
0.029758
0.029761
0.030515
0.030149
0.027640
0.027650
0.023452
0.025040
0.028107
0.028187
0.027448
0.027528
0.026489
0.024767
0.026466
0.024475
0.024071
0.023686
0.023578
0.025005
0.025106
0.024416
0.024489
0.023789
0.020829
0.023337
0.022575
0.022211
0.022334
0.024138
0.022941
0.019124
0.021085
0.021949
0.021768
0.020073
0.020431
0.019403
0.019719
0.022011
0.019532
0.020041
0.021144
0.018729
0.018659
0.017402
0.017356
0.017609
0.019452
0.018871
0.020113
0.019000
0.017923
0.014888
0.016700
0.014364
0.014959
0.017550
0.017047
0.017904
0.016006
0.018526
0.016503
0.016556
0.017500
0.018272
0.020002
0.021808
0.026147
0.028514
0.031056
0.029089
0.031889


