M_loss: 1, M_sym: 4300.0, M_power: 9000, M_bandwidth: 22.3872113856834
-0.022663
-0.014029
-0.014414
-0.015788
-0.016224
-0.016535
-0.015445
-0.015644
-0.014547
-0.014888
-0.012314
-0.014618
-0.014337
-0.011706
-0.012054
-0.011295
-0.011050
-0.010184
-0.012059
-0.012695
-0.009119
-0.011262
-0.010774
-0.011548
-0.013409
-0.011379
-0.012261
-0.013539
-0.014213
-0.010716
-0.011314
-0.012070
-0.012017
-0.012562
-0.014086
-0.012501
-0.013319
-0.012274
-0.013637
-0.015503
-0.015423
-0.012425
-0.013117
-0.014401
-0.012455
-0.017024
-0.014198
-0.015622
-0.016592
-0.016562
-0.017268
-0.016747
-0.014921
-0.016306
-0.018567
-0.017611
-0.018708
-0.016664
-0.016705
-0.017333
-0.017605
-0.016797
-0.015711
-0.018150
-0.015831
-0.019913
-0.018144
-0.021938
-0.018439
-0.019915
-0.019453
-0.020932
-0.021324
-0.020861
-0.020634
-0.019680
-0.020921
-0.022337
-0.021197
-0.021161
-0.023829
-0.021465
-0.021965
-0.021748
-0.021002
-0.023497
-0.022783
-0.022167
-0.023684
-0.023252
-0.024864
-0.024743
-0.025939
-0.025825
-0.025422
-0.025891
-0.025945
-0.025902
-0.025698
-0.025707
-0.025758
-0.026207
-0.027009
-0.027728
-0.027538
-0.027595
-0.027390
-0.028945
-0.028357
-0.027152
-0.029145
-0.028216
-0.028636
-0.028126
-0.029127
-0.032116
-0.031818
-0.031139
-0.031346
-0.030035
-0.032826
-0.031755
-0.032593
-0.033101
-0.034333
-0.033569
-0.034219
-0.032155
-0.036423
-0.033123
-0.032084
-0.034587
-0.031907
-0.035106
-0.032830
-0.036471
-0.034298
-0.036099
-0.035859
-0.037657
-0.039182
-0.038590
-0.039593
-0.039373
-0.039264
-0.038645
-0.040195
-0.039650
-0.038369
-0.038392
-0.039827
-0.040621
-0.040345
-0.041014
-0.041070
-0.043681
-0.042066
-0.041098
-0.042564
-0.043552
-0.043963
-0.044161
-0.045165
-0.043993
-0.042978
-0.045567
-0.045110
-0.044928
-0.045663
-0.044792
-0.048745
-0.050323
-0.045981
-0.047758
-0.048023
-0.050135
-0.047925
-0.050577
-0.049979
-0.048027
-0.048670
-0.049410
-0.050468
-0.051628
-0.051043
-0.052328
-0.053747
-0.053716
-0.051683
-0.050486
-0.054398
-0.053444
-0.053555
-0.055858
-0.056654
-0.056097
-0.054576
-0.056715
-0.056958
-0.054643
-0.057123
-0.058578
-0.055604
-0.057676
-0.057485
-0.060018
-0.059894
-0.060364
-0.061690
-0.059719
-0.062822
-0.061260
-0.061682
-0.062230
-0.062625
-0.062108
-0.064249
-0.064674
-0.065805
-0.064175
-0.064392
-0.062566
-0.064932
-0.067006
-0.064098
-0.065412
-0.066750
-0.067286
-0.067228
-0.067658
-0.069672
-0.070360
-0.069378
-0.070905
-0.071199
-0.069093
-0.071339
-0.071446
-0.072519
-0.073042
-0.074392
-0.075579
-0.073507
-0.074397
-0.073822
-0.076322
-0.076972
-0.074947
-0.075774
-0.074238
-0.078647
-0.077630
-0.077889
-0.075728
-0.076091
-0.077670
-0.078035
-0.079038
-0.079166
-0.081895
-0.081389
-0.082173
-0.080843
-0.084345
-0.086462
-0.085435
-0.084415
-0.084539
-0.084953
-0.085317
-0.085872
-0.086654
-0.086076
-0.088079
-0.088331
-0.086871
-0.087705
-0.089640
-0.090698
-0.087481
-0.088204
-0.088227
-0.087552
-0.091047
-0.090416
-0.093610
-0.092072
-0.094836
-0.093984
-0.095972
-0.096146
-0.096844
-0.095871
-0.095139
-0.097506
-0.098882
-0.098963
-0.096177
-0.097862
-0.101050
-0.098839
-0.097417
-0.099975
-0.100725
-0.100943
-0.100940
-0.100442
-0.101152
-0.101112
-0.101381
-0.102423
-0.106014
-0.105903
-0.107535
-0.105812
-0.107302
-0.106390
-0.107214
-0.109056
-0.109310
-0.108870
-0.108629
-0.109852
-0.112224
-0.112472
-0.110209
-0.110144
-0.112115
-0.110408
-0.114108
-0.114599
-0.112268
-0.111356
-0.113878
-0.114904
-0.114500
-0.116934
-0.116458
-0.119446
-0.117368
-0.120765
-0.117785
-0.119624
-0.118653
-0.122216
-0.120891
-0.122527
-0.122842
-0.122203
-0.120350
-0.124387
-0.122564
-0.124197
-0.123672
-0.123447
-0.126338
-0.125447
-0.127594
-0.126917
-0.128128
-0.128348
-0.129967
-0.129116
-0.129030
-0.129012
-0.129833
-0.130763
-0.132864
-0.131982
-0.131816
-0.132401
-0.131777
-0.134683
-0.137209
-0.135019
-0.135356
-0.136090
-0.134905
-0.139515
-0.135310
-0.137656
-0.138213
-0.135737
-0.141860
-0.140681
-0.142032
-0.139741
-0.140534
-0.141829
-0.142210
-0.142953
-0.144082
-0.144454
-0.141800
-0.145527
-0.146544
-0.143082
-0.146837
-0.146483
-0.147561
-0.148159
-0.149240
-0.150218
-0.149625
-0.147097
-0.149393
-0.152703
-0.151045
-0.150339
-0.154871
-0.154172
-0.153796
-0.152804
-0.154929
-0.152069
-0.153815
-0.153765
-0.153793
-0.154469
-0.154844
-0.158088
-0.155887
-0.158924
-0.160061
-0.158796
-0.161782
-0.162997
-0.165001
-0.159959
-0.166042
-0.162781
-0.163921
-0.163533
-0.162144
-0.163289
-0.163902
-0.165743
-0.164244
-0.166019
-0.162257
-0.166646
-0.164914
-0.166276
-0.168176
-0.170717
-0.172110
-0.169202
-0.170912
-0.173460
-0.170380
-0.170581
-0.172571
-0.172352
-0.174593
-0.173752
-0.175041
-0.174221
-0.174869
-0.175635
-0.173745
-0.178044
-0.175505
-0.179752
-0.177141
-0.180448
-0.180461
-0.180638
-0.179169
-0.180272
-0.181942
-0.181826
-0.181993
-0.180931
-0.181392
-0.182849
-0.180289
-0.181274
-0.184113
-0.182804
-0.183461
-0.185443
-0.185416
-0.184810
-0.183896
-0.186764
-0.186346
-0.187429
-0.188587
-0.189824
-0.190576
-0.191416
-0.190485
-0.190481
-0.193192
-0.190683
-0.191380
-0.193712
-0.192203
-0.196067
-0.195820
-0.199551
-0.196536
-0.194418
-0.195874
-0.199740
-0.196945
-0.194381
-0.197055
-0.196372
-0.199687
-0.199532
-0.199539
-0.197672
-0.200447
-0.200604
-0.200188
-0.200913
-0.201856
-0.199312
-0.201354
-0.200186
-0.200866
-0.201587
-0.205329
-0.201603
-0.201963
-0.202707
-0.205202
-0.204280
-0.205558
-0.209072
-0.204542
-0.209345
-0.205596
-0.208589
-0.206273
-0.209366
-0.210552
-0.207753
-0.209907
-0.208521
-0.208953
-0.208426
-0.210619
-0.209068
-0.209950
-0.207286
-0.212500
-0.212035
-0.216723
-0.213485
-0.210865
-0.211338
-0.215939
-0.214292
-0.214751
-0.213309
-0.212786
-0.218272
-0.216457
-0.218838
-0.215296
-0.217095
-0.218537
-0.220599
-0.217998
-0.217029
-0.220523
-0.219051
-0.219893
-0.218395
-0.218969
-0.220947
-0.218335
-0.219137
-0.222635
-0.221671
-0.218217
-0.220774
-0.222043
-0.223859
-0.222800
-0.224088
-0.222149
-0.224990
-0.223154
-0.224912
-0.224392
-0.228811
-0.223444
-0.225918
-0.223104
-0.226322
-0.226114
-0.227631
-0.228490
-0.224804
-0.225885
-0.229704
-0.227492
-0.228373
-0.228984
-0.225617
-0.231377
-0.229088
-0.229216
-0.228771
-0.229834
-0.226658
-0.227165
-0.227569
-0.227274
-0.229213
-0.231384
-0.235494
-0.232879
-0.232564
-0.232338
-0.229474
-0.231332
-0.233302
-0.229011
-0.232043
-0.231276
-0.235091
-0.232442
-0.233714
-0.235035
-0.233788
-0.232069
-0.234081
-0.233047
-0.232726
-0.232523
-0.230924
-0.233330
-0.235056
-0.234759
-0.236515
-0.234955
-0.235969
-0.235587
-0.235817
-0.233207
-0.234224
-0.231961
-0.236074
-0.238453
-0.233091
-0.236113
-0.236031
-0.236330
-0.235399
-0.237397
-0.240858
-0.238371
-0.232584
-0.234791
-0.237347
-0.239191
-0.233513
-0.235855
-0.235569
-0.238735
-0.236837
-0.235207
-0.236888
-0.234946
-0.234559
-0.237027
-0.241237
-0.235903
-0.235794
-0.236416
-0.237189
-0.236970
-0.237272
-0.240540
-0.235447
-0.238328
-0.239183
-0.235379
-0.239629
-0.237542
-0.238281
-0.236151
-0.238818
-0.235645
-0.236204
-0.237373
-0.237724
-0.232592
-0.235943
-0.234876
-0.237269
-0.238533
-0.236090
-0.235872
-0.231816
-0.237577
-0.237853
-0.238869
-0.234563
-0.237068
-0.237153
-0.236322
-0.237911
-0.236856
-0.234136
-0.235550
-0.239148
-0.233612
-0.237243
-0.234120
-0.234931
-0.235253
-0.233230
-0.233721
-0.234886
-0.233196
-0.232418
-0.235632
-0.233496
-0.235409
-0.231912
-0.234080
-0.233184
-0.235276
-0.231780
-0.232512
-0.237745
-0.233772
-0.233191
-0.231885
-0.231271
-0.232126
-0.228573
-0.229229
-0.229298
-0.230759
-0.230442
-0.230177
-0.232493
-0.231034
-0.232444
-0.231035
-0.228930
-0.232197
-0.228962
-0.232062
-0.228855
-0.228993
-0.220932
-0.226095
-0.231662
-0.228785
-0.228743
-0.227255
-0.225913
-0.226314
-0.223251
-0.225506
-0.223539
-0.224740
-0.226210
-0.227065
-0.223102
-0.225310
-0.219044
-0.226601
-0.219610
-0.223582
-0.224546
-0.224341
-0.218479
-0.227055
-0.220057
-0.219370
-0.224074
-0.217723
-0.223031
-0.219637
-0.221306
-0.217656
-0.214590
-0.215000
-0.215955
-0.220544
-0.215022
-0.215450
-0.220827
-0.219027
-0.210580
-0.213623
-0.217421
-0.213621
-0.211707
-0.213642
-0.214267
-0.209151
-0.213290
-0.210230
-0.210238
-0.210953
-0.210089
-0.209552
-0.204778
-0.212802
-0.209634
-0.211710
-0.209249
-0.204543
-0.211820
-0.207130
-0.202794
-0.201470
-0.202819
-0.204472
-0.204802
-0.198289
-0.205638
-0.201899
-0.200881
-0.199548
-0.199226
-0.194957
-0.201121
-0.198376
-0.199160
-0.199059
-0.194733
-0.197364
-0.200287
-0.197950
-0.196407
-0.194036
-0.196433
-0.190922
-0.194924
-0.195170
-0.192059
-0.188111
-0.186753
-0.189632
-0.185592
-0.187023
-0.188440
-0.186374
-0.182944
-0.187925
-0.183061
-0.187496
-0.186794
-0.184417
-0.184438
-0.183355
-0.176557
-0.180524
-0.182251
-0.180397
-0.177935
-0.175732
-0.174818
-0.179483
-0.174972
-0.175699
-0.175962
-0.174013
-0.171635
-0.173556
-0.174931
-0.173052
-0.174356
-0.167913
-0.170656
-0.164803
-0.166450
-0.166623
-0.162002
-0.167666
-0.160005
-0.159783
-0.166383
-0.159264
-0.160209
-0.163087
-0.161461
-0.166320
-0.162527
-0.154656
-0.153146
-0.156058
-0.151546
-0.156589
-0.152237
-0.152190
-0.149530
-0.154074
-0.151530
-0.149457
-0.152472
-0.145611
-0.147565
-0.145832
-0.148115
-0.144612
-0.143442
-0.139820
-0.139309
-0.142621
-0.143323
-0.142087
-0.136798
-0.138591
-0.138639
-0.135729
-0.131846
-0.133333
-0.132931
-0.130193
-0.127039
-0.127223
-0.130926
-0.122337
-0.131238
-0.130643
-0.130210
-0.127384
-0.124977
-0.121495
-0.121359
-0.122663
-0.124255
-0.123225
-0.115956
-0.116463
-0.113753
-0.116057
-0.113584
-0.107203
-0.116597
-0.113208
-0.111967
-0.108737
-0.106210
-0.106143
-0.105793
-0.104901
-0.103886
-0.107169
-0.103352
-0.102088
-0.101205
-0.102886
-0.097882
-0.096238
-0.096726
-0.093390
-0.088849
-0.094145
-0.093039
-0.090893
-0.087056
-0.087521
-0.089219
-0.095326
-0.086026
-0.082789
-0.081615
-0.083070
-0.082345
-0.079901
-0.082836
-0.085910
-0.079110
-0.070959
-0.075291
-0.072473
-0.071833
-0.069190
-0.074090
-0.068641
-0.069873
-0.067986
-0.066844
-0.064481
-0.064795
-0.064582
-0.064165
-0.057668
-0.056891
-0.055439
-0.055081
-0.052573
-0.055750
-0.056020
-0.046139
-0.049680
-0.054392
-0.047853
-0.049525
-0.046508
-0.045120
-0.041531
-0.041333
-0.043960
-0.041033
-0.041811
-0.039028
-0.037365
-0.038165
-0.033360
-0.031194
-0.033978
-0.027142
-0.024669
-0.029257
-0.028016
-0.028911
-0.026460
-0.020314
-0.025354
-0.021678
-0.022366
-0.016061
-0.019980
-0.013133
-0.014013
-0.014223
-0.007826
-0.013970
-0.008164
-0.006912
-0.008476
-0.012650
-0.002750
-0.006538
-0.002195
0.002618
-0.001077
0.002376
0.006022
0.004962
0.006110
0.010781
0.008098
0.008049
0.014080
0.013821
0.011050
0.015074
0.017751
0.015366
0.016511
0.022443
0.023179
0.022009
0.021454
0.024919
0.030587
0.028820
0.031383
0.032344
0.033271
0.034870
0.034693
0.038930
0.034030
0.037810
0.042367
0.045235
0.041282
0.043156
0.046236
0.050862
0.053354
0.050031
0.050194
0.049529
0.052658
0.058078
0.057603
0.060535
0.059786
0.059900
0.064522
0.063438
0.068238
0.067594
0.069744
0.064612
0.078440
0.074973
0.073483
0.079051
0.078123
0.073757
0.083159
0.079682
0.083763
0.089490
0.083141
0.084108
0.083926
0.095944
0.090764
0.094255
0.096696
0.097370
0.094681
0.098750
0.098908
0.107796
0.103252
0.098552
0.106156
0.102710
0.108099
0.115431
0.113750
0.112772
0.119351
0.116676
0.118873
0.117036
0.123516
0.122574
0.124838
0.126255
0.130552
0.130597
0.128124
0.129943
0.130231
0.132596
0.132444
0.134659
0.139318
0.140581
0.145374
0.148748
0.148170
0.142354
0.148905
0.149774
0.150351
0.154756
0.155888
0.152804
0.157594
0.162565
0.162720
0.158785
0.157833
0.165545
0.163403
0.170404
0.172569
0.172457
0.167540
0.178545
0.179298
0.175735
0.173668
0.175345
0.186872
0.180575
0.189810
0.184013
0.190896
0.189577
0.193708
0.195397
0.193001
0.197545
0.197526
0.197894
0.203124
0.197163
0.206715
0.203628
0.204126
0.206493
0.205682
0.216227
0.210293
0.218072
0.212491
0.219896
0.221350
0.221781
0.218934
0.226535
0.223436
0.233106
0.227576
0.231300
0.235189
0.229968
0.228693
0.238178
0.235648
0.235235
0.250862
0.245277
0.246834
0.243113
0.245466
0.251868
0.251026
0.249820
0.249829
0.256711
0.254552
0.260147
0.267781
0.256916
0.265603
0.265154
0.264781
0.267107
0.270751
0.276957
0.272138
0.266992
0.274730
0.275647
0.282673
0.276676
0.280213
0.281719
0.284778
0.295068
0.289867
0.287308
0.293692
0.297466
0.293742
0.296197
0.304750
0.297600
0.302155
0.304835
0.299726
0.300409
0.308089
0.306376
0.308261
0.313261
0.311308
0.319861
0.324017
0.312862
0.326168
0.318831
0.322011
0.327587
0.319720
0.331069
0.330068
0.328526
0.332914
0.336218
0.341259
0.334797
0.339000
0.343079
0.338270
0.339292
0.344083
0.350460
0.347178
0.355809
0.351180
0.355327
0.358700
0.354853
0.361641
0.360113
0.355373
0.359503
0.363274
0.367851
0.362633
0.366842
0.367234
0.374429
0.372625
0.375960
0.379804
0.382042
0.382923
0.382630
0.381884
0.380991
0.391500
0.387954
0.393037
0.388152
0.386733
0.394634
0.390322
0.396554
0.405394
0.395865
0.399255
0.406012
0.403521
0.409889
0.406397
0.403350
0.411009
0.418027
0.409904
0.418914
0.421157
0.421912
0.417421
0.416293
0.425499
0.416849
0.429413
0.430013
0.430624
0.433072
0.433442
0.430484
0.434837
0.437817
0.437926
0.440223
0.441091
0.443637
0.446574
0.449679
0.449028
0.443548
0.448413
0.450763
0.452701
0.453066
0.460436
0.459120
0.461450
0.461266
0.457166
0.461907
0.467452
0.473801
0.465761
0.472281
0.469509
0.469279
0.477342
0.475411
0.480931
0.478528
0.476159
0.486659
0.483084
0.484561
0.489925
0.488604
0.489519
0.495503
0.483555
0.492291
0.486349
0.501466
0.498812
0.503764
0.498333
0.507985
0.503135
0.515143
0.500401
0.503616
0.505849
0.509827
0.511453
0.515025
0.513048
0.519578
0.513247
0.525981
0.518148
0.524446
0.528335
0.521513
0.522623
0.526443
0.527274
0.537799
0.533441
0.535995
0.534572
0.544448
0.543793
0.532082
0.539080
0.539280
0.540858
0.543658
0.544848
0.548092
0.546363
0.553430
0.554052
0.549329
0.550912
0.551392
0.557850
0.558908
0.560523
0.571558
0.563182
0.560846
0.558970
0.567375
0.565598
0.572739
0.570994
0.571993
0.576588
0.571146
0.573156
0.584835
0.580771
0.576614
0.581152
0.582903
0.586579
0.580229
0.579077
0.590665
0.588712
0.593181
0.589155
0.596256
0.596455
0.588528
0.595917
0.594395
0.597005
0.599437
0.607677
0.600542
0.605227
0.608118
0.610676
0.608716
0.605173
0.607269
0.607910
0.605536
0.625758
0.615676
0.617865
0.614403
0.621336
0.624386
0.619196
0.624445
0.622373
0.621708
0.621941
0.629043
0.624978
0.631940
0.639369
0.628986
0.628706
0.644039
0.638899
0.630485
0.642297
0.640377
0.641419
0.636764
0.639555
0.638420
0.644784
0.645518
0.646636
0.643932
0.653028
0.655971
0.656435
0.650413
0.655894
0.658713
0.654220
0.651294
0.660619
0.654945
0.652158
0.658653
0.672204
0.665865
0.665335
0.661473
0.671739
0.667102
0.674533
0.666166
0.668491
0.672420
0.676556
0.671908
0.679080
0.679052
0.674453
0.678770
0.684481
0.682253
0.672811
0.683156
0.687659
0.680899
0.695979
0.689583
0.684463
0.687478
0.697129
0.686564
0.688800
0.688719
0.689008
0.701166
0.701180
0.694756
0.694675
0.699425
0.698809
0.699934
0.704884
0.704054
0.705958
0.701545
0.703967
0.710499
0.703218
0.714442
0.701734
0.710987
0.711167
0.708811
0.721012
0.711892
0.714434
0.712910
0.713223
0.709800
0.725350
0.723503
0.714482
0.723712
0.718909
0.726679
0.720678
0.730340
0.723854
0.721344
0.732914
0.724427
0.725842
0.727809
0.735461
0.734975
0.732373
0.732457
0.734436
0.730829
0.726470
0.732144
0.742030
0.745955
0.742944
0.729972
0.744977
0.735983
0.739074
0.745009
0.745960
0.747266
0.742442
0.745361
0.745518
0.737997
0.744994
0.751444
0.745930
0.751810
0.750008
0.754916
0.751747
0.753999
0.755362
0.756743
0.756709
0.745700
0.757823
0.755395
0.762301
0.759957
0.755081
0.761984
0.767512
0.755693
0.754701
0.755998
0.772522
0.768347
0.761664
0.756622
0.765240
0.771729
0.767366
0.765470
0.768109
0.766901
0.769573
0.768016
0.768111
0.770471
0.770174
0.776172
0.777305
0.774941
0.765010
0.766477
0.774139
0.776429
0.783657
0.769166
0.789056
0.786546
0.768413
0.774212
0.773603
0.786050
0.787464
0.772553
0.780645
0.777877
0.780875
0.783076
0.785525
0.783581
0.789815
0.781273
0.788589
0.776704
0.792469
0.784962
0.784440
0.786367
0.783564
0.789624
0.784448
0.788047
0.785091
0.788430
0.793816
0.793578
0.797096
0.795237
0.787321
0.794370
0.790653
0.787103
0.796053
0.793467
0.791771
0.794949
0.790454
0.802211
0.797625
0.793290
0.798196
0.798318
0.792189
0.796256
0.791962
0.789805
0.802005
0.801125
0.798709
0.801892
0.797863
0.801524
0.797245
0.799948
0.805498
0.800395
0.802844
0.800539
0.800977
0.796960
0.791229
0.804194
0.798000
0.812591
0.801337
0.806450
0.806013
0.801052
0.800771
0.804632
0.806888
0.800045
0.813650
0.805020
0.796376
0.795396
0.815725
0.795518
0.817333
0.797863
0.804417
0.803590
0.808380
0.811986
0.811375
0.804060
0.804760
0.800188
0.811030
0.812477
0.806166
0.805013
0.808283
0.795792
0.799540
0.813693
0.809631
0.807590
0.817886
0.809343
0.799282
0.812101
0.800585
0.809226
0.804896
0.810230
0.813166
0.805738
0.807601
0.811238
0.807891
0.798618
0.807891
0.811238
0.807601
0.805738
0.813166
0.810230
0.804896
0.809226
0.800585
0.812101
0.799282
0.809343
0.817886
0.807590
0.809631
0.813693
0.799540
0.795792
0.808283
0.805013
0.806166
0.812477
0.811030
0.800188
0.804760
0.804060
0.811375
0.811986
0.808380
0.803590
0.804417
0.797863
0.817333
0.795518
0.815725
0.795396
0.796376
0.805020
0.813650
0.800045
0.806888
0.804632
0.800771
0.801052
0.806013
0.806450
0.801337
0.812591
0.798000
0.804194
0.791229
0.796960
0.800977
0.800539
0.802844
0.800395
0.805498
0.799948
0.797245
0.801524
0.797863
0.801892
0.798709
0.801125
0.802005
0.789805
0.791962
0.796256
0.792189
0.798318
0.798196
0.793290
0.797625
0.802211
0.790454
0.794949
0.791771
0.793467
0.796053
0.787103
0.790653
0.794370
0.787321
0.795237
0.797096
0.793578
0.793816
0.788430
0.785091
0.788047
0.784448
0.789624
0.783564
0.786367
0.784440
0.784962
0.792469
0.776704
0.788589
0.781273
0.789815
0.783581
0.785525
0.783076
0.780875
0.777877
0.780645
0.772553
0.787464
0.786050
0.773603
0.774212
0.768413
0.786546
0.789056
0.769166
0.783657
0.776429
0.774139
0.766477
0.765010
0.774941
0.777305
0.776172
0.770174
0.770471
0.768111
0.768016
0.769573
0.766901
0.768109
0.765470
0.767366
0.771729
0.765240
0.756622
0.761664
0.768347
0.772522
0.755998
0.754701
0.755693
0.767512
0.761984
0.755081
0.759957
0.762301
0.755395
0.757823
0.745700
0.756709
0.756743
0.755362
0.753999
0.751747
0.754916
0.750008
0.751810
0.745930
0.751444
0.744994
0.737997
0.745518
0.745361
0.742442
0.747266
0.745960
0.745009
0.739074
0.735983
0.744977
0.729972
0.742944
0.745955
0.742030
0.732144
0.726470
0.730829
0.734436
0.732457
0.732373
0.734975
0.735461
0.727809
0.725842
0.724427
0.732914
0.721344
0.723854
0.730340
0.720678
0.726679
0.718909
0.723712
0.714482
0.723503
0.725350
0.709800
0.713223
0.712910
0.714434
0.711892
0.721012
0.708811
0.711167
0.710987
0.701734
0.714442
0.703218
0.710499
0.703967
0.701545
0.705958
0.704054
0.704884
0.699934
0.698809
0.699425
0.694675
0.694756
0.701180
0.701166
0.689008
0.688719
0.688800
0.686564
0.697129
0.687478
0.684463
0.689583
0.695979
0.680899
0.687659
0.683156
0.672811
0.682253
0.684481
0.678770
0.674453
0.679052
0.679080
0.671908
0.676556
0.672420
0.668491
0.666166
0.674533
0.667102
0.671739
0.661473
0.665335
0.665865
0.672204
0.658653
0.652158
0.654945
0.660619
0.651294
0.654220
0.658713
0.655894
0.650413
0.656435
0.655971
0.653028
0.643932
0.646636
0.645518
0.644784
0.638420
0.639555
0.636764
0.641419
0.640377
0.642297
0.630485
0.638899
0.644039
0.628706
0.628986
0.639369
0.631940
0.624978
0.629043
0.621941
0.621708
0.622373
0.624445
0.619196
0.624386
0.621336
0.614403
0.617865
0.615676
0.625758
0.605536
0.607910
0.607269
0.605173
0.608716
0.610676
0.608118
0.605227
0.600542
0.607677
0.599437
0.597005
0.594395
0.595917
0.588528
0.596455
0.596256
0.589155
0.593181
0.588712
0.590665
0.579077
0.580229
0.586579
0.582903
0.581152
0.576614
0.580771
0.584835
0.573156
0.571146
0.576588
0.571993
0.570994
0.572739
0.565598
0.567375
0.558970
0.560846
0.563182
0.571558
0.560523
0.558908
0.557850
0.551392
0.550912
0.549329
0.554052
0.553430
0.546363
0.548092
0.544848
0.543658
0.540858
0.539280
0.539080
0.532082
0.543793
0.544448
0.534572
0.535995
0.533441
0.537799
0.527274
0.526443
0.522623
0.521513
0.528335
0.524446
0.518148
0.525981
0.513247
0.519578
0.513048
0.515025
0.511453
0.509827
0.505849
0.503616
0.500401
0.515143
0.503135
0.507985
0.498333
0.503764
0.498812
0.501466
0.486349
0.492291
0.483555
0.495503
0.489519
0.488604
0.489925
0.484561
0.483084
0.486659
0.476159
0.478528
0.480931
0.475411
0.477342
0.469279
0.469509
0.472281
0.465761
0.473801
0.467452
0.461907
0.457166
0.461266
0.461450
0.459120
0.460436
0.453066
0.452701
0.450763
0.448413
0.443548
0.449028
0.449679
0.446574
0.443637
0.441091
0.440223
0.437926
0.437817
0.434837
0.430484
0.433442
0.433072
0.430624
0.430013
0.429413
0.416849
0.425499
0.416293
0.417421
0.421912
0.421157
0.418914
0.409904
0.418027
0.411009
0.403350
0.406397
0.409889
0.403521
0.406012
0.399255
0.395865
0.405394
0.396554
0.390322
0.394634
0.386733
0.388152
0.393037
0.387954
0.391500
0.380991
0.381884
0.382630
0.382923
0.382042
0.379804
0.375960
0.372625
0.374429
0.367234
0.366842
0.362633
0.367851
0.363274
0.359503
0.355373
0.360113
0.361641
0.354853
0.358700
0.355327
0.351180
0.355809
0.347178
0.350460
0.344083
0.339292
0.338270
0.343079
0.339000
0.334797
0.341259
0.336218
0.332914
0.328526
0.330068
0.331069
0.319720
0.327587
0.322011
0.318831
0.326168
0.312862
0.324017
0.319861
0.311308
0.313261
0.308261
0.306376
0.308089
0.300409
0.299726
0.304835
0.302155
0.297600
0.304750
0.296197
0.293742
0.297466
0.293692
0.287308
0.289867
0.295068
0.284778
0.281719
0.280213
0.276676
0.282673
0.275647
0.274730
0.266992
0.272138
0.276957
0.270751
0.267107
0.264781
0.265154
0.265603
0.256916
0.267781
0.260147
0.254552
0.256711
0.249829
0.249820
0.251026
0.251868
0.245466
0.243113
0.246834
0.245277
0.250862
0.235235
0.235648
0.238178
0.228693
0.229968
0.235189
0.231300
0.227576
0.233106
0.223436
0.226535
0.218934
0.221781
0.221350
0.219896
0.212491
0.218072
0.210293
0.216227
0.205682
0.206493
0.204126
0.203628
0.206715
0.197163
0.203124
0.197894
0.197526
0.197545
0.193001
0.195397
0.193708
0.189577
0.190896
0.184013
0.189810
0.180575
0.186872
0.175345
0.173668
0.175735
0.179298
0.178545
0.167540
0.172457
0.172569
0.170404
0.163403
0.165545
0.157833
0.158785
0.162720
0.162565
0.157594
0.152804
0.155888
0.154756
0.150351
0.149774
0.148905
0.142354
0.148170
0.148748
0.145374
0.140581
0.139318
0.134659
0.132444
0.132596
0.130231
0.129943
0.128124
0.130597
0.130552
0.126255
0.124838
0.122574
0.123516
0.117036
0.118873
0.116676
0.119351
0.112772
0.113750
0.115431
0.108099
0.102710
0.106156
0.098552
0.103252
0.107796
0.098908
0.098750
0.094681
0.097370
0.096696
0.094255
0.090764
0.095944
0.083926
0.084108
0.083141
0.089490
0.083763
0.079682
0.083159
0.073757
0.078123
0.079051
0.073483
0.074973
0.078440
0.064612
0.069744
0.067594
0.068238
0.063438
0.064522
0.059900
0.059786
0.060535
0.057603
0.058078
0.052658
0.049529
0.050194
0.050031
0.053354
0.050862
0.046236
0.043156
0.041282
0.045235
0.042367
0.037810
0.034030
0.038930
0.034693
0.034870
0.033271
0.032344
0.031383
0.028820
0.030587
0.024919
0.021454
0.022009
0.023179
0.022443
0.016511
0.015366
0.017751
0.015074
0.011050
0.013821
0.014080
0.008049
0.008098
0.010781
0.006110
0.004962
0.006022
0.002376
-0.001077
0.002618
-0.002195
-0.006538
-0.002750
-0.012650
-0.008476
-0.006912
-0.008164
-0.013970
-0.007826
-0.014223
-0.014013
-0.013133
-0.019980
-0.016061
-0.022366
-0.021678
-0.025354
-0.020314
-0.026460
-0.028911
-0.028016
-0.029257
-0.024669
-0.027142
-0.033978
-0.031194
-0.033360
-0.038165
-0.037365
-0.039028
-0.041811
-0.041033
-0.043960
-0.041333
-0.041531
-0.045120
-0.046508
-0.049525
-0.047853
-0.054392
-0.049680
-0.046139
-0.056020
-0.055750
-0.052573
-0.055081
-0.055439
-0.056891
-0.057668
-0.064165
-0.064582
-0.064795
-0.064481
-0.066844
-0.067986
-0.069873
-0.068641
-0.074090
-0.069190
-0.071833
-0.072473
-0.075291
-0.070959
-0.079110
-0.085910
-0.082836
-0.079901
-0.082345
-0.083070
-0.081615
-0.082789
-0.086026
-0.095326
-0.089219
-0.087521
-0.087056
-0.090893
-0.093039
-0.094145
-0.088849
-0.093390
-0.096726
-0.096238
-0.097882
-0.102886
-0.101205
-0.102088
-0.103352
-0.107169
-0.103886
-0.104901
-0.105793
-0.106143
-0.106210
-0.108737
-0.111967
-0.113208
-0.116597
-0.107203
-0.113584
-0.116057
-0.113753
-0.116463
-0.115956
-0.123225
-0.124255
-0.122663
-0.121359
-0.121495
-0.124977
-0.127384
-0.130210
-0.130643
-0.131238
-0.122337
-0.130926
-0.127223
-0.127039
-0.130193
-0.132931
-0.133333
-0.131846
-0.135729
-0.138639
-0.138591
-0.136798
-0.142087
-0.143323
-0.142621
-0.139309
-0.139820
-0.143442
-0.144612
-0.148115
-0.145832
-0.147565
-0.145611
-0.152472
-0.149457
-0.151530
-0.154074
-0.149530
-0.152190
-0.152237
-0.156589
-0.151546
-0.156058
-0.153146
-0.154656
-0.162527
-0.166320
-0.161461
-0.163087
-0.160209
-0.159264
-0.166383
-0.159783
-0.160005
-0.167666
-0.162002
-0.166623
-0.166450
-0.164803
-0.170656
-0.167913
-0.174356
-0.173052
-0.174931
-0.173556
-0.171635
-0.174013
-0.175962
-0.175699
-0.174972
-0.179483
-0.174818
-0.175732
-0.177935
-0.180397
-0.182251
-0.180524
-0.176557
-0.183355
-0.184438
-0.184417
-0.186794
-0.187496
-0.183061
-0.187925
-0.182944
-0.186374
-0.188440
-0.187023
-0.185592
-0.189632
-0.186753
-0.188111
-0.192059
-0.195170
-0.194924
-0.190922
-0.196433
-0.194036
-0.196407
-0.197950
-0.200287
-0.197364
-0.194733
-0.199059
-0.199160
-0.198376
-0.201121
-0.194957
-0.199226
-0.199548
-0.200881
-0.201899
-0.205638
-0.198289
-0.204802
-0.204472
-0.202819
-0.201470
-0.202794
-0.207130
-0.211820
-0.204543
-0.209249
-0.211710
-0.209634
-0.212802
-0.204778
-0.209552
-0.210089
-0.210953
-0.210238
-0.210230
-0.213290
-0.209151
-0.214267
-0.213642
-0.211707
-0.213621
-0.217421
-0.213623
-0.210580
-0.219027
-0.220827
-0.215450
-0.215022
-0.220544
-0.215955
-0.215000
-0.214590
-0.217656
-0.221306
-0.219637
-0.223031
-0.217723
-0.224074
-0.219370
-0.220057
-0.227055
-0.218479
-0.224341
-0.224546
-0.223582
-0.219610
-0.226601
-0.219044
-0.225310
-0.223102
-0.227065
-0.226210
-0.224740
-0.223539
-0.225506
-0.223251
-0.226314
-0.225913
-0.227255
-0.228743
-0.228785
-0.231662
-0.226095
-0.220932
-0.228993
-0.228855
-0.232062
-0.228962
-0.232197
-0.228930
-0.231035
-0.232444
-0.231034
-0.232493
-0.230177
-0.230442
-0.230759
-0.229298
-0.229229
-0.228573
-0.232126
-0.231271
-0.231885
-0.233191
-0.233772
-0.237745
-0.232512
-0.231780
-0.235276
-0.233184
-0.234080
-0.231912
-0.235409
-0.233496
-0.235632
-0.232418
-0.233196
-0.234886
-0.233721
-0.233230
-0.235253
-0.234931
-0.234120
-0.237243
-0.233612
-0.239148
-0.235550
-0.234136
-0.236856
-0.237911
-0.236322
-0.237153
-0.237068
-0.234563
-0.238869
-0.237853
-0.237577
-0.231816
-0.235872
-0.236090
-0.238533
-0.237269
-0.234876
-0.235943
-0.232592
-0.237724
-0.237373
-0.236204
-0.235645
-0.238818
-0.236151
-0.238281
-0.237542
-0.239629
-0.235379
-0.239183
-0.238328
-0.235447
-0.240540
-0.237272
-0.236970
-0.237189
-0.236416
-0.235794
-0.235903
-0.241237
-0.237027
-0.234559
-0.234946
-0.236888
-0.235207
-0.236837
-0.238735
-0.235569
-0.235855
-0.233513
-0.239191
-0.237347
-0.234791
-0.232584
-0.238371
-0.240858
-0.237397
-0.235399
-0.236330
-0.236031
-0.236113
-0.233091
-0.238453
-0.236074
-0.231961
-0.234224
-0.233207
-0.235817
-0.235587
-0.235969
-0.234955
-0.236515
-0.234759
-0.235056
-0.233330
-0.230924
-0.232523
-0.232726
-0.233047
-0.234081
-0.232069
-0.233788
-0.235035
-0.233714
-0.232442
-0.235091
-0.231276
-0.232043
-0.229011
-0.233302
-0.231332
-0.229474
-0.232338
-0.232564
-0.232879
-0.235494
-0.231384
-0.229213
-0.227274
-0.227569
-0.227165
-0.226658
-0.229834
-0.228771
-0.229216
-0.229088
-0.231377
-0.225617
-0.228984
-0.228373
-0.227492
-0.229704
-0.225885
-0.224804
-0.228490
-0.227631
-0.226114
-0.226322
-0.223104
-0.225918
-0.223444
-0.228811
-0.224392
-0.224912
-0.223154
-0.224990
-0.222149
-0.224088
-0.222800
-0.223859
-0.222043
-0.220774
-0.218217
-0.221671
-0.222635
-0.219137
-0.218335
-0.220947
-0.218969
-0.218395
-0.219893
-0.219051
-0.220523
-0.217029
-0.217998
-0.220599
-0.218537
-0.217095
-0.215296
-0.218838
-0.216457
-0.218272
-0.212786
-0.213309
-0.214751
-0.214292
-0.215939
-0.211338
-0.210865
-0.213485
-0.216723
-0.212035
-0.212500
-0.207286
-0.209950
-0.209068
-0.210619
-0.208426
-0.208953
-0.208521
-0.209907
-0.207753
-0.210552
-0.209366
-0.206273
-0.208589
-0.205596
-0.209345
-0.204542
-0.209072
-0.205558
-0.204280
-0.205202
-0.202707
-0.201963
-0.201603
-0.205329
-0.201587
-0.200866
-0.200186
-0.201354
-0.199312
-0.201856
-0.200913
-0.200188
-0.200604
-0.200447
-0.197672
-0.199539
-0.199532
-0.199687
-0.196372
-0.197055
-0.194381
-0.196945
-0.199740
-0.195874
-0.194418
-0.196536
-0.199551
-0.195820
-0.196067
-0.192203
-0.193712
-0.191380
-0.190683
-0.193192
-0.190481
-0.190485
-0.191416
-0.190576
-0.189824
-0.188587
-0.187429
-0.186346
-0.186764
-0.183896
-0.184810
-0.185416
-0.185443
-0.183461
-0.182804
-0.184113
-0.181274
-0.180289
-0.182849
-0.181392
-0.180931
-0.181993
-0.181826
-0.181942
-0.180272
-0.179169
-0.180638
-0.180461
-0.180448
-0.177141
-0.179752
-0.175505
-0.178044
-0.173745
-0.175635
-0.174869
-0.174221
-0.175041
-0.173752
-0.174593
-0.172352
-0.172571
-0.170581
-0.170380
-0.173460
-0.170912
-0.169202
-0.172110
-0.170717
-0.168176
-0.166276
-0.164914
-0.166646
-0.162257
-0.166019
-0.164244
-0.165743
-0.163902
-0.163289
-0.162144
-0.163533
-0.163921
-0.162781
-0.166042
-0.159959
-0.165001
-0.162997
-0.161782
-0.158796
-0.160061
-0.158924
-0.155887
-0.158088
-0.154844
-0.154469
-0.153793
-0.153765
-0.153815
-0.152069
-0.154929
-0.152804
-0.153796
-0.154172
-0.154871
-0.150339
-0.151045
-0.152703
-0.149393
-0.147097
-0.149625
-0.150218
-0.149240
-0.148159
-0.147561
-0.146483
-0.146837
-0.143082
-0.146544
-0.145527
-0.141800
-0.144454
-0.144082
-0.142953
-0.142210
-0.141829
-0.140534
-0.139741
-0.142032
-0.140681
-0.141860
-0.135737
-0.138213
-0.137656
-0.135310
-0.139515
-0.134905
-0.136090
-0.135356
-0.135019
-0.137209
-0.134683
-0.131777
-0.132401
-0.131816
-0.131982
-0.132864
-0.130763
-0.129833
-0.129012
-0.129030
-0.129116
-0.129967
-0.128348
-0.128128
-0.126917
-0.127594
-0.125447
-0.126338
-0.123447
-0.123672
-0.124197
-0.122564
-0.124387
-0.120350
-0.122203
-0.122842
-0.122527
-0.120891
-0.122216
-0.118653
-0.119624
-0.117785
-0.120765
-0.117368
-0.119446
-0.116458
-0.116934
-0.114500
-0.114904
-0.113878
-0.111356
-0.112268
-0.114599
-0.114108
-0.110408
-0.112115
-0.110144
-0.110209
-0.112472
-0.112224
-0.109852
-0.108629
-0.108870
-0.109310
-0.109056
-0.107214
-0.106390
-0.107302
-0.105812
-0.107535
-0.105903
-0.106014
-0.102423
-0.101381
-0.101112
-0.101152
-0.100442
-0.100940
-0.100943
-0.100725
-0.099975
-0.097417
-0.098839
-0.101050
-0.097862
-0.096177
-0.098963
-0.098882
-0.097506
-0.095139
-0.095871
-0.096844
-0.096146
-0.095972
-0.093984
-0.094836
-0.092072
-0.093610
-0.090416
-0.091047
-0.087552
-0.088227
-0.088204
-0.087481
-0.090698
-0.089640
-0.087705
-0.086871
-0.088331
-0.088079
-0.086076
-0.086654
-0.085872
-0.085317
-0.084953
-0.084539
-0.084415
-0.085435
-0.086462
-0.084345
-0.080843
-0.082173
-0.081389
-0.081895
-0.079166
-0.079038
-0.078035
-0.077670
-0.076091
-0.075728
-0.077889
-0.077630
-0.078647
-0.074238
-0.075774
-0.074947
-0.076972
-0.076322
-0.073822
-0.074397
-0.073507
-0.075579
-0.074392
-0.073042
-0.072519
-0.071446
-0.071339
-0.069093
-0.071199
-0.070905
-0.069378
-0.070360
-0.069672
-0.067658
-0.067228
-0.067286
-0.066750
-0.065412
-0.064098
-0.067006
-0.064932
-0.062566
-0.064392
-0.064175
-0.065805
-0.064674
-0.064249
-0.062108
-0.062625
-0.062230
-0.061682
-0.061260
-0.062822
-0.059719
-0.061690
-0.060364
-0.059894
-0.060018
-0.057485
-0.057676
-0.055604
-0.058578
-0.057123
-0.054643
-0.056958
-0.056715
-0.054576
-0.056097
-0.056654
-0.055858
-0.053555
-0.053444
-0.054398
-0.050486
-0.051683
-0.053716
-0.053747
-0.052328
-0.051043
-0.051628
-0.050468
-0.049410
-0.048670
-0.048027
-0.049979
-0.050577
-0.047925
-0.050135
-0.048023
-0.047758
-0.045981
-0.050323
-0.048745
-0.044792
-0.045663
-0.044928
-0.045110
-0.045567
-0.042978
-0.043993
-0.045165
-0.044161
-0.043963
-0.043552
-0.042564
-0.041098
-0.042066
-0.043681
-0.041070
-0.041014
-0.040345
-0.040621
-0.039827
-0.038392
-0.038369
-0.039650
-0.040195
-0.038645
-0.039264
-0.039373
-0.039593
-0.038590
-0.039182
-0.037657
-0.035859
-0.036099
-0.034298
-0.036471
-0.032830
-0.035106
-0.031907
-0.034587
-0.032084
-0.033123
-0.036423
-0.032155
-0.034219
-0.033569
-0.034333
-0.033101
-0.032593
-0.031755
-0.032826
-0.030035
-0.031346
-0.031139
-0.031818
-0.032116
-0.029127
-0.028126
-0.028636
-0.028216
-0.029145
-0.027152
-0.028357
-0.028945
-0.027390
-0.027595
-0.027538
-0.027728
-0.027009
-0.026207
-0.025758
-0.025707
-0.025698
-0.025902
-0.025945
-0.025891
-0.025422
-0.025825
-0.025939
-0.024743
-0.024864
-0.023252
-0.023684
-0.022167
-0.022783
-0.023497
-0.021002
-0.021748
-0.021965
-0.021465
-0.023829
-0.021161
-0.021197
-0.022337
-0.020921
-0.019680
-0.020634
-0.020861
-0.021324
-0.020932
-0.019453
-0.019915
-0.018439
-0.021938
-0.018144
-0.019913
-0.015831
-0.018150
-0.015711
-0.016797
-0.017605
-0.017333
-0.016705
-0.016664
-0.018708
-0.017611
-0.018567
-0.016306
-0.014921
-0.016747
-0.017268
-0.016562
-0.016592
-0.015622
-0.014198
-0.017024
-0.012455
-0.014401
-0.013117
-0.012425
-0.015423
-0.015503
-0.013637
-0.012274
-0.013319
-0.012501
-0.014086
-0.012562
-0.012017
-0.012070
-0.011314
-0.010716
-0.014213
-0.013539
-0.012261
-0.011379
-0.013409
-0.011548
-0.010774
-0.011262
-0.009119
-0.012695
-0.012059
-0.010184
-0.011050
-0.011295
-0.012054
-0.011706
-0.014337
-0.014618
-0.012314
-0.014888
-0.014547
-0.015644
-0.015445
-0.016535
-0.016224
-0.015788
-0.014414
-0.014029
-0.022663


